5.240765293806408	4.934001067533533	4.932592131024319	5.228519391545113	5.6385153332247615	4.883383012762968	5.435226174973499	4.865775124503779	5.6708421178861865	1.1192174156734331	4.199508129309168	5.30565904218237	4.939379218538672	4.846162678132366	5.119660325425377	5.785406515297669	4.797268113613152	5.643251966364503	5.676488217343552	4.846977110220428	5.683233144328439	5.18172885749958	5.687199569677456	4.985144547447152	5.191806080897978
5.30151185809373	5.152113723269023	4.81713760996472	5.296004548512476	5.568417174968235	4.937947503350514	5.45041944176376	4.902043580630661	5.602740635728332	1.1956743454740622	5.355105677225874	5.270802415186161	5.056191623758872	4.827966545503244	5.222532860055282	5.737165459377453	4.641168012451458	5.610497246083055	5.494722895628585	4.815045396388545	5.632843927703642	5.0315464732138215	5.762750222748542	5.020670195424126	5.048802167415111
5.287714473297118	5.2011266909526395	4.923690874248106	5.338320125983047	5.632198364215335	4.9606891431966105	5.364664782605636	5.154292803182016	5.539206226792244	1.3342165469980223	5.415110232592894	5.201609845172994	4.980326750255014	4.743813808456543	5.2769171806544914	5.70980194168152	4.692005287088623	5.614677449202929	5.706049049965606	4.858959795627241	5.512558589364498	5.008515490435053	5.754012003238629	4.779616393407319	5.272649528643244
5.367427836272709	5.153653734942362	4.897663552240867	5.38596541904455	5.5705019930891675	4.943868234043214	5.492427708778249	5.22054628402328	5.605793258030277	1.461861055460945	5.390362947159966	5.1534141399036475	4.956817800813936	4.690563603712715	5.320642112770129	5.676571225232649	4.786463617304869	5.631822057053046	5.675969451773425	5.095595025317777	5.560573250103392	5.0907026563256546	5.7595812559179125	4.826088569532657	5.411778434893764
5.243905504877027	5.148160171538051	4.899239970555569	5.504274086438373	5.595756256911773	4.838527401801686	5.457330157569337	5.221339288840649	5.547874324974709	1.6905730614521017	4.79051977565112	5.11146121367814	4.954135960528106	4.775109891996254	5.246274821274308	5.6948314596741625	4.631058891883691	5.699388041031335	5.664996544369188	5.160864971721663	5.660037012301639	5.234207891792975	5.709588557925344	5.0540275311739356	5.437734379164361
5.28686083644084	5.2088955036892814	5.026667622558585	5.449866417145534	5.6538762142286325	4.933443708177359	5.357331587583535	5.134208209653746	5.410263695469676	1.9546367632352277	4.520457735003088	5.1026797836944455	4.963111325679854	4.7392815442009555	5.183942604454984	5.6044651096956635	4.681497336392867	5.6291727670719816	5.318962626097166	5.3537549753171785	5.629152097143341	5.24908304834758	5.721817464002794	5.142155820710409	5.328745403277793
5.186135214453674	5.079807167246969	4.9709316483440436	5.472367650073811	5.677710716225141	4.9341386511544085	5.539468393471353	5.1522015911026715	5.395637982221571	2.610244229360678	4.635366039560946	5.092079986967804	5.038693074581833	4.671831469934554	5.12749477099034	5.5541952538505175	4.906852355675472	5.613660013277351	5.207989420471754	5.45149424587671	5.662550092645613	5.11665671497834	5.688045055653759	5.168310292295481	5.3687417147680705
5.2464667332548895	5.155174026528913	4.962822038342786	5.428202341445959	5.622600343578168	4.851889810099571	5.518803930277299	5.172557198222325	5.31340415296481	2.979953028614462	4.3063207963025825	5.130004649594123	5.079651508095086	4.692122363932249	5.016258419710112	5.584311987813924	4.718745409792874	5.569980560533047	4.87652077689563	5.470609249275314	5.661512497936409	5.1977016864487435	5.693724546162022	5.151893120871385	5.413583090340923
5.281242626233272	5.032985671481488	4.94186586328742	5.359809584803197	5.544267873336898	4.827843323571671	5.561042291286505	5.158313059716367	5.38091375196233	2.689454754176713	4.485756465952811	5.140408266400539	5.115219794018524	4.6386249908140815	5.041125440666937	5.501250300575212	4.940445662626978	5.570280397748044	4.79186433505502	5.296239332040548	5.5756570682994955	5.189452670034582	5.726155661235802	5.02421771386381	5.390438724174736
5.174208146578482	5.0922878657715795	4.854126393338336	5.322988521643467	5.521508992783324	4.818868515598865	5.540180758826495	5.341570876880707	5.52401833523702	2.60426352828364	5.2774458610496415	5.077236451019982	5.055323259111649	4.613183861732645	4.990209837587799	5.521548728561658	5.143549016004579	5.657058074196859	5.255779530374671	5.104314002415529	5.634756767733909	5.315677492776627	5.685803236310198	4.925194423937187	5.189836538471424
5.278014682837715	4.9795395818711965	4.905144723421398	5.4241978361157415	5.671004441853691	4.788331485785914	5.477278921220573	5.28685733242966	5.518339749438801	2.536200382408031	5.3086947920433945	5.084981185935281	5.005122777160151	4.6098997601732385	5.020032189124377	5.6831311690813235	5.166204847063679	5.537770996284382	5.630656937099531	5.041282384454714	5.603973705784671	5.315305394686498	5.675126225955678	5.1107954816453365	4.994669897448357
5.258975934703479	5.14319762376718	4.9189823623625495	5.366868181699026	5.626245227102521	4.974365665110668	5.416205009191286	5.3409113066782785	5.522509709807363	2.542744171025501	5.160837749864206	5.11940589605361	5.008829229305306	4.538643109828684	4.993388384962393	5.655102751473097	5.218332152013046	5.496191646000276	5.5831806110545585	4.941785788619963	5.51627573804025	5.384150113981569	5.62893905394091	5.183031481229642	4.9966820594798325
5.187575360255241	5.173672200871459	4.922125331425572	5.409951752938063	5.621951476945733	5.085215735653865	5.408357168869628	5.468912727725022	5.436129603923	2.156778349479671	5.308112609900883	5.228122881514483	5.062059027816604	4.641502027634287	4.920130581422769	5.668007573475074	5.041483356286168	5.486684783932309	5.6231356034683815	4.869098390203715	5.465283957950813	5.3257473058684575	5.532706264496537	5.2061657363240945	5.044443294779495
5.166536562922834	5.1119963852484185	4.9635712932114116	5.429998192043936	5.643819557326447	5.075547397877944	5.350320792440887	5.410272592143165	5.414027459225442	2.4162508378613783	4.929546225778675	5.254454199002394	5.064896739168305	4.532084423007991	4.931567820889365	5.658485325556515	4.832332918900605	5.442561392047365	5.509014663006483	4.88424354294191	5.451992859324865	5.264748045519891	5.550481651036873	5.262865005541896	5.080300502321286
5.206830784300564	5.056111029085505	4.9107373454524375	5.311704169757612	5.745431778596341	5.108234871709506	5.3912576025276255	5.298956387993305	5.460441600731478	2.9188078411239795	5.01349273007036	5.3140478625005185	5.0766954874573615	4.581145541044145	4.827694144181966	5.671042929918241	4.642779101322147	5.442831639812375	5.521278779940908	4.954230826524672	5.439957986862024	5.247156995542863	5.596336053029887	5.351476977166322	5.198284695875847
5.207622832036085	5.1087316584500995	4.843156215222149	5.459209525937756	5.70632246182604	4.973641541755132	5.295846350955056	5.047015823374718	5.48517737931605	4.279341027160459	5.087257497293894	5.2676693109916535	5.128225900848034	4.601122375205272	4.849539382859363	5.779902416740222	4.4576537356978125	5.488527403639537	5.554918822167726	5.029584547306789	5.438668984780525	5.170997715642439	5.588456357469345	5.336223850885637	5.027971027193677
5.186611520191624	5.132628493874472	4.726186911517715	5.337112189058829	5.669183317819185	4.894037442567317	5.334715307036951	4.994797414493524	5.4909596463492765	4.323162350878803	5.091207684218376	5.2249357940177035	4.935304709860417	4.632034957962086	4.810491970512113	5.8009669392829135	4.541013453269681	5.431586804371382	5.456681625262941	5.171980716256369	5.408505073760322	5.293659805686871	5.718686609340083	5.357578811548269	5.014582772700857
5.27217462543392	5.155720182869637	4.6893862060799405	5.28423551348843	5.742102386015938	4.937012035208863	5.377455051427761	5.0205073233085855	5.525879771085996	4.2293235826442075	4.614319411219229	5.126527849445627	4.94350533240437	4.70705496327137	4.865807306737404	5.799392554739264	4.605027889575232	5.402231731273189	5.665028785451015	5.360364464794644	5.428875246057463	5.286428211543288	5.6971770225916405	5.241844762626384	5.220731289611443
5.2096184293149355	5.1367147236835855	4.6589901079261375	5.376808775264439	5.719926709008565	4.842800701033718	5.35257295410618	5.091120030453411	5.616263201266974	5.003157965874561	4.431559762053959	5.107523251067859	4.922992498397218	4.736435989319944	4.89682259486829	5.81577433269935	4.496267082402958	5.36456179920471	5.5104042179773085	5.441256334178304	5.413407145985902	5.309536540584978	5.710806068632244	5.137827543161374	5.246745431028804
5.21156857010179	5.220032862391261	4.6985891648277205	5.30807347973532	5.61680801596821	4.837455104030996	5.333106331631314	5.263716449618303	5.5496471512391885	4.950965595328071	4.730267409472829	5.144682834027899	4.830390897504317	4.69952952706927	5.07994283053458	5.749859618464043	4.79262914426979	5.410847834875919	5.564012221994415	5.412433714647172	5.404022351795004	5.365987643129612	5.750813523185155	5.224100759132274	5.263650371520538
5.1943511118073395	5.270477965756069	4.787224237785864	5.292557242293642	5.715270091999679	4.8262862246224145	5.286253539500835	5.32555294045932	5.518423677933294	5.014007960398773	4.921352673772512	5.232647927400922	4.865176661729094	4.78422852252143	5.221361689132172	5.81717259065634	4.819376450538759	5.502334803172569	5.57080742608787	5.3167163621988545	5.271318919862374	5.356266055025185	5.658326834622854	5.31514434226879	5.276601159921193
5.124494317701763	5.1810882853311755	4.770799307982412	5.286052963928481	5.658689783523834	4.899094494612024	5.373907812262807	5.299196309784963	5.607408050594575	4.464531697777583	4.322458376169535	5.227415726406342	4.811860261194666	4.757899402729942	5.248469679569439	5.806961531572915	4.845699820439232	5.532387758292977	5.4612253237612265	5.089742985938523	5.4154810196746075	5.405158031891744	5.693874362796821	5.355892066945341	5.235492186499234
5.189553807508678	4.811145569472544	4.7753359049954405	5.136658791768428	5.678577116989446	4.952062895682289	5.482471577764447	5.300561717472778	5.568913869141868	4.696945600152539	4.262808178702796	5.203022316132772	4.749572165587671	4.732491682709013	5.094051746814208	5.845412054785176	4.8787787877073105	5.479165381915962	5.550810292105684	5.041819220335567	5.486816797942903	5.169267662494678	5.728930283370227	5.1923615570108375	5.322867030936646
5.196098905136427	4.901789524511369	4.741206793374674	5.199714919076613	5.682554354249681	4.91936590791002	5.458019574565473	5.246479750535189	5.477222031209464	4.43966803981073	4.183597079766449	5.228674344802438	4.919358373983816	4.748934710049168	5.082871202291447	5.824952060779066	5.039116821713711	5.468435072655905	5.550594292225203	4.934474191777065	5.6064287366595	5.1094513309176	5.58737956806907	5.066222864313016	5.333182336640345
5.1479650014739855	4.876928287566212	4.689135439889864	5.239900465061566	5.633335107232772	4.800719724970188	5.444114406277793	5.36681965405519	5.64009958392813	4.208192030034325	4.280493926909392	5.122101935449256	5.009477244883711	4.770117204740257	4.8787032529880685	5.790036387732231	4.860115087096164	5.376387466289016	5.530778625030669	5.058276266308983	5.629005281561696	5.223335195364782	5.637097003933923	5.115002304552103	5.365379074811822
5.145684009953271	4.8222895574521685	4.692257218366675	5.412558746683948	5.649917198127019	4.796931772617776	5.286668567738642	5.187375598105365	5.608334191173564	4.174140549487472	4.571328344393232	5.1331588038758005	4.9626681118578	4.670209738537454	4.846402682006707	5.756375725372695	4.8802487542249215	5.347359935696697	5.3296570778319365	4.9572737499585	5.707615209007453	5.182718516858424	5.628738977215204	4.818408916760639	5.278387650635998
5.153082824408008	5.076954379984817	4.508929089636024	5.178143414637503	5.60457016668787	4.839190583806717	5.133748232638383	5.125942993576654	5.635185350431065	3.949150439050568	4.961078975792137	5.194416355395977	4.995234227263041	4.674549009053708	5.124589135803779	5.7202681935753645	4.926443038330737	5.380961296750691	5.191998446494257	4.847655712312172	5.682145404524668	5.190881531954695	5.725100273298026	4.792455575134716	5.341116961452806
5.116473723503554	4.9368732492702305	4.543089755667884	5.207037058805126	5.555027987278998	4.91547991308354	5.10871240110415	5.084251785512043	5.598573589617604	3.558971697743225	5.007806124036572	5.21003172662167	5.023231773381137	4.799828445794712	5.073803179541736	5.691282460309481	4.776683380171722	5.557608210610714	4.894334976245106	4.830792983367654	5.592500125587609	5.08812640343612	5.6553162335107094	4.858000313225888	5.292941362758531
5.251001907343788	4.732079832985576	4.674124642310513	5.107280382447081	5.531256920669938	4.954844264031294	5.0955580667536955	4.986074221934333	5.501157571856786	3.6834213099193005	5.009675006879372	5.1690319216050185	4.979673076246444	4.748935544261276	5.083126088228436	5.640579070216454	4.826589665546728	5.455409265005294	4.79029617978064	4.779253624261272	5.567836509194973	5.000366598876044	5.608890057450081	4.93680724226916	5.298282809084162
5.257533542038084	4.68840797877014	4.6862565012408135	5.120673327794463	5.587920632871361	4.889138552438473	5.225159477710827	4.8691994116053685	5.508389358830851	3.7419591919829727	4.179912283206934	5.203789880321195	5.034296056334987	4.737070353325407	4.978873833511698	5.5855374927121	4.877937054691177	5.430184003836026	5.355729903965316	4.833747976662005	5.5385298911432335	5.08404639402093	5.638528324579804	5.264805206657605	5.020036724303874
5.255871743473819	5.059794135551512	4.9645664200016	5.374565134341195	5.483533973064742	5.0588871187325	5.347212237312715	5.014435950786196	5.488376363403546	3.718403756599902	4.225302896625417	5.120006055428873	5.092469691445737	4.782257283368018	4.90522810271065	5.655450571304277	4.8055184397209745	5.294297475413722	5.612440534710916	4.879368471141112	5.512225278016479	5.131773842248206	5.667780800221748	4.908832831411276	4.812853079417527
5.171653465272458	5.011350867815867	4.944072771115552	5.2182965473312795	5.4696096144905315	4.979664283701134	5.455617799427899	5.043817025573597	5.488273188407724	4.379953679417619	4.586611357394447	5.147147539434513	5.041820790499226	4.792381553839456	4.9411931879462765	5.713926792251241	4.7758720734882125	5.13791599952304	5.068508937884744	4.916962223801544	5.520258175102913	5.0269096438298	5.706181704311367	5.004538790020064	4.8108387822212855
5.044278576091238	4.947480725248497	4.8687952188925	5.191460845957322	5.4560120228917866	4.990079107016878	5.370045674315599	4.960772465255859	5.455754268250465	4.389695017949347	4.617136472153063	5.069420676106942	5.000792307357508	4.8741828995516885	4.974128135493995	5.7672124534649365	4.731655553546088	5.091638166722952	4.979514006893255	4.936868028574801	5.476521821055167	5.122238237095266	5.629241445919459	5.0724871912264735	4.69051368556991
5.106523468710783	5.006773189814032	4.828897818639067	5.313626644624949	5.457710732864058	5.193737940801041	5.321248392254927	5.13305015785516	5.511765091218383	4.1735579442570785	5.241008536062651	5.0864599622501	5.043747591730858	4.863851335553021	5.090943856548471	5.696348843952684	4.541557996668753	5.139253922563062	5.191277355317897	4.874715227260546	5.458329149350772	5.09432170791526	5.594821815325782	4.865795092950605	5.29805735024087
5.127028622383018	5.05284156547167	4.7662216343400825	5.295535817038607	5.605610479909135	5.292406069567801	5.225315146471099	5.039649693604593	5.543489365564648	4.707908329408832	5.09979680748856	5.1218908422410365	5.0313322463069285	4.836967923758191	5.17223520498001	5.717641689239139	4.5142020306153	5.1884302462589424	5.120371297728517	4.913788309835709	5.506608427634717	5.185323070016941	5.710281238795578	4.7945707320347735	5.354921205478724
5.237675241147466	5.093327966123312	4.777425355022209	5.286397585661189	5.628907434983284	5.330835348910977	5.197881631607586	5.09376465325062	5.4630227616448614	4.826770830099821	5.106165095620709	5.2139279465046915	5.064550782800304	4.75082034841056	5.121913736862024	5.753312096881034	4.493676654347288	5.202481335499749	5.143912671942161	4.928858914256869	5.4762821210098025	5.545720606829211	5.839428053064249	4.98999246252207	5.285808993201668
5.255206660624456	5.217256926223168	4.676126418186878	5.39985248762217	5.606596551684055	4.9997853196561275	5.086628960339553	5.1600243673850015	5.45480644422156	4.668085063936073	5.087968768224898	5.287292880265878	5.027964316114022	4.708710240013325	5.245745832887501	5.61862315614486	4.581586432844683	5.297166712592491	5.12033353529807	4.784697601721389	5.502578850042836	5.5678858367798405	5.713524191334997	5.182644660747814	5.3622494507983935
5.0994833289802814	5.064431628969189	4.723594898402255	5.504810369677614	5.647204413401084	4.886748393250012	5.151148630507326	5.150021186327458	5.395580288023267	4.857268915085613	5.100834811604296	5.2519890255165915	4.975663638413513	4.646890519027099	5.25337959079105	5.645684306011426	4.470127571712389	5.40673360806471	4.977951834827826	4.862500161757155	5.391396975354806	5.465886646051515	5.743916100122777	5.366262007096713	5.266878890012491
5.150300374302184	4.974038576598907	4.758067023728554	5.42186435665858	5.6627474057217295	4.837974928060208	5.251361453967802	5.073841831046873	5.43119516404862	5.043290404402259	5.20123933387101	5.154483556022334	4.984308497223739	4.690740310308532	5.152830552365728	5.694650098198676	4.354624399807437	5.325321115124807	4.981260544491815	4.934529848706416	5.593419702631902	5.190973740486355	5.72134793961938	5.284087696075889	5.300733541337403
5.296808950011412	4.946700280507237	4.6731620694281695	5.4531242547305	5.695583218794749	4.9038328413247765	5.300672375701777	4.977593130792392	5.51664797636745	4.129423497022789	5.251758901076297	5.201895343375535	5.047543651178549	4.791418737375134	5.186090064798144	5.697280496012359	4.409567971756573	5.207450771000215	4.969050365029785	4.9185745771407055	5.562417961985556	4.963334991463171	5.662850481608655	5.203858959155766	5.356778302995291
5.334138273285997	4.773082211604741	4.826691518692229	5.4719299384040125	5.7415370951726885	4.972845542910105	5.297618357396006	4.93189848865821	5.54798054524706	3.8641086482976648	5.408920227634232	5.135364784161131	5.15874034766744	4.729681236350101	5.1353111434213385	5.609395333958952	4.511119845704278	5.294593166997082	5.445880989415273	4.899372576911544	5.457520088895013	5.214886338725216	5.702330266582528	5.245486930719441	5.2623387105866914
5.321029824877007	4.777117206684937	4.85548096690522	5.433072729090278	5.755718702659751	5.089494066338886	5.28067968904356	4.758219555006479	5.476763496992153	3.610557832577313	5.331313731607852	5.186136703507642	5.110390460286507	4.76780428880747	5.1656051763701445	5.591539628097568	4.77217602151932	5.164769525802569	5.465156473998529	4.960873141935106	5.575758189122986	5.21018457023788	5.774146562265834	5.128317073298614	5.265120773270976
5.1951987554341175	4.786783592623241	4.975753925508167	5.4743010172087265	5.722604609405255	5.082405010184446	5.166749783363454	4.781370165934773	5.508440883408168	2.9099070353139505	4.799278450303803	5.179456160398067	5.1131170159060435	4.674804915503982	5.087263047223352	5.6650758978291815	4.784751372251221	5.22254907531998	5.5135570527673465	4.819735079985393	5.609712256218878	5.269024423814577	5.727370919891107	5.461678710331295	5.072603124771232
5.184899237670065	4.832919539020862	5.0919505678336705	5.466406910774121	5.715273599025361	5.134998707162409	5.1050270471529196	4.91807256329718	5.5262318308873875	3.429838613015295	4.866458192242491	5.063151383458586	5.068532659412938	4.675709439340495	5.074735185956556	5.557261415543225	4.886302927215721	5.347414584487632	5.347127560982823	4.826310557836217	5.533584148662496	5.338686468278488	5.5896591504915465	5.366798802662994	5.0881072742056705
5.1642294208110835	4.634248095968241	4.988151948307776	5.51543575408869	5.751303272294845	4.945221220541748	5.062874035568624	4.96209522702376	5.61612904536019	2.759878251832704	4.84976473074903	5.125675791254216	5.135855612561738	4.628186530298408	5.1519486474801495	5.585148861457773	4.802552144680887	5.1978462414896835	5.299011625154845	4.732845710800043	5.509758080999671	5.387248189421987	5.62357838201003	5.400355470456076	5.1453641045948775
5.214145709393915	4.679659906599439	4.933619746818409	5.450023390476743	5.731271903907275	4.929480341523891	5.038342188113412	5.1399881449754	5.444343716566513	2.5958539993322143	4.582844297791752	4.699321430539015	5.199321335689313	4.6943707750511585	5.078089836748153	5.728836564794856	4.802781540762255	5.08377865578864	5.304308495718042	4.797463878427364	5.55805471308043	5.48355093968335	5.563919196981165	5.246026385490212	5.3042937111635755
5.115112858665522	4.797743703855509	4.891067247125971	5.368964222667379	5.7379824779332536	4.879018448436869	5.149399962530622	5.202727674448245	5.355105448066949	3.0811184881117653	4.138016687144323	4.793548937686923	5.1214355293793865	4.802222961192222	5.0054511063571345	5.706151707192403	4.870614304963612	5.193961692224323	5.259175771017943	4.966716722308741	5.525037819140491	5.3813494804511635	5.583054111350239	5.265511728481648	5.386296026504979
5.247316016301622	4.930040841581663	4.8082502282579815	5.3711266731160325	5.7208816711073425	4.887577727265858	5.1743878616379	5.112407059106946	5.372199294038578	2.4906911464339214	3.9250675655767906	4.874502416753816	5.056215331838656	4.768350269693699	4.555996823873343	5.7271558941286695	4.884317409493612	5.286156750140477	5.0241111756989785	5.073663716186473	5.434168868096152	5.248101189899408	5.594047590273991	5.215169906605836	5.442396748774032
5.107400207163546	4.931477420284725	4.8728151231726855	5.1554635435526635	5.752403316439515	4.904973014431378	5.3048564021950995	4.952233958813283	5.312927631662317	3.1864432235559454	4.273427387211989	4.867082107189015	5.035532135306766	4.81086311645021	4.564272471873136	5.7461026769843615	4.74986960486202	5.251833518406662	4.966481828398342	5.059719820616787	5.4966657626835715	5.231464528400209	5.648335603084593	5.080307567927507	5.449961715091756
5.1496339835393155	5.066920711382328	4.785260961567055	4.998418927248474	5.717498205774794	4.918397635924965	5.2306752020989595	4.748421641441323	5.504889259624136	2.850820154935846	5.339124042289955	5.326751314674528	5.0457618250148935	4.750763512004435	4.5884789345701735	5.697448461988075	4.708493450359284	5.35804814174487	5.167745041746532	5.131306594644582	5.497149702378882	5.197913123152846	5.576490122101607	5.156518228543522	5.348435387992154
5.170081169499191	4.920014274357178	4.8207839204036445	5.190093069525809	5.747058250209419	5.049653961025416	5.289755237115437	4.705630590244271	5.510934272793579	2.934159708767515	5.57708427602615	5.363924885632395	5.075452447250509	4.695236839797104	4.725444979032845	5.648648247039441	4.518092018569543	5.3488830999373365	5.320584133930875	5.039073975025838	5.54582352288152	5.141793687051464	5.6237535995665535	5.230312794873506	5.3614535569478035
5.229141097653888	4.974792073225043	4.892381182962684	5.202618486089729	5.7272142698328175	5.078087032664541	5.181266509362512	4.725056413184863	5.611166570142776	3.2307795905952097	5.6245728132505155	5.391021067907701	5.04849580886996	4.682734037254725	5.168933591322051	5.6245235654470624	4.69840679183492	5.2148482705561845	5.3763312809648465	4.9896542375495425	5.569661183027296	5.176354475941994	5.629929043201104	5.279008103009179	4.928360610223571
5.248835607330646	5.022287479727503	4.819564368427509	5.43181512202683	5.666249283649148	5.206427255926939	5.286320182870665	4.8341850935839314	5.645087271180536	3.005021861874302	5.233085116925847	5.2492696413684445	5.077588649019564	4.796428580505847	4.985152781545407	5.653331656119321	4.6575497780666355	5.142934366372059	5.48596023170713	5.157177309483129	5.526673722758779	5.303371732154913	5.62368618986889	5.273359119980017	4.746826529073193
5.339610114528557	4.941618399914123	4.882794823519652	5.495021684479354	5.607506888620067	5.18021877007919	5.276113780970489	5.004330908174416	5.586840419032895	3.223283989033523	5.1810248313407055	5.236122081068583	5.081816995123262	4.851484519328009	4.885435941720532	5.76052447470417	4.834460105220198	5.2962649050034285	5.5172736789241625	5.201918293363179	5.534934881462869	5.349830510100911	5.620919086873929	5.340274996443278	4.924136083179638
5.286135091464103	4.975964483811079	4.820171180266028	5.3682838408589175	5.64915487381154	4.985469951490828	5.13094766773034	5.045286929604701	5.567845179279537	3.2148556791920337	5.011439742776365	5.178191611572991	5.0455744763221855	4.7826745952175695	4.920890906294759	5.769601807109724	4.785769337781179	5.227857168231181	5.580789760218996	5.312627887040102	5.5383680147776815	5.300885328290245	5.581575674780505	5.17989505821311	4.976518379555842
5.3981126662117145	4.863325986091474	4.66744676784905	5.390448875462613	5.600447743416236	4.963279087776739	5.17412684652601	5.146421053481462	5.580663364488601	2.919574974626121	4.981704029008993	5.211346981451936	5.09878771798277	4.895947932372227	4.896278371960912	5.720982041416108	4.69750926188502	5.083183796540756	5.548653646560495	5.455328452724914	5.56497339972406	5.268344875888067	5.626054723818072	5.136890779275491	5.316051677147856
5.325860818465811	4.839827267807138	4.754132054705651	5.487083976068461	5.574658995715864	4.865447618262731	5.132197076448942	5.073323881553537	5.623069832477877	3.066724245744332	4.141631272900781	5.297496684388078	5.039811534713975	4.826495762889923	4.9685404915686515	5.676916892260526	4.715838845718324	5.130998090459755	5.513129383112576	5.46533367311652	5.562434599065248	5.0420435296576755	5.556234499267771	5.1477084209889545	5.320086488945261
5.3059816479906186	4.880248488887723	4.780579305335064	5.429703272272051	5.517045750916968	4.767216800783667	5.228357724180412	4.922368202562918	5.575413351621792	2.9068049792185224	4.061750025074526	5.240095113841164	5.0592075532606	4.787228134700072	4.92604954926129	5.6732490448359485	4.738312601952825	5.095026004624665	5.571189219510343	5.417784763055899	5.554746476399091	4.978737815487666	5.628193954190808	5.002711467748038	5.38995730480391
5.350395730747194	4.853486982513953	4.787951410059553	5.4565144642899535	5.560833865205572	3.52784008635014	5.1758219734899855	4.964072643347877	5.593418638090752	2.9580380906470998	4.26781446078924	5.365096953785437	5.016546119139144	4.826771488705922	4.8956283625647945	5.68795061798066	4.694963412363734	5.050833526337525	5.503428433121561	5.400228597859565	5.468272991520383	5.02534441604781	5.601821238295348	5.050841877478622	5.424095942850706
5.285154889518633	4.8593720931686315	4.801080485500005	5.449176618196434	5.540276999480689	2.722761483007912	5.200867328334492	4.938113326419276	5.659567126742925	3.7484712442879013	4.682172168931166	5.38921947217409	5.020932563895375	4.729016327463793	4.910711146592944	5.643599462622237	4.782745226782725	5.0043889125494445	5.5830506252491	5.245588724832979	5.428581490757391	4.996481339443495	5.6583133726296655	5.171038127858175	5.348713995843227
5.308965224830603	4.887011512518003	4.838991061233118	5.413017937799737	5.608160831538493	1.6180360983161228	5.145233554063393	4.930434150934539	5.6406506848178175	3.0014401766944956	5.06714243554776	5.410895310435672	4.968141758174054	4.675833191707451	4.968757149126203	5.660384645910378	4.552596780910416	5.032362304822727	5.579429307454056	5.177561156961113	5.483255367515823	5.089480401949472	5.6019489247827305	5.012898521703581	5.2217654477949145
5.205586928769815	4.944554275067593	4.8700432304854	5.497619688119486	5.59280205111408	1.6906616356879964	5.137221831630295	4.936353587504558	5.622080831861944	3.631167924369387	5.134201333950271	5.452460624225482	5.009747957054724	4.763112197775443	5.0097280344629	5.638078019906222	4.458516514778876	5.034326501475628	5.469224677048335	5.150824288891636	5.574662779203241	5.072363214488918	5.672284410833847	5.112027798465235	5.166530890967654
5.335903731856742	4.99735445559535	4.887305334432548	5.446948095036233	5.6225698229803225	1.7901794555426054	5.121765880053345	4.896249971133257	5.639971422967416	2.77214148876839	4.884903297126602	5.424934320652262	5.083415219599003	4.642331271496154	5.086316022616404	5.653179727841628	4.048817418406846	5.114953228470711	5.446551654665586	5.099309367009324	5.575632380803538	5.139282749263276	5.715950273513702	4.990526498174588	5.189148851038122
5.267869374481496	5.035041977151788	4.91379912701389	5.373136436023587	5.649015100793662	1.6552966421279447	5.132232929039374	4.8258705086865055	5.538565702386668	2.6973906546469664	4.62795771029844	5.33853288388679	4.974145217858437	4.698233874750485	5.109477936700974	5.64347053455415	4.12594973907988	5.032450625619424	5.529471633500787	5.0072291097970165	5.639410070132572	5.202135681505495	5.739485993745976	4.8662038976911575	5.326389170787192
5.292972408781153	4.939660245608163	4.889202302345409	5.4252599114150115	5.617516207901712	1.3239681601909399	5.153530586132207	4.774878443463374	5.522618277095134	2.872198713043284	4.252119560522403	5.384709563936102	5.032262795594005	4.767728650931728	4.896585664289957	5.696564547155838	4.1754738913170115	4.96916013541051	5.3630199520804025	5.038737108992281	5.685276326386097	5.202061865298581	5.791907824656595	5.029839327137427	5.277244932805595
5.361414450095848	4.999088672787582	4.962910356567887	5.399801252913201	5.710668221842965	1.261131621843843	5.143355396619519	4.919341143658361	5.49080535154452	2.2639078632176317	4.241048919160871	5.3373446899315145	5.154333386792908	4.741234556808695	4.762124536635525	5.699529780719762	4.530170413603794	5.064269762109331	5.483174012553311	5.187717024098942	5.714562399325435	5.259649357074794	5.703736730768661	4.9989432915776515	5.323684887195719
5.423092260601438	4.974269663552753	4.894383519627902	5.354383275845269	5.697586051962433	2.2691341417075024	5.236828136278759	4.811003697012584	5.500003203204209	2.622528721297284	4.928248605158727	5.216161861385255	5.0515348024810995	4.699276455608794	4.696072360629724	5.716496456630555	4.758967329956025	4.901374590398415	5.387923521016229	5.059919110396313	5.690826235796824	5.245438426386573	5.693043936594909	5.178151005813969	5.2091986591418715
5.280725472917803	5.068887198245232	4.9440808800821285	5.493405855421805	5.701205200033152	3.820071220603055	5.333238252353915	4.849187574316532	5.513722384044176	2.9839922875218203	5.47651237555512	5.1793038735393395	4.95375056080002	4.6262380430475005	4.685166450895285	5.70647477964139	4.875578906609687	5.077823242369976	5.32618853316765	5.068236386668639	5.618813937654109	5.240080154723551	5.678945178412512	5.223791310276483	5.389850861786966
5.301131086485044	5.017460708055823	4.810484011713287	5.426263336847477	5.708855063081781	4.721465651747425	5.294313065716402	4.895001740178154	5.4415567962481735	2.9551576786508673	4.957161889402822	5.240070871794555	4.913087177277324	4.576101341112323	4.803502173254018	5.651657235527185	4.8186281266930635	5.3481197075832085	5.545084952492066	5.156481456220431	5.477855363412634	5.279640986082669	5.700891176015957	5.215727553016609	5.278961194227471
5.293869254049581	4.86159081383123	4.760919752402846	5.489196002522827	5.651866276193389	4.904810990828773	5.358191797846112	4.931400716035589	5.57713751847332	3.2784706716077725	5.038757486272995	5.216592020291279	4.930375274868677	4.616998958854558	5.099757077161135	5.5708987255077265	4.685651048730466	5.379042364658123	5.38647982500066	5.038283573450926	5.57301846882884	5.317630530528536	5.708939305732925	5.180831436925188	5.014282503915334
5.164969821660743	5.143782214177558	4.681980286043474	5.494267052104405	5.678417721609948	5.076767079493223	5.314756116478596	5.028389353050938	5.536124264871126	3.0288601592926185	5.29789842244109	5.255282506413628	4.971465401106467	4.603491848624751	4.962198864387844	5.579906348733056	4.6288808988396	5.361774330276152	5.489753976681648	5.162983386776843	5.551481253472705	5.332765961125393	5.633839797445921	5.242799327336238	4.924118796750102
5.232213183133988	5.171473242304554	4.591253080452813	5.4619410394225705	5.771969325130172	5.022635317005767	5.3322951088015795	5.0807733817689575	5.613218038443497	3.111290115651594	5.209774832623967	5.336549001835178	5.011981235050189	4.6298703836650414	4.918110085797759	5.622942211099748	4.663175517682326	5.085300095873511	5.460522492213591	5.148128888704823	5.577835885443661	5.418604150543425	5.653346267453771	5.28500946386177	5.030046358923318
5.2284797796617255	5.0647109295881885	4.748651481293332	5.460005752870814	5.758460287997634	4.916627692809122	5.3462080825562905	5.093499577389991	5.6177827771736135	3.8573214059860783	4.837059689659075	5.257855934830086	5.069996574188179	4.684709633245819	4.84186301006298	5.693694558062453	4.482459426213078	4.9624397296772464	5.444251679960079	5.020232030587038	5.594234323078502	5.303613045507582	5.621658043596715	5.154358930874938	4.846326132583681
5.379333333355243	5.052797878069793	4.737889753258501	5.460490731052553	5.74572771653417	4.860774046832137	5.421366167185088	5.109532745972793	5.58226938787043	4.168208682878984	4.564107558665574	5.15589596946784	5.009624474164632	4.662612084766641	4.9550257941783205	5.664567950029162	4.3647668934428845	4.988933358508222	5.587818787654936	5.079985476046224	5.592651294808939	5.235645802874259	5.68385418136685	5.150943485687253	5.049611966812677
5.484089005159492	4.920996068393154	4.902703969591695	5.490781965592971	5.7764175162716	4.883682780316969	5.39488212211414	4.950256436751207	5.34867751906526	4.7523211585820535	4.559698094250032	5.089590378757028	5.079614181836236	4.738196101442644	5.085901867984943	5.701098413523848	4.2534923168310685	5.0270306671074065	5.506343890132819	5.154729121355727	5.676804300481903	5.3080909775585186	5.708055650382182	4.87140121982354	5.16968689329844
5.4530935904278754	4.80509927702168	4.84078642872421	5.516570666435794	5.719495875848264	4.936576021967494	5.463867347751229	4.940168022565978	5.274121853499628	4.845626975225781	4.462155741042399	4.956038915893529	5.123150744490726	4.736493035900396	4.868657626217196	5.6943134543295155	4.271900240331948	5.064932855116249	5.449568454897118	5.199409343914971	5.734594750702135	5.382049274828017	5.621770186196553	4.9466033797108215	4.827193775840496
5.5351257994417145	4.877956665409098	4.719259402405027	5.204170488556955	5.73410727625079	5.079904237806352	5.612485727356661	4.982133751559205	5.211645990507748	5.02177494638243	4.267870728782676	4.896215514575285	5.062765447499469	4.702500275613055	4.86623867017311	5.70284355135756	4.461317871917402	5.170442788351178	5.4868405937614435	5.4581715907024035	5.720221057559059	5.376129685050224	5.734055305869307	5.062086112232593	4.983112154513559
5.568039734650062	4.9226233631722325	4.594113549275794	4.985747516128245	5.6810711907517195	4.82562643715751	5.455176061495326	4.951426744036785	5.0511456372517065	5.241337188412239	4.661109075387853	4.936182071379428	5.120238662738609	4.722251091781049	4.601946346830838	5.7226268692689795	4.524851079231825	5.3434993188779565	5.478649116493558	5.328204072330434	5.640508008503659	5.218013942894965	5.608211363446472	5.1566308122549165	5.032625194979822
5.5802760972041225	4.999110405174579	4.698642769667455	5.009370198126852	5.6463445004387705	4.675452164354816	5.395077125539704	5.116635372119015	5.151255207966602	5.313304989649268	4.840585011698648	4.848798547151933	5.1127210633164655	4.77746156799411	5.034583624540255	5.735912951710566	4.562391639732219	5.482151155093377	5.218711043771066	5.314253384491789	5.661865391182537	4.952574916946567	5.717185921945553	5.269645465536141	4.888185711213476
5.554449659935369	5.140757694265365	4.797636449465326	4.897496279310648	5.658746973875323	4.8233740855643745	5.39371725296179	5.299714948434706	5.2370226494044765	5.444769982573755	4.730164531005092	4.847544268562716	5.05456583136808	4.760311976279291	5.039638038755231	5.715375712481559	4.560657620204708	5.504782456001231	5.112074488069369	5.206916972096375	5.6866363808673	5.116370604521487	5.711057995595478	5.418507879745971	5.088920068770752
5.581807334909463	5.165438813941611	4.897541270735023	5.113771712775486	5.688017839127651	5.028657078885963	5.281602372287361	5.312421256428683	5.210870208771107	5.200324847823969	4.809105553582908	5.155843683539612	4.962196578796231	4.754291894905338	4.80428103681915	5.728203771523478	4.691733844817429	5.489558479335128	4.879690485285328	5.088175557434462	5.612992463311874	5.354917235179031	5.62445967660519	5.252300472333397	5.03462541027182
5.344987117337755	5.081756438787099	4.92074273784813	5.1207170642077635	5.738375025470533	5.274216503298577	5.3163350867395724	5.311057466513839	5.331055080253723	4.366393021275654	4.943299274371724	5.159115440710861	4.972107520462474	4.772818970797437	4.9695498464575225	5.697385562212481	4.830227812417207	5.412799965968339	4.914606170339184	5.001259430002411	5.669032032337429	5.008145570599975	5.579317010116016	5.210796961731133	4.960096655959129
5.221828838518241	5.191496074761454	4.818545911188059	5.206852811573577	5.7100028448996945	5.362936983654108	5.254795698357402	5.323132742066881	5.3270973790735825	4.03951301151024	4.444392575585753	5.258147357067409	4.98702881110692	4.759427239971616	4.93055990635624	5.662497263741435	4.8302006828645085	5.359918130755545	5.184780414342744	5.131841947980597	5.5724547660773975	4.898744208867799	5.666077718266894	5.02292234939494	5.358513177191916
5.195979812095362	5.192347756495021	4.838317327089394	5.297251173357363	5.668885849816136	5.3669702272451705	5.283879537460474	5.381442164523323	5.430312928714689	4.299005227335321	4.660489217116515	5.235067079679645	5.067501538342208	4.722479990893183	5.217949142047365	5.694911945036051	4.82090597688847	5.3467499554619415	5.529384278559041	5.1675086616137	5.49296880984874	4.720105291058012	5.525874674563389	5.124790988602324	5.202110255512306
5.041445687973287	5.157834489831888	4.783237000678435	5.391765044468194	5.696815691565109	5.184179798726144	5.239323344522918	5.308007964425371	5.432430135975811	4.161589336299949	4.18279321702183	5.271727240488485	5.092027252747011	4.772033675668529	5.233862335356422	5.731319037000749	4.877721443703155	5.300207493354191	5.565079402289452	5.216256527765191	5.463030535076455	4.661320950069748	5.545332601219909	5.2832221605521505	5.118091729842427
5.156544494057179	4.987286919469339	4.770359868343207	5.468975515285358	5.726361632204661	5.193940106008838	5.418213346976359	5.277489565822292	5.367977574466154	4.762027287005405	3.785272769546729	5.22111192946527	5.02973758694309	4.719857207549503	5.242311307288407	5.694384920689861	4.731184926814789	5.2372353041020965	5.44459646946949	5.311916107813621	5.3477321528595905	5.080525482224514	5.644267626713217	5.305088796641054	5.207521336198569
5.104905211540211	4.89590111921364	4.87703107887581	5.504281943911562	5.746198793085493	5.026479003094025	5.386789072890012	5.196365295432813	5.502538939211379	5.283535650798054	3.8125816641068075	5.287490505433092	4.929490746089569	4.702557500972876	5.154475698355808	5.774932200615066	4.666245624751942	5.336699558664061	5.410131518833948	5.216252428981925	5.435136951809265	4.986329954707168	5.595647103006368	5.287079155361389	5.161593340855086
5.34227766740704	5.0288003241107155	4.7797888615414985	5.504838545557811	5.748610399318662	4.956384130812321	5.312179496063988	5.18143830527018	5.5442229219721035	5.37735902512917	3.7781215251438676	5.313337097354929	5.002521699477898	4.702661544623743	5.116817500983521	5.76786934349864	4.6325063821798285	5.465184485837335	5.421077629148122	5.180119427188362	5.488364850159883	5.108113398512404	5.530396458567257	5.229909972877065	5.191273046189581
5.346666428038681	5.0243023900489465	4.877269735333762	5.491926229005648	5.733584777183581	4.877703518215816	5.396122842962355	5.258168871086905	5.60154305543652	5.050934022149629	4.011818114037033	5.252978065889519	5.067803368344673	4.81008841191751	5.165938980425136	5.7154030372666025	4.603751142519185	5.405474203363256	5.306549724376124	5.074073672684467	5.479610953958296	5.271219827555964	5.666832352007212	5.453544583910684	5.321601478766061
5.314916175697359	5.219692520692686	4.907532266380325	5.5242047919551345	5.813452533284942	4.858175504532936	5.430507216653617	5.134675176220184	5.651781278675234	4.929542509362637	5.203987717805667	5.122943414014169	5.053452598455412	4.822906432720479	5.111886863337085	5.706432700373248	4.625682177328066	5.444303106938623	5.428114344580563	5.02435678434207	5.5189213759827975	5.349759405351958	5.653231894552833	5.191217340977656	5.09301140380196
5.327711464560627	5.3862981280659055	4.867885569479439	5.504201610276063	5.806372286260736	4.829316557210316	5.267754078680691	5.307645930714616	5.638519523916165	4.919706886772932	5.260681879820489	4.972370311306408	5.169052135218669	4.869877804032632	5.008265536494454	5.691734520886383	4.655538150755023	5.489928613246001	5.384442115706559	4.890431901380742	5.605128165212638	5.315140321143797	5.742452012043411	5.020014607572041	5.118783842703807
5.307642532022172	5.293000061609268	4.891099439040616	5.449623475321207	5.715530251467431	4.874567866782532	5.25056709678597	5.2617151039967345	5.6509902213529735	4.335756803472036	4.989268129313973	5.060819670524804	5.021805471152094	4.869734435414532	4.757913392389882	5.70721034740174	4.642991147906996	5.538919091427034	5.255802383009695	4.968583225237073	5.590469746564903	5.3383593131336475	5.809409551506105	5.072383457765725	5.099321703378884
5.350122608304471	5.23204817663223	4.882158162667185	5.405728716221664	5.66823585446791	4.921100455954288	5.121552903871474	5.238809398237488	5.566906483848365	4.702345131707677	4.986186324556561	5.111060176677957	5.00173168395445	4.793214115299289	4.739615732508696	5.783833791879322	4.607145805948158	5.331714015369238	5.504383626030462	4.9641817349670045	5.547551837758258	5.367361075401237	5.7543766001444325	5.071857175611583	5.238734833989868
5.319705150275738	5.1069550144540035	4.866310229565223	5.495613427118296	5.720363870554205	4.8215446875254395	5.064465699309951	5.129396391953808	5.4977572441569125	4.230415808257873	4.8694633846638835	5.117477812394136	4.949455526814611	4.770706165885372	4.885256261168823	5.806349770791318	4.685484037626156	5.190850725279072	5.569202318201862	4.997127962404545	5.612888328288874	5.310362719883519	5.665826875030751	5.145685578580242	5.410127277431198
5.327504296603202	5.095138642094949	4.848046620820714	5.518915178678874	5.719208347919736	4.7229764132686665	5.088698238617193	5.00441534363788	5.513444418173274	3.1579180792103045	4.892078429299777	5.07030965103903	4.894715897933672	4.794344411146708	5.0699173183696065	5.771394685477921	4.626844755554331	5.335304713114128	5.476281655939078	5.068412614227834	5.593314999652225	5.253342557530796	5.616254529763566	5.314647741721426	5.376871458562505
5.249612813205626	4.9233228641332785	4.885641521152663	5.452697415224146	5.7392356058515235	4.777587282677609	5.126147358949236	4.9568349843679895	5.514743721066008	3.443325916114798	5.1096356655030135	5.124789533554	4.977592092542238	4.754385938087677	5.128991246916916	5.78471333665051	4.6546027341618705	5.1980885024403545	5.496015966808714	5.1321344415883186	5.506132567406561	5.149235140711964	5.625441765281777	5.052806948728929	5.448124627027571
5.2941796895317825	5.006342403811783	4.759293174780031	5.528553411794899	5.726932298919051	4.8707712876278375	5.120620251928699	4.7832973007209425	5.485637077178531	3.153082318826727	4.951020840206387	5.159024698451013	5.1014901264661665	4.798545498210129	5.090897050029301	5.721324853351978	4.7273350143791415	5.229907601988235	5.593708079572288	5.166423971115213	5.614978474340746	5.014435535358644	5.6950153562390575	5.056884289052251	5.473372566993548
5.297808177143259	5.0077509821160895	4.792111397367173	5.46980578939366	5.702644699028458	4.907606306184551	5.135116303088627	4.924685967871289	5.54579795605495	3.4439934229819746	4.751412806916987	5.204673916869309	5.139969024599962	4.678585280665749	4.983970518451681	5.695867754732874	4.772061477377657	5.4365714374482	5.385468109433536	5.196418041349295	5.686732877791813	5.172377173323092	5.7070464382243475	4.997260310239087	5.495655786508768
5.261612923607609	4.987257268008986	4.8504034452850275	5.427713003885101	5.710044492212753	4.964427269965798	5.169451727664552	4.865468106092497	5.366617077681747	4.6705376437268145	4.588386652256524	5.26748285716171	5.059257193767105	4.668202342201806	4.888585355904639	5.778031792439498	4.840386439389608	5.428836586485618	5.404789863570013	5.069564076748859	5.761202466935225	5.274432446658641	5.689578149231327	5.035938130041616	5.493321514685358
5.227474304525481	4.956985360716736	4.795522985329321	5.407131271029744	5.703238574239298	1.2118342426829996	5.136596246642321	4.942964975682019	5.409757245932375	3.9599466984804828	4.655560424810218	5.138581710960269	5.039825910822411	4.627147359855906	4.7224677551325485	5.759355702535723	4.8037110214852525	5.470509925584652	5.2701024343438085	5.007794099544343	5.716514305544797	5.423667396739777	5.657246993718076	5.122246177870827	5.497539725076473
