5.234764940969715	4.983533081968285	4.683744940385554	5.1209129170032	5.408893616433027	5.175837787723155	5.174268820297186	4.776692974108836	5.555384128238757	1.8167464461000287	3.4953128777210964	5.291471763147565	4.744960163625941	4.924647943253626	5.152580186859654	5.571190970499924	4.977785634836223	5.444053505263019	5.358238126034368	5.14833514336634	5.417109989336946	4.395007603393039	5.7124248857012585	5.093070423791238	4.7188525643426
5.051896340408964	5.138265819415997	4.619704934390828	5.058298768510193	5.418486753106441	5.186967051278841	5.128103332767218	4.76978983898712	5.593236174742515	1.845920761729619	3.742375862126781	5.076802289482624	4.9811961622240135	4.687146479444861	5.075291931115107	5.291321760173774	4.941109201502869	5.403435664933012	5.427523859634189	5.158407062839715	5.250294486843587	4.43128446184495	5.73835632669436	5.010640644845054	4.75885387060206
5.107753088932019	5.127344481115802	4.810979918719588	5.205945754954966	5.398777339895638	5.187854706488494	5.029676207426035	4.957185733040002	5.640741962214478	2.4398922957533284	4.850500599469055	5.259081522732811	5.147577543320784	4.355834962176476	4.937841782399728	4.963172235892574	4.986786283988779	5.382263188489158	5.549793792535291	5.092533966428437	5.050883214749636	4.674386815510846	5.78923121364054	4.899734105845682	4.76889438073329
5.070614720841806	5.0778993938989085	4.656458205225828	5.174230694395625	5.34025368762809	5.230781973498296	4.972558903017269	5.357211565903112	5.646595506924069	2.5748403908975974	4.688210651609812	5.312128759365106	5.22757270598917	4.251602635661573	4.990763430692955	5.2431808895616125	4.947541750106543	5.463957745446462	5.635592316838216	4.6530505795348756	5.129570739459135	4.663537019338429	5.792822577943387	4.819364772723632	5.10775037534708
5.144606654616161	5.263886750504733	4.645750873903116	4.997478075470783	5.307172302504733	5.053364498780511	5.071975461734607	5.356635684925392	5.644871627160944	3.0655048914360625	4.2702923485322515	5.37356515614894	5.268428280638187	4.316882848545614	4.821353790977865	5.6873432381459965	4.814981184948709	5.421047627402364	5.546638306907897	4.6641124569862855	5.107884073135854	5.293650672400939	5.8326156389183845	5.0357017239367154	5.334041932690456
5.0657376551250675	4.960438965675528	4.616940607890586	5.2352707293608765	5.3479242094702775	5.218799412493926	5.144408675526599	5.319329354023335	5.645955395349762	3.202908586828379	3.8326523973705195	5.466307010592752	5.219144547874234	4.971924092241729	4.746236774421941	5.634839814904951	4.90629124798611	5.451909509746577	5.392295653941936	4.520314396820108	5.117916322457819	5.524341028155676	5.840198513580908	5.15044868944261	5.237142131753089
5.1461368411547355	5.021553210605552	4.5614701330989	5.25293336268475	5.237708138546207	5.1938433902359185	5.206664528222792	5.252399861599062	5.550306929895475	3.3230463976484526	3.3572912979520564	5.435331744860255	5.4379913875656705	4.9597031580959925	4.938769325572621	5.52768794989456	4.845724346334092	5.459782533724509	5.198767865634495	4.665754611383179	5.259390688701498	5.5950755480314625	5.842831456745619	5.316673827663278	5.342490397330164
5.221777250053493	5.014034129077768	4.766550110831592	5.202155830430271	5.218953856660783	5.151255444036185	5.274903480703335	5.347043707460464	5.602730370375294	3.415022625163808	3.4380702171580415	5.3959566552374465	5.332359455243317	4.865195689888354	4.883568477054841	5.367994183416762	4.868795260959008	5.3915477865984345	4.832368455404697	5.331109674809884	5.241222771386915	5.52814871505168	5.786716554749845	5.3242214217372466	5.337908812439768
5.296637933397035	4.9241854463990204	4.777488596765738	5.235758369744023	5.260648482170935	5.107594622599107	5.4507334169782995	5.306680217437226	5.569982929835936	3.438487494905743	4.029852766906574	5.390820605277208	5.164068489807234	4.654009211556084	4.798972943283005	5.5067463223232345	4.975189730815866	5.467619331584003	4.750777246854739	5.338389436524418	5.5278831862473625	5.56030312262696	5.673713044955261	5.321448366924371	5.385022437770545
5.471720281980232	4.817444010074244	4.755413581333463	5.244418376191205	5.283413869383904	5.058877240592647	5.545980036916284	5.35546148597747	5.5490251982446805	3.851166548175445	4.749154351355445	5.523699421703665	5.177613267324614	4.667367797131097	4.752439968483604	5.604664384611055	4.921120593645231	5.450678407226548	5.040796467622132	5.220681473569811	5.495161696845808	5.4323960500444	5.687419624778285	5.39640644218488	5.163780574284784
5.395103101523854	5.154411606910647	4.850025799864914	5.311070537511146	5.315611288531795	5.224856913340046	5.511971889347045	5.394940375533912	5.563150351265792	3.264815548772484	5.394487922947042	5.495558336004542	4.91988192353503	4.487524893761945	4.863311089763212	5.641040968714428	4.773621924652726	5.409336188296647	5.112093852400936	5.073161339379891	5.447058613287676	5.403980281126376	5.695890286339578	5.3099201145715735	5.086125979562666
5.337241126248181	5.080297195788548	4.903329559603451	5.310738164728126	5.370463616078379	5.2963535836775835	5.435586197604763	5.309729055415237	5.502389315163776	2.59578548780132	5.284043877590307	5.418896168949103	4.839812840024899	4.53049834595719	4.767084570273728	5.656276995791757	4.885427370914385	5.377252040168455	4.9355893506171995	5.020228315743359	5.472365900887073	5.403420742543249	5.756779951442188	5.403079178619855	4.894329092675243
5.2638697640758565	5.178741431686082	4.851883132597337	5.33541935365814	5.303382934288836	5.288067310956707	5.201120173833489	5.296987677127869	5.630137066913772	2.5513369005009254	4.550779471761693	5.560815367147816	4.883444590066228	4.744192542525244	4.6820340757218855	5.3931364942605775	4.9213928885346885	5.287193638818385	4.88528430907094	4.988586217922036	5.389432351203346	5.543111236910036	5.705043904627183	5.430219955405017	4.88099668492881
4.992961115140887	5.170101323019687	4.923123149110404	5.241601107768119	5.328512289287073	5.112990022971762	5.152925378480285	5.210122092168572	5.506086853932401	2.507394419219049	3.795802421770827	5.551539948368558	5.048685867583584	4.712179691637491	4.59681886002824	5.482753562618554	4.84692757474302	5.18418117692798	4.864120108538928	4.9515260336628755	5.4427293031305695	5.49938577825113	5.639699994558972	5.329298740648766	5.030653887425372
4.831054082305025	5.308986013862792	4.949214498585685	5.279201997193757	5.3936054468320735	4.7165836527508676	5.1679674663480295	5.241744426086951	5.48896688660907	2.704862469980287	3.5870002956131666	5.49721160883802	5.2763145703315475	4.716779058133754	4.721762715789771	5.555961190450713	5.097835421164089	5.132008080143673	4.951738830528205	4.9749041337549285	5.428287010502275	5.5171649335073365	5.694090414224579	5.38365564182422	5.072088638290829
4.829338040023128	5.312967761682109	4.9179297028415325	5.231238520223277	5.3307958243743645	4.95299867378673	5.197356988187671	5.1392421531485475	5.542738501974128	3.7464594576603343	3.652976690237138	5.427448525163154	5.255260191887722	3.9391026718977025	4.627507864132405	5.734258913654336	4.901682399914127	5.115548719688999	5.220184114078013	4.888075125036909	5.375027345455698	5.506378439502858	5.715056217295659	5.285146640014476	5.102239628403378
5.031498018467344	5.295827450303136	4.863105135071874	4.992876544080929	5.28058365552266	4.855575961688747	5.256563838011518	5.1181801645035705	5.536647948383007	5.21000801174765	4.0341967685529045	5.220879923744888	5.199779172250353	3.4870676357121364	4.790673158406036	5.798389434545589	4.913671796097241	5.148665965390517	5.375603881417689	4.897338677778348	5.260835541069522	5.484446477462609	5.5989615797961205	5.267093059639152	5.307078382229176
5.079635070644798	5.276578779091385	4.862216654609906	5.016552083533631	5.1509363075853845	4.872581476617029	5.194167213940264	5.122214730060793	5.601986269841778	5.047628786177841	3.6997271636775504	5.056554161113485	5.167001544148957	3.579827851592075	4.856673002460387	5.59513221844038	4.865480463086193	5.0801914138101365	5.3291237938968505	5.018493697312285	5.252552480010533	5.416544814497764	5.6312336543045864	5.412847865376911	5.145527924977017
5.23715830965797	5.270424801467483	4.6707486616707765	5.1429102727987015	5.211432232305745	5.25815233933458	5.173288637058857	5.130327205889735	5.637212067817483	5.081056597630728	3.5573774846197264	5.071056562630032	5.05257119835196	3.693856828343733	4.462701664882528	5.6029998707456965	4.913827537146939	5.077597967357789	5.44215348574525	5.086660706534261	5.4372950572951275	5.318746285043533	5.580710889818226	4.82756161156509	5.131703714994753
5.300624810775946	5.40254704303922	4.6361222941036715	5.15226391172306	5.146863839835949	5.36765887779402	5.100626910633521	5.221080058236906	5.658378607679036	5.127950395694714	3.0671833754864584	5.154443485580557	4.72561964728602	4.26543511865246	4.8425322625812806	5.722284898925544	4.993962467712722	5.266621201729101	5.452516191125631	5.185634276950349	5.455179345491528	5.261032111788301	5.712321505643996	4.694099518064935	5.190896660615103
5.466030564118923	5.3702698075082935	4.518353604449432	5.032028445939137	5.176967575818077	5.309336905154499	5.2169738838802795	5.322510315932453	5.560655204825224	4.735993218244629	2.8246630535647723	5.267688205706886	4.767286568164569	4.829487076829398	5.02220909175869	5.725099564251046	4.931856585288703	5.323946549482969	5.322885249596044	5.15240587003876	5.556386314071101	5.384081707219921	5.870158558710286	4.776505515023972	5.131819423739569
5.159814831481416	5.528847810787391	4.466659918402208	4.9473335642281615	5.466601258546153	5.314816132726429	5.332860102789122	5.391013537604285	5.493684125712894	4.953222646464322	3.3622219989005497	5.330976913370947	4.340672776999036	5.046515086222674	5.195886909801695	5.709692943699466	4.884427059527219	5.216055138650103	5.515467079796185	5.014119078090679	5.636569150380851	5.248908191809861	5.897974118287645	4.813056823450645	5.203165374508955
5.088595399681074	5.563093286819974	4.447921787677474	4.914434556712275	5.300876855919912	5.154818594182736	5.351644762374634	5.359425299921121	5.465798480540254	4.856062299643823	2.8080863828080207	5.244499085862455	4.390725930633624	4.903093829323225	5.180548409066526	5.792097737051592	4.733225614131186	5.25525687823683	5.4409411286474905	4.911400492911133	5.621511291303218	5.336880686474534	5.877926913968912	5.185564629254885	5.053317850600288
5.158434841029864	5.5583876795521165	4.526482819820623	4.876564888282885	5.211374626836791	5.145907299062084	5.3637572203406085	5.350307415920018	5.480771711406472	4.950233719152046	3.290657966498806	5.335629277974266	4.721558875736183	4.9637630198971205	4.958807633592985	5.672416428107449	4.819864303704247	5.325650598085164	5.103769792329585	4.949501295304408	5.56950957284647	5.36588825627989	5.751373912713054	5.183181895678131	5.159478550857715
5.082253658890763	5.549654006153386	4.572008830539214	4.871929537177415	5.224877402182753	5.147567567207865	5.368284413174632	5.3770765907667375	5.4156833972693645	4.879783202132569	3.1594661757152864	5.253398763598903	4.611823637882378	4.808045026780285	4.9949170392831785	5.671389852447407	4.746761509249211	5.337951274595342	5.099705370430412	5.04036267074399	5.483728363546177	5.415625649893061	5.734369441372422	5.187232883920659	5.149434763428187
5.059859243248673	5.437045360920079	4.509568478419684	5.177278134083371	4.992102878872684	5.137574741338789	5.285786062468546	5.2180102459486335	5.50034034343117	4.852694723299677	2.969655422170853	5.176494974607975	4.973328537049451	4.696247769505714	4.973788199222076	5.680950262814351	4.534655937026652	5.386864702781151	5.143141558590641	5.038453351308566	5.499366836368507	5.331502416184883	5.807522256383303	4.934736549457989	5.166735220311049
5.300577131869371	5.403105091281797	4.476030328779138	4.766819526710552	5.010450947572996	5.0580570187215566	5.281873266266038	4.987885432844048	5.431476445314172	4.716280585366532	3.8397993232904635	5.151093712016517	5.1075716844040056	4.71270101216762	5.158447384439722	5.66510147822684	4.1596420836692065	5.394165458822006	4.862037477749461	5.010372384149648	5.4579115359614905	4.933556795647916	5.793175013492397	4.90779045524324	5.249007135277403
5.31607698096389	5.437635930751802	4.412219766557429	4.7099891296450656	4.912789710375612	5.2965919360728275	5.305219716202875	4.959353524561151	5.53261513718501	4.558519569519703	4.8461529697876795	5.186928079358347	4.990980649968236	4.86433553280845	5.3173933862161205	5.658634622112945	4.177742738372362	5.415184565177502	5.036044940244417	4.9919027415283495	5.453874668301024	5.009351064888441	5.76164545050633	4.866430012926387	5.196320844978535
5.159694817745375	5.268213960034062	4.460406101397313	4.692075336896821	4.922372733436053	5.256351383391391	5.298821500519097	4.932686468385868	5.566579748708743	4.582787208460998	4.071733420138159	5.35554533516887	5.09583521168312	4.877110464252317	5.259925093189485	5.696270896737426	4.233636130311524	5.3867843040763015	4.964230233660234	5.009187617140713	5.509706625507851	4.976460843901831	5.780010838096801	4.819586913046407	5.222704048361592
5.150620449925413	5.214970933147657	4.479787946929424	4.795413192212972	5.105850049205401	4.971325609078203	5.178202373474196	4.948870553619328	5.5571640505140705	4.811646642161815	3.828014644214254	5.414133260179022	5.131730324348409	4.805454076627102	5.010661493710733	5.705632003982843	4.577462351978946	5.2987354091583585	4.926560933226341	4.966559367606724	5.480714809697251	4.743286174295627	5.7328122687110445	4.986111658538625	5.051499876625946
4.907460189917424	5.179666502027352	4.48581318071291	5.418830183258926	5.31736087100441	4.9268034525166735	5.259513729461646	5.024127606680836	5.565104637241277	4.442602760431054	3.628074984193753	5.365174641607366	5.482749905739961	4.809832951919744	4.79131824822487	5.6474069798866555	5.036119890639489	5.2426341820235685	4.730385455493996	4.984317000830384	5.533529885251945	5.1658083354674975	5.716171612759205	4.9806132314122005	4.997925011725474
4.632293494239652	5.115434568050839	4.412579807455815	5.37971527539699	5.265526056526563	5.25567723836485	5.194794987622482	5.015145959415107	5.579759523926566	4.741267327687834	3.352219543706121	5.444004852040635	5.349765647011698	4.837089851852152	4.849617156853664	5.692676600616921	4.879887202178305	5.168207269772294	4.826701657892541	5.076565752973318	5.398725867973459	5.091760632158679	5.72470060083798	5.143013130033687	4.869360988514648
4.518256247859977	5.336915009193902	4.596866210722482	5.4322463313338805	5.321920526609255	5.3172043926046255	5.146194327286559	4.993485008782737	5.558013487187972	4.741173823549039	4.201606620168849	5.50672768446393	5.203322416872096	4.775852218993406	4.491880300019842	5.660264001568981	4.916551969686177	5.024169889853864	4.762947419362734	4.949282156383142	5.328247317051546	5.542280712955172	5.758566891969867	5.206553785743542	4.834608463407419
4.602066389515847	5.181389656528306	4.6391216183888435	5.436154637753786	5.389547458201219	5.075512656550433	5.014504158612803	5.086862245131551	5.618214563836804	4.599664690141049	4.339932031558706	5.570266035121542	5.232506604844378	4.764417144722091	4.351501077100092	5.610213242270539	4.851154742911596	4.89812476710993	4.7337330242915	4.973992667406198	5.396399014814339	5.494903540683032	5.682085082938764	5.163734191992445	5.033925052719116
4.704652358071933	5.1282594941968025	4.765936858966451	5.387398220138822	5.46909986103091	5.221715557308905	5.056876193813018	5.25460342261362	5.606901282131978	4.943718662877801	4.3178745643497125	5.566708814919868	5.079615624784588	4.898455583437419	4.3465308963373595	5.6812754398621	4.849173491910073	5.035095068439032	5.099928649633774	4.97603497406613	5.149819488126674	4.988455563378212	5.618626285021956	5.156948554552702	5.312263957258544
5.007393352882856	5.242144443896578	4.711648893473349	5.360939305000038	5.382507932380421	5.263182369315465	5.109656722308017	5.148705032594597	5.504420721871982	4.9282907594876795	4.36258753678822	5.404011994097797	5.117415460518656	4.875272320391684	4.385103864201656	5.628574534299671	4.834066492230549	4.976370187528755	4.923770590624752	4.877690242537883	5.29881197394395	5.261824447058077	5.660629306008335	5.126830585771797	5.4780962998961975
5.241185445719306	5.278105328749709	4.625094320790328	5.392359555288003	5.403771542986897	5.394414629870323	5.031628537347053	5.261872455685171	5.405628606923147	4.936538143057161	3.9778766635308527	5.3307539261834025	5.186164536820568	4.551426024802081	4.961806458131488	5.71561333449618	4.84108727022036	5.141361310337742	5.487289970687709	5.035184662461941	5.433613917929311	5.330142174880836	5.650958945289708	5.1869795034489306	5.407990363776338
5.210773145988832	5.272148087442514	4.338756171520537	5.367723368486159	5.419666253824028	5.198147289957171	4.8443791792196045	5.1610174197766705	5.311649345296492	4.821883971131134	4.341379532344018	5.389829045377247	5.135083964584633	4.5146302923893815	5.22668010042718	5.665639290199702	4.7106137427713275	5.256120489344212	4.903951199689301	5.01601900464308	5.246697110070598	5.233025398720528	5.690383429217376	5.330008285581202	5.046233234780318
5.1646022427412985	5.336043811236683	4.4730570003672785	5.455695476981887	5.4850116185573485	4.82603393961056	4.975074142132357	5.124735002343341	5.370957359351782	5.0617497742953095	4.197940393921532	5.374331804864726	5.173973223056317	4.702849624176647	5.367608651229428	5.7548928240601	4.6782962859885915	5.389298573922425	4.7188045276337105	4.98600217763496	5.583177002797074	5.290337169400882	5.670298717214697	5.136516954202136	5.088604636799527
5.158099888418886	5.388131345967612	4.573215813124484	5.394233027234415	5.526949006550812	4.671242456184855	4.985046093358371	5.081306756548289	5.523315027410898	4.492767460992907	4.647335304702603	5.463018928339448	5.00023959843618	4.561190483343741	5.383680297890902	5.705830114969934	4.878375865353047	5.312316608283639	4.197156319929041	5.088181963937751	5.292971952483321	5.272308885320781	5.696770992829766	5.366403191913654	5.176944639770183
5.204448092064671	5.380889420851023	4.5848215388702025	5.2800664245692595	5.290113201386897	4.9115045877562515	5.123460653333095	5.110367600125205	5.514267127704103	4.209524099157816	4.982309052394555	5.312713974079774	4.914614834571526	3.7297206751878154	5.351943271603197	5.692656668145586	4.904721242997308	5.201050912908717	4.0859853451361765	5.117159942302814	4.9356738346943345	4.976123957407953	5.810983693885386	5.306013730145768	5.165026171903333
5.321780368189732	5.364714143739992	4.893458815190284	5.312258334994423	5.056210061954225	4.860147127775215	5.2472511852981905	5.088556413662299	5.596371981027505	4.231558419061263	4.460178763336763	5.272260463001811	4.929312426941514	3.818520158031256	5.055648898285636	5.7285832464557815	4.806742919381234	5.0663961851829376	4.991468815618207	5.145335026794249	5.112769130544527	5.187087564019758	5.766295382332339	5.286766153469308	5.420104553296679
5.365200792198327	5.416663520731901	4.905309807308971	5.337632625177654	5.044895890873648	4.857138571860052	5.057354246771687	5.059574166582211	5.51854837330836	3.3242275116754416	4.113421675534553	5.196631092986988	4.659381731824308	3.8187519259894693	5.0116322287084705	5.2371752382836325	4.928201700575215	5.071767778972687	4.443039857878696	5.062099401372638	5.282678784092804	4.898519805443201	5.765413730772636	5.3492009457365395	5.33406504889156
5.396517841712875	5.367188677425274	4.7175600816729935	5.283859381859331	5.094286252171867	5.1413623314959365	5.014147102297835	5.1467175849445255	5.561630638314146	3.3980525530570107	4.046603871523216	5.117289930400131	4.813005502327287	4.289020388754404	4.9556082988126935	5.292812722273296	4.896556225251603	5.043976785370114	4.161409671068738	5.116023440901651	5.398176743344101	4.898160721080595	5.7982197464268	5.215850851753393	5.226011995623533
5.223978086630344	5.353357860482641	4.660994314075933	5.315851885679932	5.171077802323184	5.024916012075463	4.974445486009858	5.110710515242002	5.609056403501889	3.159931390362848	3.516356527577016	5.329350564203175	4.938895741258057	4.748690812272569	4.994360500039064	5.183160938118557	4.891012181166494	5.043602163716273	4.167939658389574	5.021351937181091	5.39180807128619	5.025735840953376	5.757984019324452	5.194056232422128	5.282716024163085
5.03877470994003	5.342662181031785	4.687980076451404	5.373815220317844	5.170319509780982	5.003299504192618	4.8925376052023895	5.061616804348199	5.579376527836279	3.1841654826885377	3.1752097507916464	5.456607678573442	5.166275607720835	4.801512317144976	5.110142646154642	5.192185432881441	4.822888554718846	5.091784372300132	4.27579505535387	5.011850205892084	5.353494949449747	5.116816071559244	5.852873984937871	5.321891523439652	5.068175988269637
4.932550956624364	5.247971834014593	4.722539669099097	5.29271431285492	5.263387337211169	5.069995321291749	4.833540886290141	5.126183057257999	5.576215390714404	3.667644224045893	3.1473787551262817	5.3265717595492905	5.407669068006803	4.886425650036146	4.801601167609332	5.598089645639828	4.769393079629658	5.218157467740945	4.558437848999093	5.051706043018983	5.220354248259407	5.310049367414369	5.818872377101236	5.315982064053138	5.161578559783404
5.005130204936685	5.293129102871533	4.619353036055059	5.31068067235707	5.176285081260514	4.951732454634353	4.79753018255193	5.075438974775506	5.583535833164128	3.2086065484186927	3.1391956584956078	5.56195861543168	5.3963026473323525	4.934847192698656	4.347641276392544	5.690067063167172	4.881821620630204	5.290693903492453	5.2241352454084105	5.11156487113955	5.139158441760516	5.227009818971787	5.76528368962879	5.238316256586528	5.3288880053359815
5.006165851269161	5.412494754948075	4.6725186754683135	5.028591829185315	5.218818505117495	5.165317858792776	4.922223026013272	4.97735999042478	5.582400359415438	3.8153363112299328	3.922164862265603	5.475930577090699	5.266557244516102	4.777045072825534	4.222175102553238	5.63198739703298	4.958365602809896	5.347178863693764	5.5181902153319955	5.12271865008473	5.274387770220381	5.185290727916206	5.730929089465887	5.165367030333119	5.333644874993793
4.989044634183973	5.39817785560865	4.808835330818007	5.030234545095097	5.2737918123057	5.144484617904906	5.001235595689306	5.005083522420825	5.56827986835172	3.3507452424178026	4.840634451564725	5.375049654205597	5.131257571672668	4.855152631780657	4.271244731870917	5.605575525782456	4.985760874506054	5.227500341624147	5.482138406686646	5.132426144509731	5.464052190422921	5.178548275636731	5.754971784625452	5.141341586194859	5.417547142088887
5.277949760063338	5.434839025604073	4.674865550449323	5.0919686060878995	5.223258215130432	5.233929310997699	5.257140145791323	4.864080559763449	5.584171891276971	3.739803074038236	5.670294158946461	5.545581044041042	4.974764038070447	4.681406155138026	4.394587876137312	5.69935745406106	4.944260210606691	5.133840531732716	5.174574388664499	5.117104467090858	5.393443782857318	5.459219880486118	5.658262272314258	5.338319832501791	5.298573166986167
5.248109530440422	5.3656633439808425	4.617581120832745	5.145907179340998	5.327524912543369	5.402891084014651	5.165338815091456	4.82404378500258	5.583984915930458	3.7338160486148535	5.320444057449443	5.406133466096711	4.805872945876051	4.818908179470165	4.977422719155412	5.776871533047879	4.743077657161993	5.0763544465352926	4.998528995888583	4.980461158282659	5.445018236366563	5.529434734970866	5.683193657165492	5.5109676160686005	5.121899668155645
5.098944388494515	5.392398668217243	4.68211254309917	5.242047788743961	5.384543386918065	5.289713466891649	5.160442940264128	4.8928529970045505	5.588565914128281	3.5281566982818866	5.0439712950175775	5.394335001960309	4.972067718089331	4.988073833122796	4.980711352601349	5.736248606356853	4.751891777983505	5.095077770088152	4.652666998800233	5.133785008782518	5.315105287838905	5.5374897122329845	5.716712121290878	5.362069119502442	4.928163764014629
5.270595986404211	5.31686808084945	4.806156993452665	5.395735865433921	5.380276806147287	5.362954664041665	5.106642439281784	5.023115927000857	5.51386733301057	3.471200694230271	4.76283238488278	5.321300474811	4.959147562188113	4.949056258494917	4.904023036220039	5.6815954973522835	4.780598157367979	5.189244955266249	4.677543754466932	5.093347420804355	5.351315244104789	5.44575079592237	5.736959253821179	5.394296804130823	5.192555233861294
5.1965464969694874	5.298741798162419	4.862425086783669	5.360299585342845	5.248189516915788	5.271370269389055	5.175435625861689	5.016634035188169	5.458202276007402	3.4851069597149023	4.370407950129653	5.36867576768847	5.099848671718092	4.965098704167814	5.020235358600917	5.688686870294919	4.6831185157544635	5.277886027971696	4.777730690454852	5.137088536777144	5.236444818871114	5.012711648703364	5.821949022056957	5.320041789101236	5.188859352065214
5.260887110799778	5.359691387608633	4.847034800389619	5.531172453309377	5.30027366445188	5.232137233782716	5.005477642043359	5.148561349790352	5.297122809746382	3.2691261255046493	4.181209894338891	5.4329340300623485	5.392043632804718	4.883118624102567	4.864909928356647	5.594994179246517	5.032565772418873	5.330470092256763	5.240645015160354	5.253785846154787	5.080425420016338	4.892594929776924	5.742634396074721	4.9221674555874655	5.251449281696204
5.232828296944004	5.396259200671399	4.729934661909027	5.440666937196445	5.420373704727396	5.228610250342307	4.886737023058194	5.2322543342885295	5.383266769800063	3.2803075096245693	3.9494476213970713	5.4746193232373335	5.3117895346378425	4.9000893870882765	4.928554906232053	5.697554872968995	4.987112035233999	5.325043086118805	5.291920390686904	5.1960388443562495	5.1016265934107405	4.972801396872599	5.8031892493866994	4.904277295882972	5.247647479978717
5.3659052909171905	5.392264577728403	4.691689535432269	5.366004438210565	5.425302003104049	5.087432457457402	5.13634111528855	5.288089367126526	5.473053745192601	3.515356605770406	3.664508067694042	5.40462611818185	5.323634817253455	4.996054580268004	4.849735084765426	5.729750851084615	4.962956076496387	5.3621313993474065	5.4862404920951295	5.201338314674919	5.310210490963506	5.060059734822132	5.823984631227768	4.882705488354407	4.9990154017607775
5.340962257057836	5.468095600910022	4.776580329666	5.448724059201041	5.509461164087187	5.03685681925429	5.178188204452808	5.353343802937045	5.552267834111297	3.3670963713241786	3.8651538046836444	5.376757004781341	5.349554186423869	4.844947855346229	4.870777555592196	5.785783004918257	5.1471547625421055	5.169939126453995	5.03152435981515	5.219154323604728	5.304824026037468	5.21854483632601	5.724413079390181	5.024302810456681	4.907368410769877
5.307008326819234	5.483188228438561	4.63113588496751	5.44502649518764	5.474493985069686	5.141402228728927	5.269799677018113	5.36667304621964	5.7115743709814115	4.027617362187184	3.6068822792793944	5.333397355691466	5.345003122882467	4.802332255450379	4.871102697627177	5.773268060902049	5.150632651100876	5.137764579522687	5.206874502915511	5.206908399468138	5.397593952441035	5.18343644011281	5.696864449158745	5.1589052684962216	4.98545327486267
5.30926215154075	5.52061623464946	4.759962879414581	5.41384305921402	5.440452951776037	5.2446806741466565	5.295176456309627	5.279504132826231	5.68054645340236	3.7578929798912033	4.354935127431882	5.349608770467476	5.334332749668198	4.916666928208331	4.915281346873815	5.695796262903293	4.977984655698383	5.2128601015356875	5.181544209916184	5.212059255700831	5.502657454617611	5.238004994247942	5.7015751804868415	5.127380643050105	5.176170639335512
5.173256157501729	5.475207116690891	4.750438556831201	5.430129381271924	5.446079312713049	5.252500049215865	5.28953311250405	5.049458515637087	5.701212045316532	4.082233657743412	4.594860397035674	5.382327630840094	5.316337305148988	4.797272152696398	4.817576234446698	5.7742820322735025	4.66491617016346	5.284645632928631	4.858931450519818	5.269286297940623	5.303641666453045	5.370230502490626	5.697655904594982	5.320888812438804	5.444124910737241
5.2420078358616315	5.431398338149911	4.789862553770674	5.504660769682989	5.393106662295477	5.314375412119165	5.258851628288531	5.004364427812178	5.638874511760696	3.856206157085667	3.661325531460482	5.455140555291628	5.332452980725716	5.016811624128001	4.874505151137582	5.656265586411393	4.445542630798116	5.290397620111384	4.596806247937062	5.140089096100955	5.458039151127031	5.464422063328153	5.57392123376457	5.37834455237881	5.461343149851422
5.215134237414106	5.380235393745731	4.876599550979386	5.381078843933705	5.483331525775108	5.205746459053582	5.1968430645995305	5.074050569666942	5.640591197359019	3.574857617114273	2.8439566806180268	5.559071937622783	5.418992094963064	5.043713683363137	4.995671015993974	5.815541279365209	4.87924255800903	5.293302737825219	4.753688322757737	5.123863026160081	5.390972397746898	5.420479741764048	5.599102040508966	5.159558961320682	5.385594757086507
5.337757667123288	5.446234563609334	4.925793917607699	5.3619618474873025	5.47244467529839	5.235448228794612	5.212802216521102	5.065433892092045	5.767547996418334	3.951253840101345	3.084574049076319	5.529456364048535	5.396973177146976	5.039850217197999	4.993959504251141	5.69522087636657	4.559245572193516	5.1550894940140575	4.746840912309802	4.980295660502632	5.428951600316533	5.49798213832403	5.740210015535629	5.065942633580104	5.207275426029678
5.367157434224693	5.451785898667213	4.62979029917509	5.419721168608386	5.403898255588992	4.96593846488024	5.162405211284289	5.152870460500109	5.66803537983039	3.1880213309504644	3.3164068344717044	5.447440095593389	5.29208355565717	5.0335904907968425	4.917358120755998	5.8083675477963705	4.604016099962365	5.042298701493772	4.937445753185139	4.971500526703427	5.533197168486955	5.48491849787028	5.688058225664544	5.042070618575557	5.076978604861546
5.391737713162867	5.239813280733599	4.699393325485744	5.390874034994008	5.352334771129959	4.872150703024163	5.053114543897212	5.259046436405735	5.555689234397185	3.089114299052731	3.618864951309972	5.243707168830482	5.353041520610523	4.899424425014547	4.757133832020152	5.7820422533786715	5.053036050703739	4.947788534427763	5.5523344504097745	4.955655403058661	5.520589577553413	5.404946570556422	5.744921200719467	4.913864543988561	5.011505714261023
5.496417938120544	5.282883496904884	4.7522812591894334	5.381738501772512	5.366137919375054	4.929401144175588	5.155459660338526	5.197121024483505	5.548306204566846	3.4499736620886923	4.137237997480759	5.233186583616814	5.220395394299231	4.968025861480766	4.881362485391856	5.822124057559786	5.080549151405185	4.863284568958209	5.441793503370251	5.045515969298963	5.5745894157615705	5.515689836278378	5.774921687996882	4.882298357072698	5.102258610372937
5.425066385241789	5.302080584697087	4.625231217564622	5.358254962028908	5.389846031798688	4.8522444213063265	5.146056044652964	5.135941438917984	5.478260373312821	3.2847464978121237	4.610395769079938	5.246689035190131	5.263962557815571	4.88921930023597	4.818330387009847	5.778789346221019	5.1466126733822675	4.979459139453924	5.648536681950861	5.134994468392459	5.4602164451162505	5.515801616704346	5.72325425619841	5.093852064676328	5.104128767691634
5.290752806814036	5.3389367696865735	4.798260334796105	5.351860899510452	5.465511855431029	5.134719543900955	5.152507916505575	4.786594169314583	5.4846515364587685	3.626117929562071	4.544202978257539	5.25300244410431	5.316401976363067	4.863602280970591	5.010760654254876	5.702527741754916	5.001886821506019	5.120931209415497	5.559789996751926	5.133557016491398	5.565233287331137	5.483182360481711	5.689250816200975	5.145855691637905	4.875267769613957
5.259252715444819	5.470949217169986	4.727938248632661	5.310600407691839	5.373220482913473	5.334041224289872	5.188093071628563	4.691707165065682	5.502319235223755	3.528999692371805	5.065184162581074	5.481435188021692	5.273741793612236	4.963683009813777	4.961426366590409	5.6207498363269774	4.99258527554614	5.2718788520924535	5.503031463532493	5.221545463789746	5.6709362405895964	5.492865569932047	5.698310516794139	5.239353498850251	4.751007299003743
5.267136954684987	5.473021996802431	4.709757177770864	5.429670081224855	5.3885138239544945	5.086996456536291	5.2384585230501415	4.606348082718532	5.553941621894664	3.4874398568955107	4.096551271157486	5.48459790499796	5.1224515111306905	4.924406810380257	4.952140144693271	5.700928042923156	4.998677783289987	5.34375166388829	5.559530853956084	5.077233543264916	5.6497160118911225	5.473255290233626	5.7862023663326605	5.295056774976988	4.713713602742214
4.974473900481746	5.3923916585122	4.66595652273688	5.428095111718141	5.376045232167228	5.273143773324947	5.124228234787385	4.575253864904382	5.6701202753854165	4.0862245142989675	3.418640812777661	5.4986893676608934	4.782594795179814	4.878797142729359	4.951263197689403	5.7291756416053286	5.026252217162809	5.416358866357861	5.360596229569821	5.023394013429413	5.6459812214777285	5.495144820619615	5.734051579314232	5.266822247099924	4.462415341623048
4.475334287539859	5.269581532932664	4.674466741571634	5.437488412527552	5.370047272148896	5.319308638890703	5.256995776771399	4.970507202993235	5.572832014059727	4.341331874798843	2.9889464905626273	5.45789470721772	4.8859554416545485	4.775107318607431	4.867668525745224	5.723254553555838	4.924596757736095	5.242964675764999	5.389039921383715	5.005538978290365	5.457822970581461	5.48472621761388	5.674545957230271	5.209761991210903	4.741405024669864
4.741892096428486	5.476486751024564	4.650814696051021	5.421768086340879	5.344323351513565	5.238899376412777	5.159676440914128	5.026929891046257	5.462481917098442	5.068602062934913	2.8927008453697196	5.329242169677824	5.163318284008475	4.584635095852001	4.868798516675544	5.716079779898445	4.992161418561735	5.218490668014507	5.235097366921856	5.093612293193102	5.465576152229683	5.428067040902206	5.686832031462162	5.31067531168205	4.915065355913351
4.704615954961007	5.4450239610811275	4.6852849279375395	5.408922123972018	5.350350720962067	5.366325061164049	5.029397503675652	5.117145762426074	5.517219892601473	5.12021535036771	3.034567468589955	5.287324864028343	5.299408229763629	4.538830469423907	4.8533132318141545	5.530198929638988	5.0111484650172295	5.147810497092072	5.1567526165493955	5.236809611674946	5.528708754963278	5.483608941090705	5.616584492710909	5.143246660734658	5.228004850135907
4.804874709746354	5.470847683852902	4.686700885554423	5.306237754749874	5.295823666157925	5.338029003188193	5.292689615219588	5.038553915972945	5.472924797809613	4.746184709261656	3.3472540078150437	5.292596001987294	5.3412971677195005	4.505683521070591	4.774500763143162	5.7288683987205085	5.055289478037694	5.077907832083337	5.322121998820446	5.3438186654481825	5.4072609091384125	5.364508461659849	5.634444682263409	5.142475205658315	5.039766831116084
5.4017977027099615	5.516327311301181	4.4885595163422325	5.1217480795686	5.150438865435625	5.276787351453	5.165177150765525	5.1574245135821055	5.435098442586197	4.88155434203159	3.795557442220768	5.367185432433688	5.342888192974711	4.3769207610574545	4.460941233881817	5.753726005998295	5.094096840390948	5.1501158799094195	5.5550422789774405	5.207675774886673	5.519633278061896	5.146236437297251	5.690185244928564	5.059887423746807	5.056333415443519
5.373799368028102	5.380639141637573	4.439739048367162	4.992105081261784	5.219015361095926	5.194142740686295	5.0611507896697026	5.173948486618731	5.613208065615588	4.735745690006202	3.3295720270639184	5.455142353759364	5.137804151290149	4.469455965092499	4.866533041098395	5.702500256739485	5.194240351582913	5.080968913910002	5.4042478393843885	5.101460029624156	5.435233864591132	4.985919085027482	5.783154399381306	5.077682706638867	5.074234121529202
5.270524386495311	5.458067932846046	4.596762292389416	5.062622979000169	5.2906486626202796	5.100481809098104	5.088640530872442	5.282914946515389	5.550224546415302	5.050321291235503	3.7067095345936307	5.516772466958206	5.089405566805214	4.6801195173655135	5.050061846196814	5.653804968244966	5.142282712983913	5.12800844358841	4.868348498165301	5.029514977830135	5.27322242181282	4.960161720537723	5.766310242397811	5.1277592921437805	4.924632017923233
5.282889391590981	5.310463479380703	4.771311388087047	5.115038120812798	5.224912902727422	5.03401824131139	5.099970924756701	5.423168680707931	5.659485342246148	5.278693876554056	3.772771096880331	5.305987448430219	5.247193980901512	4.976911254779075	4.96365818086039	5.743119283307117	4.9894447822989045	5.260873079070148	4.933537568414564	4.85964908380895	5.263440284537198	5.199001253513282	5.722593381961593	5.134322632442664	5.046409662891025
5.202360944115419	5.396370344179362	4.732456440440046	5.301220646597514	5.31422565815695	4.529404136469175	5.140253812983193	5.404779534477087	5.692653169505343	4.702487074757771	3.3965856507309735	5.303765206238249	5.309553269567603	5.190873059960843	4.951706804970408	5.714319304847361	5.009806828032632	5.236286299844069	4.956786595939306	4.968030727187137	5.339063394571887	5.210361832086247	5.751024546792165	5.185730621673857	5.015166379874529
5.239975344299088	5.352839624099438	4.941295165993794	5.341572477969176	5.270822823073355	4.554941403648487	5.1420714114995265	5.378433989092468	5.565770454652668	4.478244498118979	3.8821634540486816	5.183787575597756	5.245085939447591	5.318722631981194	5.131021034186616	5.654568880073583	4.9210603475765975	5.306569197863688	5.304152449235945	5.08477475635638	5.264780492183526	5.385075412586501	5.75598444021598	5.238058094440198	5.029540480611545
5.267374846417765	5.456254261116134	4.834856721463319	5.3731580572010555	5.156145024194189	4.984714829309589	5.1802847047686384	5.40696764946311	5.715615803415841	4.423611077556784	4.342656856060649	5.254435639822376	5.28731606068401	5.12789205356301	5.313889241066924	5.620853991261376	5.1513467321378235	5.19445233182417	5.4889326497472695	5.1503849776552	5.269786933935622	5.380372831091494	5.750254597668859	5.193262193187037	4.929624301158399
5.221065457889305	5.228703958212364	4.925836281378988	5.371098663726707	5.076357458862913	5.056030540319519	5.265356254893786	5.323499359143236	5.737478329036988	4.134604773285986	3.817111490065442	5.377152243381711	5.208343137687325	4.817153240493305	5.188139733021171	5.646959727416686	5.095958641375292	5.26286810696859	5.4934912160274765	5.229269967281477	5.3180211798502315	5.366428873732648	5.758603994886744	5.181237924191128	5.118510152616626
5.3462035555996605	5.159048873811621	4.844961443980148	5.3295505670653425	5.190032614258152	5.082396498773466	5.308719414883674	5.339146993616499	5.656911388682663	4.816604443831336	4.014277191235129	5.348515276396691	5.291148825982302	4.835963868669621	5.175172304163048	5.536096870208285	5.020464273839869	4.901520195080021	5.541214229721534	5.295036790931203	5.225696399734959	5.312594513055647	5.658520993252823	4.914792712247504	4.946105116129504
5.493469644873993	5.0749935591717925	4.733620844655224	5.363037662647872	5.153820329411496	4.973921999570262	4.859532527468427	5.250992491144542	5.551640786609007	5.132711501792632	3.6531007287736403	5.3933297239786055	5.165239528189955	4.785037080916397	5.232945049687294	5.475754418340755	5.014202654262949	4.792528307892972	5.323178368798036	5.219654014583973	5.070833159299732	5.373011134062609	5.680016734372059	4.805058954330335	4.96692515531187
5.461158086820541	5.188785870197655	4.626121574553127	5.441826493743066	5.2397368435884495	5.298297042899612	4.91516241713354	5.229498617824732	5.529700590850599	5.143922978522484	3.516976195468305	5.260208652395353	5.187721614071965	4.572929285056555	5.068987658950573	5.620913297667166	4.878217119254569	4.808538247393497	5.304463471094528	5.154402530495046	5.036038755229586	5.421399692731686	5.597794499175927	4.9861676241055815	5.040990440077447
5.481033791113742	5.407851054835034	4.616294650524815	5.493394905062685	5.311814721300061	5.286129677888499	4.963145381494436	5.2441714169781894	5.537154933396463	5.100035596650085	4.1074645451487894	5.424236800974038	5.244204318031905	5.000080257117207	5.122714613199986	5.573790449900202	4.684329712201194	4.765566389498154	4.724652723899475	5.172570259769638	5.112740648334588	5.483779439364057	5.571941309708176	5.057785592051532	5.018875600507334
5.4544329522826445	5.229396126699516	4.58919668844839	5.293782390643461	5.179772618903612	5.253111379727897	5.125260192929105	5.351961860969707	5.5563090956770855	4.945895277001405	4.304015449230751	5.315904357358413	5.298058916316865	4.950325103007009	5.154016921967824	5.59547536748186	4.719687257034299	4.992641390443788	4.667793335728165	5.053469616187602	5.2048898184034655	5.508701991951474	5.708570789314228	4.914810643512035	5.110523332221678
5.469018372744783	5.309820447642904	4.7078283069295495	4.796487433746071	5.176001755845436	5.255671161710775	5.11374444292779	5.355584046433651	5.576742867948901	4.978597365919724	4.711362636872095	5.304665212123225	5.365846124355294	5.065251408485994	4.978112198480915	5.674508630933988	5.005190911952476	5.1320708164277615	4.493964723133756	5.060179532810851	5.119995305116725	5.569360097003505	5.721058713830596	4.889507498273247	5.234775204751535
5.416231215885929	5.318499098229568	4.944816584912148	4.789308197402863	5.2458747650310915	5.0679045892741925	4.873281900733869	5.27160277935526	5.613383913008402	4.589715872487361	4.358127238043134	5.398245351655154	5.52915266003451	5.204753395970562	4.928298238299403	5.715519769612496	4.8802983312814545	5.197883347988981	4.284684342321366	4.988047647202225	5.3799955631402065	5.4314931260209685	5.697592171919124	5.016540026169022	5.140149601265739
5.378620810483012	5.4445428777630935	4.994358596536166	4.8474318811095385	5.085338236617827	5.133807359346818	4.863117568823236	5.214929248120203	5.509507951781673	4.758945606826785	3.689533764215731	5.517455028513112	5.401684905839422	4.959176600065636	4.8667517420258255	5.720123948373787	4.702406988726085	5.186367821699077	4.773246179962607	5.097888645882831	5.336040862659824	5.318134018581345	5.767239392947408	5.063823428936374	5.198766747251844
5.473690715036352	5.417910740777385	5.048069345810468	4.930724050825004	5.178421448974311	5.226290835737062	5.016163961873874	5.134848292945358	5.450667518202006	4.459873260072606	3.7563424783610904	5.198736494048589	5.368612113095369	4.860996529044101	4.909813973364262	5.779673514410615	4.6985803749460615	5.284281039917431	5.297268030546573	5.126194036468348	5.478565794132052	5.207009041879236	5.791925869564045	5.1691391995678035	5.194184366739502
5.414475792075091	5.3987220041795	5.021504961833711	5.258997149449084	5.3750412148479505	5.161897070556036	4.966131341465203	5.00535512742861	5.398025127197642	3.5225192680064525	4.588839128602604	5.147338434496127	5.431080404971957	4.86875753512809	5.036733174628981	5.781422113905023	4.7715702569821845	5.385705005659717	5.302901044014521	5.097125352853347	5.5006002728973815	5.0823830187661505	5.780601777262639	5.212567700472286	5.056800409922051
5.390130085832512	5.430298930599405	4.948178484342921	5.564413001376394	5.313201607925421	5.121511384090471	5.148853006443349	4.886868206340985	5.595127586110955	3.7427836712027873	4.299753496167509	5.24226813035438	5.242165330610804	4.804520289566823	5.097932710372662	5.719499717387104	4.903683206733654	5.331269440942235	5.57518010034796	5.082491886872815	5.488013488922749	4.955862933300039	5.790079730891711	4.776862891610309	5.228591021038055
5.2984978287125575	5.3895417423803185	4.824187879715115	5.528746984337102	5.332335172177793	5.252427443422878	5.073708144683948	4.892587687947693	5.622072101306808	3.6320905560276007	4.267336252305846	5.175463684114466	5.089852650764447	4.857113308185794	5.187230334293625	5.642617897532335	5.032611377592041	5.373982824157924	5.379978902713188	4.975646323689124	5.524533106438235	4.8215887074098065	5.801884729078207	4.69905717856849	5.367837818681073
5.108009274823198	5.287353033372483	4.755558326593332	5.4361541660496115	5.338257813569949	5.161627266678287	5.005410537518018	4.81572939766816	5.633989787481784	4.050658650480044	3.547419156162774	5.351871584253525	5.02401916483485	4.994529015595808	4.997863108827559	5.602737185932108	5.019519255740675	5.3302048467267165	5.380487637972362	4.863626614140469	5.392011981406659	5.098262605972196	5.74412054106703	5.067363141357105	5.393504112758115
5.161081145940311	5.332377892812059	4.703535994925128	5.412857995276763	5.3040713298832785	5.0737770023686055	5.17293679119608	4.805059235633204	5.649730310795217	5.1898609182209094	3.0323941860542347	5.383064177055249	5.090050758759657	4.823029593606498	5.061769776075045	5.576180336415179	5.018372096692463	5.2139155639048935	5.135584896197315	4.920411309907352	5.234311185554046	5.225894831974531	5.707607395040279	5.093890446150583	5.371469603774862
5.176138506658748	5.3440118682415765	4.641983439490501	5.155176405591971	5.279422894717831	5.116272828397819	5.251538028269687	4.9556467634037515	5.648703597289183	4.501783915432538	3.442634720796721	5.390350910559274	5.056624995071609	4.799144403803965	4.770000199326046	5.725899720801714	4.906811095405885	5.218618563601364	5.0694488695030815	4.97902348881352	5.10302270211038	5.1473896228113665	5.7157475503349975	5.288776876594349	5.333386066640346
