4.576869391098957	5.1904594128241826	4.733604498045798	4.944747571223237	3.839133628570535	5.149972617057772	5.3609670163605365	5.334464975382655	5.0782726604146085	3.7966060030453948	4.95656302583862	4.894045759163334	5.231927864402674	5.557569214433934	5.392906003348689	5.343149575345315	4.960875330298916	5.511623330955448	5.307280025653086	5.235800264405445	5.268335028060156	5.6155745091145315	5.513630646314782	5.181261935933591	4.318232594641533
4.690395200386076	5.140652001404744	4.387752607049609	5.071054357970319	3.889236227889135	5.041684427713922	5.2504298825250375	5.246620430843112	5.0646008249787755	2.7111896721510975	5.077750393723027	4.929915407636838	5.33881546899998	5.540513335738128	4.96682276631954	5.347072449832233	4.93296759127513	5.5218066488951525	4.73984420597458	5.398518145145803	5.230897681788104	5.585131013494254	5.5214579580767245	5.253044125353548	4.677598829186118
4.453606859083081	4.732521780084194	4.504671103064684	5.09405343597643	3.313734225444259	4.850963088216343	5.278731982222214	5.444267135456671	5.318001588056113	2.6169044454336134	5.085159304366817	4.6460130531932515	5.3819071371520915	5.646079182065125	4.611111009784184	5.094192338103144	4.798899139278295	5.407261682129206	3.722807013225666	5.336908694537646	5.350022126960445	5.460295443343965	5.588245938491469	4.932849205055029	4.866558611492781
4.444849109504638	4.222565829289405	4.756244947787767	5.060847168997089	3.289242366317072	4.916113268041427	5.370454930313921	5.42374490418719	5.39014478515743	2.080529214180312	5.1794904050009825	4.662087081771694	5.16814125638466	5.404908232891052	4.686920256691088	4.956756838340644	4.7707873174798525	5.39588988301359	3.2370079691054143	5.058462290635855	5.185422523861488	5.431124535494969	5.4610686249411895	5.045817837771851	4.906817826359543
4.369626145751963	4.142812012596239	4.629838861479012	4.987839239923831	3.428200661918461	4.929314781366828	5.338478914647904	5.262262027110051	5.385704584151536	1.6308851141097067	5.280182187057196	4.620124577162349	5.041806550576858	5.423541443786408	4.44532801960749	4.994059059447958	4.779530756506822	5.418968824529506	3.210665444020691	5.095377491625668	5.219012160684604	5.3201513885546685	5.4123680738250926	4.830789075331482	4.746453965104128
4.007467738077263	4.142478928132402	4.139964020404227	4.909236115184398	3.6288885396440347	4.934019955448216	5.4757098171070675	5.321463528522741	5.205544458780623	1.512237415675631	4.947294664083078	4.670205330702483	5.023448664294238	5.311449404739683	4.416720060604061	5.269039581460935	4.821529687152352	5.305008197250539	3.2788492009431027	4.878747555895221	5.173221881180304	5.342282662433172	5.41560436911983	4.91918648274252	4.633940089641204
4.320524820306174	4.448789602567626	3.9821878862976114	4.746693448339727	3.9868396403204116	5.082079537298922	5.36116672709076	5.252204637116661	5.186139140915214	1.7726899086562324	4.747161279739179	4.927984859507003	5.074177033454966	5.09217477274759	4.653060244429028	5.3651917858576805	5.089037787267444	5.492078946624145	4.16097687680492	4.869107381531172	5.199033103505703	5.44413330419461	5.4178206178828034	5.202291347739737	4.33957809137138
3.900091841381763	4.692968931467092	3.867178859135735	4.543406197665294	4.286907818627156	4.8643048911169355	5.283897827051343	5.2451306561853075	4.8743182433599985	1.724196052522295	4.628960215876296	4.926337845865751	5.258417763576273	5.221343212922919	4.836075288102691	4.884417812042452	5.1312820316009375	5.461648402089251	4.717049089172319	5.101928038488022	5.399944970525742	5.531777836234179	5.405592178729777	5.18965259084575	4.11362749295939
3.8231715788648604	5.029865630051997	4.035690983083227	4.737101131680665	4.029510321346326	4.917614134953689	5.284060526053787	5.470841109258459	4.7353635231641515	1.81864275198606	4.592152446989777	4.758762075671544	5.408033032515633	5.215677092257942	5.047446460119166	5.019111190962709	5.222447069590871	5.5089158470773425	4.804464441553989	5.1009228627449	5.370054377853615	5.612477611654681	5.370966444312323	5.470970369602369	3.973529027750357
3.8563229454728845	5.125114278723257	4.162696575656667	4.557257641916348	4.038269258448588	4.759006242751128	5.163972378177025	5.301622628182459	4.417613928618044	2.342494811175051	4.216428580190843	4.893927331486332	5.427892492964079	5.341412334413285	5.062730047091525	5.025440317673125	5.130805410377508	5.512030700376821	4.795871374607447	5.230049076146239	5.0543102931212776	5.566881221435484	5.310193670216159	5.168469424382382	3.8432098893012596
3.745895133124707	5.125452118230224	4.263766830377428	4.699833758264711	3.7678584300146616	4.785645965815747	5.220047701127382	5.450549759791228	4.348626979044962	2.9954438207375422	4.841431167181275	5.081025656567691	5.320593710723764	5.45283312283501	5.235567712980656	5.070666382712628	5.080147031894028	5.25421540309588	4.140735678693744	5.2457754576832505	5.072251010625539	5.587140451268466	5.360902611254822	5.134405194546156	3.7886084422961863
3.9819933240220213	5.568897585024796	4.267798332035462	4.64172556439954	3.7839812245425866	4.799931677017168	5.221224559996171	5.456893641112982	4.420366936955923	3.63969520633064	4.692920564701165	5.121945787978265	4.91732599101491	5.436501497333117	5.25092036845583	5.258353276060916	5.123512391367203	5.224947375867376	3.6412704831578253	5.3165004373139935	5.258492376790893	5.455538139275329	5.359801397529666	5.203360679812971	3.850632823833545
4.135173860691076	5.186419813486431	4.100466953887345	4.499706387752481	4.039407618015937	4.91259439795089	5.175237614016225	5.5623101946022295	4.441948464456684	3.6920546949885416	4.4950326088412815	5.252341407438589	4.8128816154955185	5.430212620412145	4.62538400516852	5.097016133316159	5.01735010764439	5.2436488906661545	2.67705021560817	5.2223432315552305	5.084238179047933	5.4679895098895726	5.4382709008101715	5.401537399934252	4.03373299232107
4.091005152813054	5.079650841120224	3.861044022974964	4.27068659327079	4.249276570100899	4.763417473653309	5.2239534503065626	5.576362530147695	4.733620354336439	4.46298737423698	4.885999634132952	5.251330144551751	4.684097984530796	5.405282193966438	4.681250240705307	5.226586053132669	4.423503881640756	5.307577018560173	2.768470301747522	5.264445681927675	5.233340117477863	5.550423233667481	5.378012401510821	5.340262011491498	4.374793104800973
3.8381724888695223	5.13174368267941	4.05704015083604	4.373548551993288	4.115611975075131	4.578985249562377	5.2307467602011295	5.649921332723878	4.7861371958254955	4.513820279517716	4.739120380521371	5.242269516175323	4.360753988093315	5.415708364148989	4.840618512886482	5.017570501178319	3.9214099756801057	5.590264912938737	3.3833563327276566	5.290436515800708	5.434596123150906	5.652832875510031	5.406609356465225	5.277631969710285	4.464174004382842
4.073500838848331	5.133565801491319	4.274703511071349	4.686572250011899	4.302510067380069	4.71879966112524	5.172106195154015	5.561201226974085	4.976782150502487	4.210757820439242	4.874390027422159	5.1905989426271	4.422986022141621	5.4237705063493316	4.786077993395215	4.93172464623856	3.5107805639621246	5.634350180310659	4.104244148382503	5.511651983047927	5.116067767898786	5.604773805115226	5.219975810388194	5.277168476296874	4.428255068366653
4.0518711893197725	5.106872984786349	4.403088399542954	5.109971730595838	4.345177051171804	4.706527209491379	5.012158381592431	5.615456469569448	5.048539335620003	3.7785902781334304	5.163246539982271	5.169043661288182	4.171919988786485	5.415537969006686	5.218086713265971	5.3680814350701915	3.2343119881245936	5.714993865624073	4.2624336587735066	5.500905448711368	5.127780195554477	5.527772294561939	5.21774882452487	5.2227550560374	4.355141031106725
4.327250093792999	5.259158031221863	4.635930051695511	5.135368772049785	4.545920178456188	4.8773192157140866	4.969916744311548	5.488595005972288	5.215596008376696	3.6732261154619867	5.29135328838778	5.1956321332280515	4.269004394191132	5.375749545204718	5.071222310685941	4.813779507458184	3.3695881592710637	5.761355568152071	3.271259974165849	5.49942100637466	4.998775696868456	5.517073958779742	5.383984447613207	5.288763744562967	3.9758435204827345
4.693899646146683	5.205318419811155	4.514680062263196	5.07452458413202	4.7270731693256005	5.070761503963229	5.004408433107282	5.505922018065437	4.710081082170689	3.7114268642729815	5.179647559781007	5.233629017473923	4.317190116745841	5.358003125630392	4.666482300398419	4.64881157861362	3.583974130521534	5.681621903106717	2.7162320581515442	5.4804579125502615	4.596022897526486	5.4087539259590995	5.3065121617682305	5.425501652671694	4.120747998384422
4.472696476710071	5.2930244907617165	4.581657937903364	4.999160865239128	5.174172662088125	4.783908478996458	5.109108916156499	5.457914129807196	4.628171263860925	3.8628851624179625	5.1444487745070235	5.186210445500647	4.297768357300301	5.387949500356359	4.549051235260417	4.8848601031747405	3.7978992352664154	5.566123324529009	2.461309938207098	5.361929928088559	4.605639634257886	5.3484520526372	5.317845030017161	5.4234089412434034	4.0369056674576616
4.743779391796852	5.239972185848544	4.76441655159744	5.01385959161591	4.99727773284217	4.638524250437618	5.39511393246795	5.537392787966561	4.605164991196107	4.210795609664282	5.248566641439922	5.21480056486726	4.172316288599328	5.374698317576196	4.666897621888613	5.170278120521727	4.106526374085248	5.3419812103311335	2.6990660403839333	5.390495488567676	4.951286671365842	5.362646613185301	5.3851158692272865	5.541148749357004	3.9450173672286812
4.786561973647951	5.341191523220441	4.654552436728581	4.8636160813254214	4.718225215110084	4.747961333848914	5.509346412033462	5.5418964448389785	4.648506752614987	4.693983982440681	5.015748663252275	5.249507243235501	3.918881474000991	5.462210614182432	4.592927487113465	5.349809300765189	4.728126685220285	5.315807674766006	3.5445560717911806	5.301510596925519	5.077580445197139	5.365480871455157	5.526965773975842	5.406716944693554	3.3963671193879397
4.736322427794405	5.233624999191228	4.740242415644367	4.800667874499184	4.7669728766431145	4.926394643815847	5.4590650997664	5.548113856517112	5.080026006077134	4.939868883623553	4.784418303072185	5.227980107695329	4.0018871564455205	5.498710362590464	4.655938098282156	5.154182939309514	4.628891365302662	5.198341716408741	3.6424123733794307	5.380095733966508	5.171393201767102	5.173628191647214	5.571983589733532	5.3580735044479715	3.145494599427201
4.957706189438481	5.277275062874291	4.663813367667613	5.025598667446372	4.711533727069511	4.992734332239612	5.340994801058864	5.529914500124402	5.130071132605917	4.701678133497603	4.380251831496201	5.129224668107772	4.190934899047921	5.402743623235252	4.557682315449636	5.295828900489102	4.813718374433045	5.260299229617525	4.35038711964903	5.604685569924484	5.347372568097058	5.28916458016217	5.504364895333777	5.47882756454743	2.9096420042807325
4.992345615848871	5.249860429887668	4.528878948091199	4.847180277662689	4.759625944985925	5.092381789816306	5.23165699586964	5.4583252441651595	5.281699594805643	4.351950611986637	4.078833659005361	5.189032383221735	4.391287359403549	5.076236760376807	4.731080786058364	5.215833938396394	4.928704969013493	5.485533692259427	3.54983306024055	5.706001568100382	5.044331484751455	5.530939824967462	5.4508283820020385	5.302868915189085	2.90752548488998
5.218233386321212	5.187547972914631	4.510243237356014	5.160210280492695	4.690367319296146	5.143523596933313	5.22580622108858	5.613177123011872	5.272621289353888	4.16890373564004	3.6332524791906216	5.300152310140759	4.575752844439495	5.200713164489646	4.279283777005335	5.144529084424797	5.1107898591495315	5.427837413375024	3.591248137872043	5.454714964133893	5.105495551335224	5.421410392569429	5.4892589492724655	5.315085249138209	2.893161967596532
5.202496736748208	5.2790533354776	4.455789314942029	5.375346182478337	4.2530925895902305	5.069940558175764	5.330939492523927	5.405001922698293	5.4224330358035875	4.042010302236868	3.4593469047023517	5.099547816003344	4.6808395544566865	5.40466017914555	4.364574599277226	5.25766098457188	5.149562545092765	5.344872678875216	3.5327287309206534	5.505451714002562	4.957500187631115	5.515825967784446	5.500690275013522	5.244059438611176	3.1178597202049567
5.228341100666693	5.344966758615203	4.549074837966447	5.1771086764302	3.7592998456461624	5.2067108028872156	5.323042940996609	5.502800674256049	5.492184797086784	4.185058314998926	2.9386427124936807	5.206347706924223	4.987806991404459	5.446054560095043	4.248107616782054	4.905931840108592	5.077805378100547	5.24299700200221	2.908026741318944	5.454642818554744	4.778928566894668	5.358700945594976	5.587350505157127	5.151481137762253	2.953354833163004
5.053699859259485	5.402694067986322	4.2746302996530146	5.247530322353253	3.3632927021969263	5.201123184799731	5.306861973315498	5.379517416313638	5.347174310775029	3.868492812413227	3.231334338082333	5.096544256196049	4.673413952552026	5.571434457155225	4.245633036991316	5.062603908561054	5.076542629298134	5.344387580778865	3.510854891040733	5.5023171395107395	4.8635823320042295	5.474203797681322	5.581472978123423	5.19561937070413	3.102949664440509
5.130918236961954	5.319976805398965	4.242432332017183	4.854237355848168	3.2188347242853106	5.147488414376176	5.345242632002539	5.313907488800735	5.325014445907829	3.888599796020447	3.350649020538836	5.058689677957489	4.653814698434633	5.502330915291425	4.614499825351245	5.094049559967933	5.2332373401117	5.253231671049666	3.6466322423366178	5.604531410627288	4.880324272577711	5.532047982988774	5.503987897262408	5.498447543482569	3.616915961829915
5.183721469239524	5.322077721672117	4.134916018581182	4.803189984012593	3.413508309419421	5.092490776556475	5.296457025469045	5.3267559558418025	5.194278828473073	3.783850443560719	3.2219441701724807	5.097113734598162	4.57041238743973	5.555634417341959	4.580261486599713	4.8812481054214505	5.125775586058832	5.4268479788231865	4.239343281851998	5.4623319974127735	4.906223683797383	5.563882260743075	5.445788942488831	5.431404049450778	3.7725183579552373
4.341647809684777	5.272809534974404	4.089265111303115	4.815896407083741	3.496682030855594	5.2445574270835715	5.2313043196497695	5.364327618892753	5.225750713419372	3.556428733866653	3.7309953133612765	5.241520963709235	4.8507797572574916	5.457745604749063	4.727025383808228	4.856415399318812	5.117998090379178	5.545322698613092	4.687724805876836	5.399645587418379	5.16623699002497	5.568882457712977	5.3032121422352185	5.433557512973228	3.8176582075080363
4.113077734641649	5.109147327984603	4.345351858186897	4.793384009267789	3.5874213851333727	5.111767812335132	5.267810695061098	5.547896362491815	5.114567386729313	4.070286694377757	3.7381168795985835	5.335031980317073	4.8529255355137835	5.417070355318561	4.934956409102317	5.06610531538091	5.06079406860144	5.612061036008167	5.283843138605711	5.45409852689741	5.25942360184269	5.471615965160049	5.366686649621519	5.370465560209713	3.9504576611336164
3.806407328050816	5.192078590391429	4.472800478828754	4.796818660438866	3.741120573921826	5.027208548948678	5.125212241740438	5.54542489157006	5.1085810592612075	3.7176278827541855	3.8014180526332875	5.434318112265167	4.901927147024228	5.474052999640672	4.918478058704889	5.479841452642885	4.833962727526705	5.630177889601349	4.902290209958045	5.242738157614546	5.339366038210913	5.360443227615407	5.416972594482628	4.549604239535302	3.1997847503679657
2.9547351180022106	5.330882739787753	4.577843682443152	5.037189509881479	3.9815731708137885	5.143624369589148	5.14996872406775	5.5429015498546015	5.0347415917369664	3.572269977675279	4.0865771124402315	5.309407220090351	5.020217931756002	5.34710254966428	5.089543756966533	5.479585663968546	4.997011967607561	5.57615443978692	4.845162133841158	5.346426998489465	5.348327075855917	5.279091141142142	5.492091177241057	3.9623906347136075	3.309266127068381
2.8257670755026956	5.23279779450349	4.718691124314101	4.14930137345632	4.0375398253834085	5.071330032795367	5.175681258155587	5.575358012676611	5.020888945450635	3.739418596113294	4.099877754503703	5.346431153056512	5.098723165257589	5.477013497745406	4.9474141102169895	5.431091433717562	4.894830344360945	5.653523127453487	4.793459451714073	5.371257056748475	5.350344699110083	5.117556375322573	5.6037693986122274	3.7083779540904125	3.078408944029633
2.5927597510249547	5.301535977442586	4.442158188877301	3.4061865306303827	3.940704643364117	4.876343420112236	5.132780239883429	5.520574468040449	4.763760402621994	3.402266070756081	4.7722436607018155	5.138655984599176	5.2416464148551345	5.558591881868089	5.145566438628348	5.352798446050417	5.232117339187198	5.672213826439476	4.817381176197622	5.321570399847515	5.348064781583094	5.283245057398672	5.33642934826605	3.361338508244977	3.1650697223775204
2.524606541766007	5.184774108760582	4.6165262587173075	2.6430587534018035	4.25891962392763	4.855073260984121	5.177916568565862	5.55324142397053	4.5566942793159155	3.2668044053686476	5.067082535392753	5.128446948744594	5.20560637507629	5.502133095721593	4.892009359087385	5.202871246792224	5.189632898268763	5.659245016882257	5.4569496376144135	5.382390933477893	5.262698927759766	5.30076002221035	5.429821418143047	3.2785335521212313	3.539814576688257
2.883882302010594	5.25374605148372	4.610418034151581	2.6469901202460053	4.238750845798821	4.878123984770903	5.339969495922524	5.47176894504517	4.195486564199382	3.517957216522008	5.078415342785202	5.366709761206352	5.195210222425098	5.450044293847995	4.959414900457659	5.142934510826213	5.100736607629292	5.641378572410409	5.489916646698491	5.42673612187013	5.177614975519024	5.370323443583813	5.16436649168532	3.375412153354167	3.6354358147633095
3.0684798298301175	5.413394581105501	4.604730312164722	2.922485226587406	4.215259878683334	4.782600490472385	5.322280580566224	5.477008538941596	4.070106933566511	3.5381385190417594	4.742398809915254	5.40484097792658	4.630676993546104	5.375322114895827	5.00518228172846	4.678075527089641	5.08692310041165	5.573186538977324	5.383557664882454	5.4303575678744584	5.08803497390089	5.5754816921883785	5.179089263064113	3.4500866890588595	3.8254141362894027
3.967402026834187	5.295389151824512	4.461980339682506	3.0007384763196017	4.324860030002531	4.92746144776291	5.301389303644796	5.506493988800125	4.0861707009496016	3.6082751482450366	4.186792433533611	5.523783754913804	4.703597408630095	5.457211764472336	4.995484059523991	4.882373201132102	5.195004372828587	5.400482555563909	5.358083158771759	5.6144497792199175	5.248342714269703	5.5078843475341515	5.403851516295584	3.5083663727034122	3.651687497199027
4.4029918772064205	5.324423305016722	4.4209948529412495	2.6332518940405967	4.083958845129053	4.974888818049056	5.247375664947835	5.415317807454866	3.8753753435013287	3.6102938274356426	4.117947767671348	5.430066576681523	4.617044255405794	5.572589266678458	4.917807921481288	5.068002377661854	4.875112140596967	5.388291855713997	5.3341558019132265	5.620038851328185	5.410057487769311	5.530072249117643	5.37402168159371	3.619186959204095	3.7780390284978775
4.535496070520523	4.909395199515963	4.385023101232874	3.166326125768368	3.9489622174399823	4.97415583281718	5.153636825059295	5.42703509196696	4.337113479164572	3.789612429434512	4.051741884504634	5.454350369950512	4.758554167516697	5.579495704870317	4.866920130543814	4.20623515953292	4.892765230980245	5.232288757677352	5.151294626594753	5.615424579036502	5.499985486775779	5.435852849765597	5.506414460433649	3.6672433467591365	3.385094738748538
5.008912150799475	4.7799995126256105	4.387345341779051	4.5329537676466956	4.158166145985279	5.020499842326488	5.002295693618237	5.417804890639017	4.634541124720458	4.108753116482457	3.9807942818063995	5.38861051580416	5.112868587824805	5.428334604031556	4.660810794460172	4.029372975664823	5.084735733497596	5.293570062508325	4.795977737843007	5.683295242776758	5.535828129161722	5.447655009266448	5.511851072991546	3.3965008617984545	3.653034019806877
5.153156700151926	4.802234130912607	4.260384300805788	4.906497708697314	4.1286615018680495	5.096253037728128	5.053034454208183	5.271969877968299	4.563052532510328	4.0543561314306595	4.449179291517831	5.346646075846055	5.02083213346449	5.23668175461189	4.719483702964334	4.764522235568032	5.137278871265649	5.3462388390696995	4.21566729406259	5.444184988049279	5.489134826755987	5.553816333158128	5.593924347830906	3.49254197215038	3.373412227216858
5.304617031184085	4.72714282318828	4.202889744692792	3.7953105952749273	4.298993426051707	5.048042039772466	5.131110680246728	5.515095558795501	5.217293901396934	4.296710682852817	3.9400378581901037	5.435686911584568	5.2205749706709685	5.237818630865009	4.430954113041304	5.090824377257062	5.266110337202382	4.961900673028999	4.273886270890441	5.52929251222189	5.555994319896764	5.654694043021156	5.6423338579844	3.8106556201328896	3.557717176871219
5.186081120967188	4.941320154332541	4.398790985741039	3.7271534624299134	4.1081787921123105	5.1397204691035485	5.259630530582212	5.370405066776289	5.323929532168306	4.27680001095038	3.986756714008677	5.243431365996842	5.121375594166383	5.183748247910771	4.685144769817238	5.079362517630658	5.161045564445321	4.848163124828797	4.433090231622531	5.490835643820846	5.585862154621052	5.664495815729367	5.64645113757388	4.110115120715968	3.805714892770892
5.324777584917824	5.10863859459664	4.2647952496293815	3.7551294029124986	3.959069717613882	5.004116779927985	5.3118687697988	5.465553794237166	5.245011309019652	4.254293900833914	4.056736984942449	4.7535370914467565	4.719933405694792	5.275590650217333	4.820641541859894	4.894950296208702	5.301406045709408	4.810593035401604	4.6389133095793555	5.470941086749667	5.493950183956625	5.659591588875928	5.575556616932552	5.029960719576047	3.6246309800600467
5.571437096925948	5.229683699378436	4.400590208319732	3.1484380103653447	3.7465876500488475	4.873293695316344	5.3321856955922495	5.474581514686768	5.258806323602715	4.230949228453206	4.219410896885666	4.627972394662148	5.020006780920068	5.3323008071977736	4.7044208496300115	4.785125809896668	5.124950430796009	4.907257680252655	5.22470666705475	5.360387509060727	5.450672167511094	5.570495789290306	5.547921182834536	5.498029527372931	4.254028811883353
4.7435866730933895	5.010976812669636	4.667893624014768	3.279994939437179	3.736760790055121	5.018763580567503	5.123997529932196	5.380736979150446	4.950837217993766	4.593954957784259	4.4337643793747485	5.063347192943808	4.9633070375288115	5.352720050485399	4.9348103692519265	5.120933319624568	5.207776249777686	5.393032731005964	5.282566174279548	5.401139262442833	5.321076270040695	5.605080867846805	5.469324607281	5.529005050064584	4.139799197969126
3.908134264350843	5.109141424906093	4.598905228585883	4.215744282683362	3.692493266866167	5.010944872844306	5.144264239089898	5.316610116700333	4.826311384711304	4.656896160859201	4.698002557847689	5.050725952562402	4.781515690221477	5.193022796056453	4.837253555961963	5.580807283478863	5.1240041764338065	5.461428198793521	5.246704985187075	5.39536630479537	5.268702494506606	5.498680067732272	5.34003854654604	5.485666659539764	3.908622194289133
3.2151789688661627	5.173337888734557	4.175872158171259	4.68814364381901	3.6979025514197565	5.04584461929564	5.186833847830861	5.388108850866599	4.768888625580194	4.6691277555167305	4.931376515802461	4.9335242218216155	5.178828471259444	5.152656646995382	4.863718823251925	5.534547013096923	5.06379250794624	5.599387637526389	4.298474198434218	5.450516666595453	4.914892932576791	5.590291234966676	5.391540190447004	5.468848865743953	4.2543042936500575
3.093078888241281	5.219060546325876	4.089023339948602	4.723970938040578	3.7390182956411837	5.040842213509347	5.188786235811524	5.372096358105656	4.740900119738872	4.857279387102392	4.836548538382863	5.026225183104959	5.183703592059264	5.084048504973437	4.544187012292513	5.253966232693855	5.064300094380936	5.695549506664402	4.204565289037743	5.247143311998734	5.121210329871755	5.648778191659209	5.2869922990606595	5.4123355572025575	4.301867047303395
3.242479310235957	5.310318742498882	3.9109020839462234	4.93168106381437	3.9264504858902884	5.051354492009923	5.4332022132296744	5.423434682230656	4.817417330152531	4.237046175866444	4.7153339652037864	4.994335427028329	5.235218240707962	5.128078087427647	4.6477090056991255	5.188330136843362	5.246123575686249	5.548461004116139	3.8212057745872463	5.377022800978203	5.183952070041073	5.585709995497188	5.433690840178746	5.302152658002446	3.9171912973318874
3.615436834201222	5.323892743732013	3.703816382403066	5.195851013137471	3.919204059266428	5.065827491488944	5.430280286646495	5.589370767823313	5.000360629933211	4.244516110898579	4.88030779353864	5.117700069624898	5.227286604191915	5.165111354517343	4.63034484786979	5.181854428457551	5.216416066117899	5.520746619265151	2.9418735609979536	5.37157263728505	4.757925879154695	5.646835854958117	5.484888449176494	4.630599227387505	4.089235111636943
3.7226081053897193	5.371285928938515	4.022401394960963	5.174872824841721	4.10776448179958	5.157654229244271	5.387020982114729	5.471978566648254	4.953546714941792	4.050807920800489	4.683623042572599	5.261246881909452	4.994443934097063	5.255417280120634	4.457302804917948	5.416985117669946	5.203095415797194	5.572262137271236	2.489364649346207	5.345299990049321	4.998667745451451	5.620627866349095	5.4492944329649875	3.9600430717276103	4.080801706886362
3.6199139995124603	5.462271905525164	4.488746959803009	5.320596963169546	3.9954653904454083	5.1117654877366006	5.462670304436677	5.469921163844685	4.918472146788615	4.100916041632479	4.43327998742036	5.310329460169248	4.6976036375844155	5.46225521659679	4.99193877680007	5.386578841887084	5.215590680791327	5.447441812027937	2.449725930426008	5.541920814984858	5.184483710026752	5.498495604699384	5.382395973725433	3.7516121181211908	4.217614981290621
3.541012395386054	5.424565843650357	4.461280273766933	5.331804579469641	3.9206254848139896	5.040311964365552	5.48414969448977	5.414009907627882	4.9058269429903145	4.063820341959882	3.987772156398756	5.293618251354174	4.503383867265013	5.41396081088307	4.491183249032506	4.953456221037994	5.063858990255783	5.617862338292458	2.851964358718015	5.5146588019481575	5.077921046213906	5.460567474730996	5.3600950435615955	3.4822160725490314	4.330698225898911
3.048778891165097	5.184101268010109	4.360432755101466	5.0751844249103595	3.816565526818335	4.995716850325837	5.494553603238957	5.295834067348434	4.885127413036824	3.8779711412651774	3.6040317603281933	5.201543737179851	4.678856770155638	5.410262162484691	4.237477901149299	4.753965258252633	5.1284770931096	5.514958097396937	3.7478767932200783	5.64737523064052	5.1983089248101	5.3510252330716845	5.292763326435882	3.376125186730958	4.047301800848353
3.390766137231596	5.270758088361767	4.535632315301866	5.171115090604467	3.8330252465682695	4.730382406322814	5.381170966107617	5.293296779556568	5.10143471451444	3.6508049097740467	3.3620991919699876	5.0216277459370655	4.303986954716825	5.462094182425469	4.2986809208918455	4.837220293404295	5.145100079515831	5.535869598220254	3.924551241306408	5.6559693636748625	5.0137108358057425	5.337231273001292	5.322567646674479	3.384453413610438	3.808811542773916
4.3159893190987955	5.135384572474472	4.535874280436531	4.9996743377582415	3.8524674922702413	4.701328570718482	5.092109733677927	5.204063040718413	4.902969652548771	3.6702689728729383	3.3895377253691863	4.966313027928717	4.606921901095675	5.387278279786265	4.222945313365223	5.453119721999617	5.086812906133789	5.571732894157537	4.475906234642104	5.657827364743411	5.152989644483519	5.436640657356519	5.422658334403942	3.2132973565336482	3.9140367686190474
4.147098648152978	5.202275383593221	4.400124402815777	5.0197268989914425	4.019802254887245	4.841008592092355	5.000839782161135	5.310036867802503	5.0013585269612815	3.365517098471173	3.769492321840939	4.728768141918529	4.712599252143305	5.443273994991606	4.3763681634944644	5.622456717339212	5.052556478172612	5.467510283156875	4.744911181535493	5.615325217571477	5.241764714494569	5.500053686056056	5.411573229966296	3.086811307390914	3.4789620302793236
4.76285026658861	5.268208709360653	4.467868678120509	5.1878258539339335	3.981048616459639	5.028180998912474	5.0072258444534326	5.100519128375379	5.1330644372285645	3.2749598782054306	3.49807127145579	4.665864823951012	4.754234999564413	5.403207655591305	4.7125769544825635	5.534735977968055	5.02078369749566	5.521972565494543	4.685253061272558	5.638282908295183	5.185370868945113	5.4536603701381114	5.416556870858592	3.2111545139743765	3.271995099904849
4.4741044204635525	5.33252168032064	4.4010666003373675	5.170380123033573	4.053116886896433	5.154534153489745	4.999313813631193	5.078135147265245	5.007808417613951	3.2658436219638474	3.718509855460561	5.092607940312162	4.931524089237555	5.591898669731832	4.7882043658058535	5.495164433370802	5.374389652977233	5.505658751420358	4.77050818980644	5.567192608860014	5.467872436604494	5.54566959568749	5.405944999463342	3.5716826509541395	3.221940821090159
3.849970762633121	5.390400462935373	4.355779690130058	5.37728479843422	4.189703666830153	5.03687361586558	4.9688572270408145	5.114937949608159	5.077011226693112	3.323534493140604	3.9752688800182874	5.021801089720976	4.519842420763716	5.485650950566929	4.986036190352642	5.525042115706782	5.32850819622131	5.428611334559807	4.600639790639576	5.7285937248775705	5.315646066272089	5.5052464276719775	5.508970311168969	4.164068875827048	3.1731396004007832
3.6443864147374905	5.278742896331047	4.539113058288985	5.171226495538729	4.392185398258251	4.974886713632712	5.007946957353145	5.014161332886433	5.245528797185057	3.1895841660465294	4.007919362997929	5.230544112140329	4.565640322006209	5.5307924096523005	5.0632056945962285	5.41168278031719	5.273254669909672	5.517536464594745	4.354291130179758	5.722692452672219	5.209443935228689	5.381193966597716	5.411110585609836	4.6704528296195	3.69715753793417
3.3573438400238063	5.193206214876484	4.286923320219083	5.062668287998181	4.248463883165404	5.1156222377025875	4.933758681044944	5.227808818635304	5.3381513898303705	3.32878008238814	3.971982440637022	5.1848974397293315	4.369442943563813	5.52469357928537	5.067494771876847	5.372427623238377	5.4198208758960265	5.3817015626225375	5.070230457456531	5.7817626337674035	5.255448833197749	5.537766943985618	5.395168137609904	4.972081054653131	3.9902570535307955
3.478192335268651	4.9787845991244195	4.239241265656927	5.083008542087529	4.245044231859804	5.077566140699177	5.207727492189048	5.336542179774488	5.467092608381571	3.342934229784597	4.2073479276121155	5.135439375734442	4.34410509899091	5.51618118024427	5.215418818655098	5.00281018103409	5.543500376618153	5.481425186026989	4.157366637244426	5.729906651548232	5.174412822462789	5.368181402581071	5.476234454056208	4.514166912250668	3.775833592137829
3.818481646049169	5.091494833721954	4.546268502623626	5.013110450836258	4.070069905137086	5.172200156475872	5.195753695994921	5.395670104228683	5.40588116977595	3.4056009801269718	4.123248637963665	5.204812224264119	4.495720780316213	5.530926403807152	5.0741061832620575	5.0697126420541325	5.429615456245411	5.524442176552774	3.5535293136526462	5.636492896283396	5.298339724221687	5.523709400682559	5.41811805974579	4.287354692163955	4.036022153621405
3.898475773251908	5.224154788383049	4.631749736899952	5.332765568978893	3.85557147451547	5.242385265630935	5.3208079961202905	5.408865729748385	5.4285779067812205	3.5173545079553277	4.023917037412312	5.169696619209717	4.72962190542798	5.566654893920609	5.045006918160208	5.216836072238094	5.311003071494413	5.450064296500906	2.9033457565706517	5.648523902295843	5.208495829753517	5.490961939182243	5.214814650525832	3.743505344300393	3.88528211580892
4.192906803995025	5.148323087036378	4.199853009033799	5.3228013062116	3.941583677022124	5.168044294510581	5.1809693851421645	5.300248697125882	5.369140375853415	3.5020267556453555	4.119747961568907	5.076966858560719	5.058017294605179	5.4929022280155975	5.139693556057878	5.049247901086217	5.3869243527933675	5.552835477707174	2.8082144708967225	5.526460325457541	5.221141350438847	5.425096235520801	5.381547215978763	3.4219314635109708	4.094914858497721
4.570632428711013	5.16912566095564	4.242528976720302	5.4682515080541885	4.096093722282017	5.131494128681052	5.036824856318761	5.27591100867157	5.104715774591707	4.154683746981465	3.362681890476662	4.78103331307925	5.143238718156526	5.647067735057057	5.223861611104762	5.046981721940536	5.237233660087328	5.686728235885966	2.6245510617042105	5.540602922719137	5.220674069795662	5.277313436831393	5.4555133715436925	3.356727427031422	4.064564781645007
3.512496989075936	5.3370762132013505	4.292361873734627	5.376609714883089	4.066661794436801	4.839353403388979	5.174139320126997	5.1676458993677965	4.6649966620086385	4.1297633615984655	3.3077092407324544	4.578581096393893	4.944201960658691	5.591987442220919	5.340018269073478	4.953710666985076	5.302707316765722	5.690614058639087	2.454174313432585	5.610995418746839	5.205800521679415	5.368790893689465	5.418813605449131	3.471243083309834	3.8862627364134315
2.941731319231484	5.368430591276673	4.222395454944328	5.27039128945341	4.069115384544455	4.711203802463791	5.177547151555607	5.275650197195593	4.585356404981378	3.6523702037382932	3.456863601417572	4.779977708640834	5.0230540084747775	5.547065766214334	5.089284265357917	5.075733786438598	5.190848036054411	5.704602675900404	2.4632998146998224	5.578813914096673	5.103662237527925	5.376399835881555	5.585174037643572	3.4003097013850274	3.7668678766581665
3.3783588779827562	5.211632565431998	4.684872358415209	4.930056214250811	3.956579519366218	4.6248678679423	5.185419238129229	5.349591661799115	4.642370211397088	3.512426896284819	3.1361288014630126	4.784844526995764	4.919724924237175	5.470672166309114	5.018579992519332	4.7620118422084525	5.137535691764534	5.718688473024979	2.115039393809808	5.551512374042653	5.078332107681646	5.335267785532627	5.54554470728253	3.3001577589681568	3.8124671392102982
3.476532174776804	5.205781116749858	4.492139555544209	4.948731722709199	3.685026024900847	4.698472207525916	4.893990059660629	5.393205989548901	4.796414102081657	2.9181805387908053	3.8771263265247367	5.055684793673416	4.77273335687205	5.35749440003567	5.011419504257521	4.209166764222625	5.1848075498498885	5.754972573146145	2.7398515163592796	5.536856219359152	5.181500398662968	5.498879684627977	5.416589739579681	3.2100135635123537	3.4231442493219375
3.606507200705902	5.117703095862969	4.2008934316137285	5.030782940045433	3.6469128766009717	5.020373123227094	4.95078578995786	5.410494999767837	5.231584944016038	2.7003409486693624	3.5204633368460105	5.2477636080309225	4.604425726993049	5.379374230872997	5.080646747558247	4.676663809314432	5.043015964442739	5.686216530555049	3.0896891494921235	5.51068936518418	4.98313307875615	5.40811962193979	5.408906390473615	3.00054029808897	3.4980888415449116
3.7193504024990394	5.150555946134078	4.061248827734133	5.00725765671484	3.6064874174887627	4.932895588889054	4.917315705929031	5.5133783359818125	5.403004157926952	2.8469632739474116	3.4326626352757987	5.264502285067801	4.630457659769708	5.528689688315689	5.382345349718183	5.072469892090208	5.160789361615855	5.647702561411769	3.071857453769088	5.6051310420611795	5.009155387781928	5.335787223255089	5.463853080358831	3.427439922133889	3.7283646861269695
3.5778620335278735	5.183495318924433	3.8710160372519526	5.1339339463238085	3.6634438658403123	4.859520432274589	4.834376206069144	5.506678737428183	5.454825360141409	2.9351912782763483	3.565828490027187	5.232171479163779	4.761657744939698	5.529210292387873	5.3063378124625125	4.94989127264052	5.283688876172832	5.51431997696241	3.9820227394980763	5.669648096937091	4.955629584449061	5.33568755729221	5.353969253622381	4.143327711461733	3.8111153571074885
3.4624327039572	5.47627558716333	4.066333846426266	5.247776321723948	3.584108865051909	4.881832294054329	5.026928884870575	5.496415494500063	5.475728922797016	3.302090979613715	3.9962127366774274	5.237855049194453	4.726610178276274	5.4771683029464615	5.067483708817348	4.787138593377976	5.024234097678029	4.862930647673752	3.9586299825255677	5.762925536029159	5.077236087412077	5.273507737290965	5.238306984143175	4.311741702441881	4.1037971734994425
3.488433698342819	5.338727450812899	4.203311714660693	5.128016500541234	3.683681311782011	4.972397444650857	5.136031909788232	5.4152007422444175	5.460052284779558	3.5974306542962187	3.7871226899199955	4.8923682637580574	4.87914677979778	5.472698090820453	4.6249535033647815	5.30817672133244	5.118496805155504	4.691678312144354	4.0571043004524	5.690251375945689	5.370359466539423	5.24001408999411	5.179576754796909	5.216517113619019	4.330267843318023
3.671343586952491	5.570455476926924	4.530775008020025	4.97280517646733	3.563936501435869	5.064038007549542	5.210378344632638	5.4516419417637	5.32105117739594	3.766763651978757	3.948290073090014	4.886730361972593	4.9930235254796065	5.32728117394188	4.458809608715615	5.300838164027084	5.183380356485137	4.996340851142545	4.352596951085214	5.685841425136725	5.343269187634211	5.3993394832770045	5.196826545249772	5.321504589155396	4.354665213829344
3.380020531670631	5.487229068366215	4.635533150290375	4.827018210523968	3.752997086063363	4.860591948918719	5.2184389830200635	5.436818486710518	5.259964454506887	3.2520608296467066	4.240778394078674	5.111406792387403	5.066237574195658	5.247829472920369	4.354443036920978	5.353484758295624	5.230263972651997	5.1160381541670965	4.773085585426715	5.685088382968897	5.377291997859665	5.309166216081359	5.166357274194376	5.350221146601122	4.030045462674904
3.626778350677331	5.533854827714582	4.589567701976921	4.290640855843888	3.9867903991100544	4.824564962578716	5.201519142526197	5.49994928972368	5.132410647996068	3.005548978580273	4.211375158317307	5.456166296442058	5.029322744928845	5.203567142766599	4.248928370738431	5.191154177923338	5.142366907686488	5.53279168869719	4.8225079405384434	5.722661031481253	5.3649724828620995	5.480150394965563	5.317801016276608	5.325718597700557	3.62677772653322
3.5305192711542936	5.50208488732885	4.3959263053220505	4.28281022481405	4.094020266035308	4.548805967060072	5.188820569138251	5.609712754668045	4.587492020145459	2.7955719692170815	4.113854372026662	5.347298144990274	4.983689412883751	5.224455779354626	4.363595044577526	4.873469832444635	5.025258088227223	5.6316671630556465	4.979050215247268	5.708283122937876	5.321559565148532	5.453322525346161	5.482427294860989	4.7878776887403225	3.209184942517101
3.849363894093177	5.418597929917374	4.314864409660292	4.331309055540179	4.3049293806072155	4.61793259854133	5.05492512030806	5.591880882212074	4.336420936764483	2.8410328317654705	3.418919271833182	5.024921716605307	4.665202982348447	5.299064222221635	4.621053974510821	4.8047364703670254	4.47221140199216	5.647011552480227	5.019242564715826	5.7130041425001545	5.276082073061852	5.472825319120576	5.554088993579458	4.064144480139989	2.8424225966573218
3.658586320881789	5.3328455301072	4.096605458524896	4.505550909128197	4.553674043112773	4.978342772481618	4.935114378781737	5.472489611635501	4.411141178689396	3.5404923981418697	3.3045562328488853	5.020856345617074	4.531865410535941	5.352939321320655	4.410271024059487	4.375522984200139	3.9827417083779397	5.685357268801803	5.178061709048917	5.762474164251008	5.389501478714747	5.661836633848203	5.500685406281196	3.9719917387018873	2.902253951406222
3.2548870718482688	5.485855624068314	3.9682763337290035	4.748172044941141	4.531067908178987	4.9267599401396	4.98114416440545	5.531609478372205	4.531895917895006	3.463399634366835	3.393723941078109	4.9245349725086776	4.154761496933642	5.2306167722015955	4.58598427009304	4.760710999157964	3.912709531691329	5.511477637197923	5.156928949397841	5.7546822730356375	5.464751734798454	5.62315586740825	5.4365896120137975	4.080482272106544	3.4970386207813147
2.5916383387658573	5.38222557912143	3.8233335282209886	4.908440180628918	4.2946631728657465	4.964498838686898	4.916821349485547	5.542794134096757	5.045749958410381	3.572766522531468	3.7044694783626895	5.021712379010241	4.085252941926475	5.237689295378177	4.589995320928065	4.889221523361233	3.7363068516678606	5.480931444944978	5.137123383082374	5.670924749465255	5.444683328457284	5.6009024632845925	5.431366545111244	4.3497461858371445	3.69352001582348
2.1590151907884776	5.411111731416832	4.0116479957561175	4.111944619796125	4.627360575111456	4.986891617347482	5.254216273788982	5.449944784693605	5.106550008504622	2.94751176835737	4.715682724403329	5.309136175947734	4.402262373325612	5.2839777062544595	4.626721272955796	4.919111104270272	3.6128954580349326	5.41028521589948	5.394304381248558	5.700421159043315	5.612151595956635	5.560679530857448	5.299034718591631	5.035753199307003	3.9816820548672744
2.2248234167850964	5.360868239972985	4.221771101115591	4.188606733586807	4.437310023280782	5.031029002524694	5.221243368171508	5.345548300028959	5.029112514695057	2.8613271308079726	4.067140550382553	5.3818473528486725	4.55190499401352	5.4263871557634005	5.218094267719664	5.263730493550429	3.405490770090658	5.270692464369706	5.4200587772144795	5.564921279610205	5.431437302139432	5.440076153885634	5.113999907474213	4.9334156196959675	4.167413935905806
2.278171493652253	5.4494505513099964	4.391077250542963	3.9650531840313468	4.234051260670021	5.049594493441911	5.130132909340385	5.40507263487991	4.964429344127937	3.137999515221224	4.0413265555929865	5.35203869751122	4.968871894214827	5.523305095584047	5.1635495299990675	5.282997775285225	3.5302085522824536	4.7706112701157775	5.3572450975961985	5.563982378729379	5.198395112554974	5.37036453304662	5.231981731795348	4.016089575004178	3.486834913324698
2.845886643589061	5.4929310120192545	4.61835102608572	4.002969133413917	4.0345793361928255	5.027838179795096	5.046378837428336	5.421446128811016	4.9096442032855	3.13477384160433	3.510600339295854	5.092763713069327	5.325417989093692	5.54245824846013	5.03483435605304	5.364082530670318	4.153120219193385	4.2371853085777005	5.214096233339834	5.528288788106852	5.377620107989032	5.462412230580937	5.1070280773269205	3.83915453278594	2.9537665639942885
3.6921646609153393	5.5246720126082325	4.698508307219916	4.415912974108745	4.072868973056875	5.094960681156015	4.98104259317731	5.46401979451192	4.951897441132602	3.726667559468451	3.4370206531475094	4.407753211122439	4.921333330219733	5.644437927478601	4.739029867702614	5.402107520922417	4.205743369108062	4.092172406600989	4.835221725338403	5.563280783138549	5.061486308746908	5.432411701369037	5.3811671672382095	4.005693407443158	2.7878354790277924
4.3651021076685605	5.5137719446213564	4.59055719997775	4.916789308522179	4.249782625680588	5.060434455106512	5.031193033621316	5.479458260990553	5.039139141469185	4.49885384782863	4.074870819789485	4.339118787045311	4.422950343841084	5.5332393949806695	4.946765594886453	5.473031183837512	4.750628704928309	3.94192906890557	4.647925601661943	5.577509639843497	4.798222303536432	5.396669607469649	5.4428552779942105	4.2780777154802925	2.5153393256767016
3.942380187019484	5.449643946265317	4.405530308517091	5.0348017329355494	4.339766476310335	5.213067979258344	5.062165111538051	5.439890654224599	5.358233691155735	3.8629579158496155	3.7116147490334415	4.430397426690138	4.552342713606011	5.629879577014534	5.017976999419135	5.371172292338249	4.627895479492362	4.574650415709255	4.555458494457673	5.579712885932725	4.928695189364804	5.424091247248778	5.57506721265058	4.906170816294265	2.959996716222105
3.8770528825473063	5.381982655318464	4.375408778386816	4.429999518476301	4.644173252050198	5.34957558573352	5.083349600734434	5.400062341596304	5.358068661700168	3.704143818132387	4.424204089524946	4.259885181053388	4.517103604928199	5.620650181384424	5.007049202755224	5.123583102916015	4.881256363917343	4.875587064339995	4.675800875716924	5.526894102690964	5.063556061568673	5.412148463600306	5.609880242970286	5.452754452178148	3.300931317069587
3.785782141762072	5.419787953392702	4.334476102083523	4.573986263317213	4.995028035001269	5.429883844939372	5.054919574396063	5.3983846278301675	5.344810797509977	3.571898358145383	4.475442481308019	4.739782694616718	4.714498442337169	5.507881453156522	5.271970246339612	5.351205016140491	5.076385302337117	4.950058662125363	4.97759882534013	5.768323088203941	5.178343890490009	5.410377461712147	5.509804627789881	5.528218221284792	3.6156311268157593
3.4104195436898768	5.372217272958597	4.248855288389908	4.541051878233846	4.843746733604363	5.3824291274903215	4.9379109500275575	5.422604837891109	5.316779855918628	3.430745442405911	4.023032199474003	4.728681959555139	5.095684800451686	5.564123866135488	5.182575461289918	5.239762652821681	5.051301231804338	5.183504927384526	3.7706808300088266	5.583513541444951	5.205748462098937	5.682359020368254	5.425508279410936	5.4715777102912435	3.6808397654041447
3.430002115791932	5.320040625376525	4.367532066728698	4.5249301220015505	4.573159170407461	5.329658627505621	4.802300146068728	5.41992095615534	5.107965425624385	4.193503924487597	3.5222852052579077	4.758978299339299	5.123246148602444	5.531539461899557	5.165060285129768	5.2972922882396904	4.655866863984491	5.502300523450212	3.0202110519234475	5.604919757649882	5.230726572822019	5.638628403916859	5.384969093499395	5.364129970687209	3.5557748864498673
