5.01870682677081	5.513247642710529	5.507959948798378	5.5830036379463275	4.469273858147279	4.694168467384687	5.61369476719572	5.335253789924676	4.974283498330956	3.327354787014894	5.626889479481146	4.929926255278547	5.235852007150244	3.8270664015602645	5.077172198603821	5.23799649961513	5.106419681633306	5.577124342799442	5.215510911618556	5.3024039224854205	5.136904776143716	5.5598373421486285	2.711688418882915	4.404862702944616	4.850378995516808
5.185294790060122	5.439065145767012	5.2999738731559125	5.4370707297141125	4.34210174061729	4.507767543890544	5.666056742508727	5.315481868125154	4.911060004689164	2.3531821955260317	5.671851935865644	4.914230020004113	5.110380039656677	4.04973843564737	4.969298085803416	5.096447742281795	5.124862813569801	5.60923037253566	5.094847849159708	5.459240010920587	5.159708641421282	5.44342930113836	3.104891029293195	4.753310290483685	4.919157983738894
5.288656742795731	4.9899942666348	5.275338567652765	5.335696537285817	4.239983247142345	4.457991739462322	5.582334932414781	5.285930834729353	4.62129685352197	2.2465635945518634	5.739864678591423	4.720727779360922	5.081013682121731	4.154184761803536	5.024153643853598	4.7753211333601175	5.2269853448098385	5.611689970473724	4.291483226561255	5.632793963879831	5.271545224496351	5.2871876873794434	3.0264243560043362	4.827713547081996	4.836664138412477
5.321517938027131	3.7356601082280427	5.170465660962466	5.211654674817817	4.544206389400755	4.467818455948523	5.483479076443331	5.448545286242965	4.5377761670857595	1.8528750765534772	5.707223370577595	4.847376805228202	5.063574249764152	4.333581702593346	5.1812683327882905	4.647234238910019	5.140986123421851	5.747207733214788	4.1187149474447855	5.4268827356698015	4.97994181935905	5.190957474369444	3.707886517349588	4.747216362538596	5.133049632470776
5.338484895749356	3.6180579463555453	5.109900382738167	5.143766680477523	4.500817685652023	4.794096406362198	5.450292803044347	5.3867402094066135	4.518613982794176	1.5499914834279451	5.733702591458659	4.8629545454420136	4.9979031641364555	4.756560480726888	5.129403204189654	4.758293174578736	5.154075498353177	5.7404805726998145	4.233222181161945	5.417825616031496	5.1469679921225095	5.303548876143369	3.960358295709678	4.9234760323017746	4.857755355112039
5.3793900989134995	3.8390675775484984	5.24897221669155	5.2066843137172185	4.089500119136925	4.957157110854541	5.464552621992838	5.1198098770989535	4.6930548224113915	1.5611558987917635	5.705249463888508	5.001796563225649	5.084523014607975	4.848051681058687	5.235321489695793	4.852862088787103	4.920128761889803	5.708779392169449	4.527098768833137	5.340718943386408	5.0380459406860885	5.4654116174608705	4.14919697072944	5.005661103076485	4.611611717225557
5.4554384111373455	3.6170913232665862	5.151923906030418	4.680801986544061	4.189140719759034	5.005099547929158	5.2170007084920424	5.183321830469682	5.035010474980559	1.8391663512743481	5.679995534025654	5.2967055788937945	5.136839626023843	5.130785299577316	5.372998701458606	4.463448190944504	4.612596747172957	5.695139376393435	5.0901085893619875	5.237506758867509	5.077226344858654	5.539027878591762	3.752129826473889	4.5945145248387345	4.314226502132988
5.331856785086434	4.562418688029131	5.217608249007998	4.087539420611797	4.1919071498235505	4.938616817832405	5.228604159726604	5.119150927041035	5.135884121391945	1.6886078775322075	5.650010266953343	5.261200174317521	5.187660417140869	5.033105826139261	5.400907636030148	4.96137470555222	4.316744647111244	5.578333734426822	4.815134697739743	5.246057664650249	5.19119179348141	5.53894310170611	3.4450714236654103	4.397395492921482	4.264288014901191
5.339095179583697	5.471883358834938	5.124881681593882	4.203213177479324	4.326884089453328	4.991456208640096	5.119092507747245	5.166265635908783	5.394167758832903	1.8390076761883127	5.6047511259112754	5.182192030449784	5.466388262258399	5.121781161641057	5.500016309312155	5.006118487909443	4.315316308983613	5.601335155266257	4.75705469971089	5.217469013154272	5.366299455328321	5.503091868682904	3.2745459727757513	4.510857036805624	4.292390798023318
5.288692044583043	5.5782908339955055	5.065516823907344	4.057064023445438	4.270520106308841	5.068388959978892	5.125107088826191	5.333715056471017	5.120120860042414	2.532532828252834	5.580814075181966	5.134871663046706	5.461401580288004	5.274075093246153	5.498698748658153	5.059090394815267	4.574293520894995	5.504428653119858	4.162990789122202	5.317741352254881	5.483037723422052	5.639554090199471	3.20645886509221	4.800142904288462	4.189021754004431
5.366984170461822	5.630285786863962	5.191085262116548	4.154282257913386	4.537555599101784	5.199913184200109	5.519160528554197	5.324356792816469	4.948749435433416	3.2228635180281033	5.677917563018091	5.176532404898083	5.304627233963476	5.237144252609613	5.534459077004571	5.133876753471381	4.721003908679521	5.535628637051011	4.2181341865450355	5.32277393152166	5.207995216945612	5.650894545381414	3.3301029593872546	4.374810162951178	4.5108052396244345
5.483748224895656	5.54820086351644	4.936424957381692	4.399038719236172	4.649304427703738	5.34357113499451	5.478977409529918	5.324639039435031	4.55232753339707	3.5176525955673488	5.676477037408679	5.293275121173112	5.147159858546874	5.226879286327347	5.5926827264124785	5.093119881514298	5.0951536059107045	5.58769455657933	3.5222618891210304	5.433509012102018	5.229927214378871	5.572917421951338	3.47352480815025	4.347064091919105	4.641999555604368
5.463188334185043	5.435981420019821	5.046294604390701	4.654355072113546	4.7484614360081885	5.398985774340479	5.524566167105556	5.408704638705006	4.1571595577851115	3.716248853109277	5.699938718215439	5.33261056726949	5.119585451711276	4.947407051573903	5.17876753671225	4.837983223354809	5.397628633169713	5.660898183070811	3.272025675334826	5.46561713880558	5.124781927175102	5.5746775022823725	3.7552027928025287	4.690046231027345	4.760836850697315
5.514121706274844	5.2787855864806374	5.02175095244673	4.557276101168461	5.015494724733164	5.223627791048182	5.567907566485887	5.466261726622273	4.336580259068363	4.270844288449339	5.764658175815556	5.49883441382416	5.04408328255596	4.750213670834275	5.135268492350389	5.214522671514645	5.507451575483137	5.726754230926483	3.137702509105833	5.4886084368133625	4.989699255284625	5.499360575416941	3.666606265545973	4.741093664598822	4.48135715015218
5.484528803980191	5.444094622789958	4.92909335028083	4.699396455095992	5.083013376931916	5.043870167225601	5.479791772839041	5.543598994586556	3.9892653058184044	3.9209801381922347	5.641038737978756	5.53367731284582	5.035799458319063	4.7559197792012124	5.11248958931723	5.42661761424771	5.4357333420999305	5.694561888065603	3.073132023535261	5.631875974745827	5.299771684174509	5.529514636157957	3.3096558521558914	4.620408872191281	4.398394146207566
5.474630038445841	5.514856374771027	5.206410149259031	5.128159772724547	5.119972054330603	4.9048432830782565	5.466035745063959	5.519540077716318	4.406783826648087	3.7840089500062812	5.729155701480268	5.305649059291273	5.093248768370667	4.768117085643737	5.155433773612044	5.392158471439928	5.171238395925305	5.712043163341733	3.7442497516383093	5.636654348822806	5.246077015633754	5.51144860916939	3.517447758033391	4.626383045861692	4.356475437792311
5.493012185349985	5.391825356354664	5.341220911259424	5.486399914488509	5.074409871666949	4.85268112965853	5.427015998386906	5.4690889769872095	4.440671468755577	3.530768260621692	5.6885809507884355	5.342110083617115	5.0277000560477605	4.5994064835511885	5.369705407527881	5.436411963589356	5.27459645062138	5.699105299379357	3.969014028253378	5.6379315770673815	5.263094499822077	5.45132824636626	3.099508659330729	4.558170105711861	3.931396953017741
5.552531567487449	5.555437855566795	5.425643686316897	5.560754386503638	5.200930784591161	4.909015368513282	5.3163912531616315	5.388189088341033	4.495885270480828	3.4411215656837593	5.795442312517635	5.341370489740306	5.007237065816496	4.325346418910424	5.366639528108096	5.391829022625279	5.262560760617579	5.6254879654058225	3.4062243328021022	5.687752904210629	5.134675540022162	5.450573776429804	2.796670494143844	4.860849703915263	4.033088415393349
5.648889289268759	5.497496237390774	5.292465015816866	5.494438992121335	5.393073205914401	4.903018597447293	5.4904502377537225	5.335671656331716	4.750874149853057	3.693866674691173	5.690108709919725	5.261117761307436	4.9118187918604175	4.226768098628271	5.264054500202205	5.403069005031517	5.331213582429217	5.588744541122263	3.768092078760584	5.735691302179641	5.134072742350318	5.414116319606968	2.662602678205461	4.936091921783588	4.261400889916614
5.595534327468471	5.296862271783728	5.223306389332487	5.444973714944809	5.515519951893854	4.850052141299995	5.616589029756873	5.396741064327636	4.768486417944781	3.796137130501467	5.663208696191098	5.2576359449284205	4.795944049927135	4.30375125096609	5.068861082303133	5.362079213118777	5.436905046186979	5.5609797509540515	3.725951802548522	5.623716804853787	5.319541673434855	5.345179665640702	2.5379681739439857	4.746797975424825	4.241809462313054
5.5586267624132555	5.319866855586891	5.286794530632417	5.403005010663052	5.285974136127383	4.454260619161229	5.619841748018399	5.485871092242918	4.585254933478781	4.2219585921575575	5.744103633696782	5.25242031516218	4.796463434715304	4.579153634131238	5.193193950005113	5.483415778874816	5.466793116770257	5.621132612958562	3.789770441896652	5.609949327938995	5.438222022776876	5.357593662913708	2.5682570584743627	4.701880360841814	4.139786431991656
5.545380954425439	5.4606235665256415	5.287787979027694	5.331288574305546	5.155324612126098	4.490929442080164	5.700795348989366	5.423899533928128	4.4934513335032795	4.762819493872416	5.728290085737692	5.3337853314922095	4.7356106999312	5.065837545978453	5.143681193834126	5.4810337806469684	5.1057499406470646	5.675550953020394	4.756869523027529	5.6781263566670575	5.452268304362934	5.33540474135102	2.776960524283822	4.715477918835173	3.2826262223739895
5.532220531039558	5.281781518164692	5.407516604633807	5.221987632463441	5.0615560147714485	4.572826841408882	5.697626291211432	5.397121187197859	4.644326612018588	4.544539526996114	5.762292616872424	5.3867448670855325	4.589868578844032	5.127292165935608	5.063272401699865	5.297757339418569	4.722532209348324	5.698956154856725	4.861306601443916	5.676154643708442	5.3775479442980325	5.318847270704166	3.0232254586406633	4.59487101520153	3.1708387531609303
5.564584630296874	5.229479219839588	5.445437420566838	5.128597989478011	4.852273841557149	4.802412485133578	5.552547153669182	5.3363940789784605	5.041024390911016	4.312013530920751	5.539684042363111	5.572088937140961	4.679985046281035	4.987014903823805	4.892490213972914	5.034635527930666	4.435609428468897	5.632111519595178	4.848908934796204	5.67169524059359	5.2719003293608315	5.364193882438451	3.26150364606224	4.804439389060697	2.8595334264116956
5.421775129695447	5.260850612644261	5.3511483660835255	5.1014120848057996	4.918314078291804	5.08917762869995	5.614530545329789	5.334631036726632	5.224196482471865	3.9087778801156072	5.394298773975685	5.405615325975413	4.805614691430453	4.7462943329634095	4.831613235257783	4.9515159399417135	4.437140600228309	5.546815435734026	4.180793735584718	5.697627920347505	5.2870963328936105	5.406168625174627	3.327878592429052	4.921999504201611	3.0106984232660308
5.492794944314815	5.3912964058921675	5.44681207257275	5.37094539069721	4.918131156702503	5.206278935453262	5.630908613537037	5.346717211961897	5.082397594244014	3.858769854828966	5.173075880131983	5.153016730183547	4.861596195705766	4.735532339306998	4.7927193456031	4.974485182435682	4.785717219855036	5.473519636142208	4.12328549913132	5.664080912654097	5.190907091564856	5.445570793488889	3.7051431135174266	5.074274045055335	3.281573671679847
5.339400698461076	5.45642614676561	5.505158507142217	5.398782450845419	5.100150819775269	5.255000517197797	5.530838054490883	5.273644680393159	4.9218091115117435	3.728919120800509	5.036405404006217	5.165430725581223	4.939091781835187	4.798556327462486	4.96041084263809	5.067194449063503	5.381982614167994	5.587957551282239	4.358701844762117	5.62070171638513	4.985821118478624	5.346065025797728	3.3786405167077556	5.0070890832829935	3.313555197700591
5.368396371869896	5.2094969727692915	5.393379854792852	5.148854393371552	5.093593969702751	5.2541685534014135	5.5468688409682425	5.266139948754235	4.4391405366768915	3.7340620550062793	5.184756875705228	5.194267161739279	4.838410675266976	4.907182737066827	4.751136587610822	5.150326392829358	5.558625172188621	5.554361595396829	4.345639557375079	5.708346309090204	4.477296153196834	5.383685784283348	3.3990824808009292	4.890952897659418	3.4930944748571053
5.492297503438194	5.257302068607083	5.22338627230099	5.290837986637742	4.97688935128443	5.259216460913967	5.59822328916599	5.320030983264427	4.418052975900586	3.565969603752826	5.13718859499969	5.3563216511165	4.722127654345435	5.2652068308780695	4.560291556639255	5.212861842858726	5.462582504733577	5.515248336992593	4.76294135679223	5.675467751984668	4.37713739483131	5.442200036339314	3.139239605834735	4.728548686796884	3.7326574023861374
5.387680791348619	5.254844394134533	5.236280803051675	5.183613227225477	5.094478097771279	4.98765835035189	5.416225925363792	5.302406245427467	4.668845312199619	3.513292591258905	4.792134239668083	5.337752532227879	4.7054893989396644	5.273791111433452	4.704389080884647	5.254301415847763	5.381212936648333	5.7273140985280575	4.836922946078075	5.6398286920835154	4.569208382432853	5.427376664919523	2.7091239937765046	4.6664061278351525	4.168417555356621
5.3659592798616815	5.1091785954366244	5.01859737620404	5.170697972519111	5.134812650754754	4.928812118960617	5.529706967401234	5.305221587186507	4.93770480526509	3.470967196537717	4.885343131425325	5.1846975494394565	4.369285457165043	5.0727516749461365	4.63603165973725	5.2292720443123155	5.299280393523529	5.696263676496785	4.937461171392927	5.6868976764557475	4.547392501182791	5.43375860666061	2.499189718743127	4.825667954592894	4.252910017763864
5.398545457717824	5.049614274930014	4.812735066292283	5.1650277897787635	5.1408101725810775	4.997403162304776	5.529530379432577	5.248569577014493	5.141296439607533	3.418311932507101	4.63933282360527	5.219775198946527	4.49321566454657	5.007796899199646	5.091566340930968	5.354977752262497	4.879453831307343	5.790496995229943	4.565872739914073	5.652961687684693	5.374312391339077	5.3669722355451475	2.412022635925603	4.78949823056803	4.3972057296716915
5.342448273695156	5.186681888193126	4.774434173840331	5.126730533278315	5.123122270073344	4.975539578721705	5.64915648515221	5.358672039120594	4.978166467539422	3.7780161287873324	3.9199462892580246	5.046889766663224	4.436571482547971	4.857096623504377	5.354488522481949	5.543765538342355	4.800438807662222	5.778486670783199	4.2993006300367815	5.683142019891468	5.428019288916945	5.212839440655839	2.3033371066637756	4.981014897994679	3.980221246011654
5.140667245952388	5.359643585143536	4.960013724631701	5.258258926836157	5.275526662494729	5.087822452271711	5.666117987574154	5.371093349596205	4.545540851163977	3.571321391538401	3.1173406140741204	5.174384574326307	4.4900412754686805	4.844190705688254	5.480055010638322	5.5184180419362034	4.682983820170316	5.7300995731409925	4.444965244651906	5.718227533042394	5.235512299770977	5.3563979976565115	2.2736799080415144	4.2710738489938285	3.3060072056798417
4.81022386024362	5.242036116583952	5.143644489826524	5.055535804464401	5.266919504420545	5.146396318824152	5.654967564215468	5.300876908418315	4.283490173626608	3.341945410933174	3.3736253938589456	5.042763259415808	4.805581039649784	5.128898292559008	5.575006290937279	5.465121893526592	4.688277495476433	5.732034200835395	4.3608102304287435	5.72195844971595	5.2762189383517635	5.268814587391199	2.23199331687844	3.7076417660224736	3.19884210093955
4.826225822119624	5.308145543539532	5.164437505468595	4.108236650181791	5.370847613456696	5.106628739122406	5.566595898958319	5.424401486052286	4.229190683612221	3.4621147145645494	3.8821528348604697	4.978202000844249	5.081148272200956	5.199597082511954	5.361118816057575	5.3773084541947	4.781667643285275	5.7205509249310715	4.270689833160614	5.754749001349193	5.333812300409392	5.213440632844681	2.43844225688841	3.3216681945842303	3.121988248219369
4.5108801174237625	5.362033658225491	5.144597852434718	4.050231160909715	5.301163905160525	4.88934308514469	5.459638270312707	5.328098260149173	4.24606762966667	3.1173313377272134	4.131554054390518	5.129506440424081	4.94335169980804	5.235772746880555	5.321006865562243	5.230878385904057	4.866568529531043	5.779858300521445	4.487273845768126	5.797720711077803	5.2889354705821106	5.251982547264684	2.7358487287899727	2.9335873133949697	3.6489119891379524
4.4435882653931005	5.2719570492086305	5.193131065159039	3.286612906503602	5.249402228302198	4.944784044158478	5.466582551282456	5.309884036189715	4.087211357742881	3.2905182597794926	4.651583344185101	5.099787651839772	4.846811989449316	5.39423009012451	5.292179305169538	5.187343216338419	4.957236269413484	5.720010013002727	4.6265887395635055	5.857746933432872	5.373182967388297	5.1424782197641585	2.702766941479945	2.915371171886511	4.022151791101923
4.782019880510591	5.11699584101901	5.171653718870104	2.985664768232429	5.0967458907900784	4.9698504110674895	5.350170537207989	5.410283889361632	3.954208390031389	3.37566726435386	5.37352705534611	5.396255786446056	4.888331308480573	5.14339535277843	5.179594998285023	5.28755097686606	4.890672989997222	5.712329993513854	4.697451781070115	5.796361721919948	5.179650174190252	5.385016817027112	2.749080784774467	2.744443404551783	3.8915011718160697
4.441576272576142	5.168299258284572	5.226044616601801	3.181528274925981	4.844265676718744	4.96225681796985	5.439990689542412	5.381171002114475	3.9531547707457615	3.303182873105421	5.425603502047012	5.296703115063347	5.011772200726467	5.151629699506471	5.303636120045228	5.513633784993032	4.736479820785744	5.743295048003841	4.71205409841663	5.775156131406383	5.229199842721965	5.497058972689517	2.667309281806318	2.744753525905204	3.796630804383048
4.176159604288607	5.35198245996254	5.056585489683295	3.84179147527111	4.552987793242367	5.076655550361245	5.431969741671549	5.325488856880096	3.7329002009225385	3.492316703629638	5.565833251995786	5.301661985495572	4.990190122132502	5.1016741555920495	5.435636526009331	5.543243323559274	4.875544953657707	5.767477022623979	4.793478958047803	5.749898687804502	5.218911539142105	5.451358633251187	2.829642638497158	3.0327369851234787	3.78419747095115
3.9133034746858533	4.581725176507204	4.945615372802913	3.6397819801663513	4.328384011306605	5.121697311743888	5.428866866642889	5.287746174034887	4.061892069875855	3.4682569808699983	5.697586436496295	5.093107647631628	4.940846092701968	5.156642405299194	5.41895033486419	5.623747790618134	4.834021399908844	5.67709068981109	4.934123778653033	5.745266572381725	5.2124018829225145	5.503992834130139	2.763525515126979	3.0733206958347754	3.630847349593029
4.081085857089446	4.436131723315823	4.977297641746872	3.4874471519618018	4.2421465473086855	5.119169286351326	5.460107450563811	5.069090093326164	4.114962119227627	3.6742187247542075	5.543709015088061	4.885430524603145	4.7636172489447794	5.228798632074144	5.378265286424993	5.422991610131037	4.811827887653938	5.671986034182479	5.057012125219443	5.755951698598805	5.302199973334341	5.518824059534253	2.707334741366185	3.1559415430366564	3.913419761486914
4.1222674507979695	4.339278884654637	4.970214499680121	3.592991983320054	4.27995031227648	5.243662683876805	5.483579951189646	5.179756514326802	4.4239413513021315	3.9121631470211384	5.6046812443643175	5.074976260048043	4.974660280312079	4.61128560507785	5.320692911975897	5.199096880946745	4.973411743014156	5.620401757939135	5.045916518262622	5.773767505639352	5.321029978868668	5.503448901108958	2.7601621783670756	2.9724656052815437	3.834465236009155
4.711701703898855	4.22357159634475	5.025950797521444	4.89595631791034	4.590085116936005	5.1690575307026725	5.515190841061749	5.178462301546478	4.603215564338528	3.7177399984891704	5.6508118236749	5.02963304722937	5.102089961523661	4.405457203089221	5.2019806795786945	5.013696230840295	4.559847704505953	5.633001016392367	4.916331189119848	5.781643118032576	5.374510776116107	5.5592323810618325	2.6135319052123314	3.0398602473360867	3.632960665578276
4.961391959335511	4.624760689958209	5.190942285386323	4.687422294692716	4.882552894885914	4.976450374299124	5.525281133910431	5.293499963721266	4.728759298505069	3.8439254662582294	5.101440456007258	5.180838137715088	5.087708075236979	4.250488306764354	4.978817717004073	4.949276854253575	4.678435487196084	5.721732572379746	4.998969638261276	5.74853529039492	5.421912327019467	5.574611776026728	2.7030948327194904	3.342496087339704	3.693926330615816
5.009705220997301	5.081876070070268	5.38205004913753	4.207040048009951	4.999013801822393	4.922769538196974	5.468548959140119	5.459924889570754	5.281318156347537	3.7956121889611603	5.02127839473001	5.292553928487597	5.32767838742444	4.402202858840343	5.022179140662279	5.2220252540940315	5.174849428403206	5.62742411919031	4.933359233555735	5.8400652210876425	5.5096189039454	5.598362037786763	2.7390801740540596	3.703617990940005	3.6298388887386994
5.146392339236002	5.2777545283094955	5.347964888080672	4.017859486191463	4.966325721833917	5.046398736605772	5.498998164643571	5.470204552772084	5.041417920794768	3.8648450979735074	4.673136903903995	4.970556148775506	5.252989340407164	5.010031096243667	4.977246801148744	5.252972489501971	5.231834838852947	5.749558513913121	4.967345479542254	5.838956474544328	5.527568434529447	5.66343210724248	2.994321734215137	4.374169483006036	4.1119105242533145
5.4981908109061735	5.328005516734491	5.272967925721186	4.560572499392685	5.020273832666998	5.131921559709951	5.636180640148457	5.495707268524932	4.783465036214541	3.9437927479381494	4.624485335857165	4.762994182348013	5.001767258367837	5.120688528802376	4.899350820278689	5.358173402716845	5.113587445699933	5.736111419272574	5.302642598406456	5.7266262258212075	5.488104410839321	5.564143537966499	2.9550072085650987	4.904494437432252	4.291846780357514
5.154879460778756	5.22048050811418	5.104718084319846	4.606313802462244	4.973366698463233	5.213643382436671	5.638666776035557	5.572464811657639	4.703072026598868	4.342622612129351	4.903632445592159	4.632907327589968	5.106279228628388	5.12217007304969	5.008330697220671	5.397051251328315	5.214355651181516	5.639270275655912	5.295207239231631	5.621182735891694	5.428555791243934	5.53200782002861	2.5678388199661075	5.25982527155269	4.307048528125631
5.124241786975759	5.197743963679876	5.0842092743507115	4.562942333680909	5.110429783914607	5.234774275263101	5.63432594816755	5.419414767010188	4.488168337344434	4.490217542191878	5.043362230783987	4.3791483845189685	4.713131877076211	4.9311042308891615	5.052028169071278	5.360040657773952	4.804723844817389	5.670873895919008	5.2708557493224335	5.640916660533726	5.3677122786250555	5.440280096582039	2.434202285742706	5.022368680134344	4.177991257316629
4.989814466189166	5.244662130266213	5.010723286640083	4.739159012668371	5.181917519119546	5.246836469249982	5.656789219911477	5.458759890070183	4.501601212905241	4.385044364827957	5.297044296675777	4.414564559446852	4.626735913842428	4.885404338160753	5.113179126554916	5.20276921617359	4.84609009340864	5.57586005918667	5.017037187549206	5.626068328117057	4.86569132498163	5.5024525262967074	2.580472381073392	5.121478670571544	4.056823919538168
4.897892869212527	5.22611075980101	5.064849339190947	5.399851300536464	5.116298580973368	5.32113505461995	5.585839906304107	5.499683723324888	4.520204025435916	4.128661848417897	5.18637414274078	4.561268214822698	4.745217068526928	4.869605758418834	5.167196059936104	5.173802711868917	4.675160253337481	5.572312890449756	4.856625047214414	5.563422629637707	4.9306213039505185	5.590346997527102	2.7729445395740564	5.125106444945263	4.106438630595397
5.068910500393004	5.167599036983106	5.076944470732423	5.444591139412408	4.99816417069546	5.154508868177632	5.720830909770504	5.352615380696508	4.566831670310241	3.9350988315514743	5.179574559113002	4.597978137875178	4.8972859664045165	4.675144323304108	5.03779182806292	5.272608304188394	4.664634903442959	5.640370722727304	4.702881006391914	5.646841137771749	4.888346204330482	5.5389981869503355	3.2293014413476886	4.814292661058882	4.074022501515196
5.145131899560427	5.091181061667281	5.098112758979697	5.2540448775168835	4.906055445088131	5.096403021419468	5.711526592987936	5.357453409731248	4.802849748344102	3.8200134729738644	5.1291306497525095	4.86841267974237	4.949780240386449	4.7388398393964195	4.966033965522494	5.392004150793636	5.1169678420900135	5.670207621978932	3.9057913576479186	5.657331136148688	4.742092205815726	5.4722083117681795	3.9592181852393535	4.150820531640833	4.253454831645753
5.180136209054146	5.165244752746442	5.0947320125653235	4.936214844422304	4.867162734249372	5.05062219579848	5.648616337229356	5.433872315346429	4.824492532540454	3.8095122092608014	5.002012628294471	5.057809231431787	4.83952744894919	4.642855485776154	5.007525326464923	5.331306006225302	4.898716600473781	5.574542992091703	3.9931671552702452	5.670965691189692	5.0190778744036	5.466657987135171	3.666517766494821	3.4559655430818865	4.623001742103096
5.1730400118716675	5.134856548242453	5.03771814848873	5.0908004313550395	4.904913192128255	5.008100644713795	5.668890057162682	5.366039168550492	4.835775891275715	3.827572865301966	5.209780475197801	4.967082405557611	5.051122719950231	4.636972679555194	5.006130710673053	5.132047456724104	5.264330697336778	5.492786595611039	3.486156346759388	5.705828160441334	4.951663843543859	5.388044445143657	3.2555220119694406	3.1611920744308706	4.713103667179875
5.341259400056415	5.3058181988615765	5.234739637014076	4.789689849720478	4.963936692853629	4.816399214827096	5.670591569207636	5.384321053158612	5.046837928141722	3.703862125727259	5.405579481789007	4.862727530817163	4.965602977656177	4.951619298215057	5.161855229473259	5.1793804782320985	5.333802086329257	5.45078306077822	3.65542595117822	5.7484548706141565	4.909863873658866	5.37349786911033	2.705901695363738	3.0190494914713666	4.545661994744029
5.438527900711208	5.502073968686923	5.21304114031818	4.611223476467662	5.02523814120005	4.771383135723844	5.62362541861874	5.445050619639082	4.248676163690365	3.397465846289124	5.318836378215738	4.941997981826624	4.967933250848378	4.882398131323354	5.227687868800505	5.376957763935668	5.206043077767605	5.43940213277867	4.562713436847669	5.845334315180863	5.11970170989874	5.349077134053726	2.5722981695110825	3.0604510612092213	4.533596640852267
5.475773781350966	5.497194945391173	5.246239844136655	4.77936793639285	4.932810983225182	4.647340705448822	5.607411908855656	5.457828053796731	4.2716337590711735	3.4792660273198166	4.65733452368569	5.028273320670512	4.809936318916526	5.031485014448377	5.124548062702658	5.399203346081167	5.146232095009058	5.364332484446098	4.601847687725756	5.800857438278942	5.177535160468463	5.316976502351977	2.3773346872344367	3.1027240786549246	4.633530548426888
5.538090565629977	5.512986756352225	5.321547292433462	5.265289748128491	4.728428861315976	4.560171109101747	5.311409803194415	5.502199543547865	4.404242757959666	3.459178497998588	4.496452368890576	4.963654373086046	4.791251881654276	5.168552299996153	5.350188052332705	5.484511840399517	5.167739979876952	5.510322878331667	4.839759198183915	5.824206125945798	5.072080199016109	5.264491591992169	2.471572017960562	2.906441096454315	4.646570200600695
5.431852488492442	5.417767044193687	5.108257228104001	5.252570343716511	4.520680536519848	4.864492032385451	5.378204909863137	5.495678516257959	4.4625128172898485	3.1773714309441865	4.278381075652883	5.10206972873042	4.792040561708101	5.327121671289735	5.36411580284285	5.549169018863365	5.026155135799342	5.617302847972838	4.337979376353312	5.854288904932028	5.069215975216433	5.342609598758443	2.4155990854005367	2.739334013348584	3.6066555294419893
5.383512810997698	5.438749027648559	5.131201001615607	5.427530166423251	4.429296526078768	4.902461007375658	5.280690047912882	5.298914576918643	5.186063504922679	2.9112593927604107	4.29792563738672	5.079326325411839	4.854469416290307	5.464052537958058	5.29058918240017	5.62607082427852	4.9520478274429465	5.5385701466174915	4.464739100511248	5.869804079540249	5.218603484889007	5.260162326671703	2.3899124119472623	2.887570511122281	3.6383240828337953
5.2827472664695065	5.044607011846084	5.154368301248303	5.4744360389547895	4.634962700130877	5.060190981641092	5.345534838171331	5.392264924059125	5.228645087031085	3.2001445044361456	4.42793969288837	5.141862501722895	4.959221637076326	5.493996644122889	5.188416219680106	5.651887476514584	4.884222753579114	5.64092222660153	4.463618464007173	5.861349450378178	5.3422704810082795	5.27837600512732	2.4359146970768597	3.004713837503809	3.8125338851818507
5.293458705165117	5.184136713526865	5.115675742645005	5.473013841256645	4.733930409464069	5.172940040020035	5.379019476899898	5.333110527806674	5.484785006866813	3.0010095298889157	4.4140591770812625	5.244223182214548	5.168980880893793	5.284342367304978	5.12757093634809	5.472708751441571	4.765403498010956	5.603884371526749	4.342125590687282	5.87365925475462	5.241290057154519	5.343776604140979	2.6238594238453197	3.5576407899114195	3.761204933738683
5.402487514942739	5.156734568814492	5.125810229136238	5.375642585838504	4.93712937499138	5.203694215142759	5.4517035864369205	5.258924024678884	5.474049372603891	3.175017497920276	3.8331371630163864	5.183210020160934	5.3150558635827565	5.343524005678255	5.0107952056790035	5.420920669600792	4.767378481070687	5.661583702634415	4.648348000251378	5.84765432336633	4.905836039202349	5.254469494840875	2.602151377447149	4.634155983820431	4.617806161730671
5.22088137057025	5.220282131644511	5.071660498900467	5.45741681141753	5.132800205713813	5.1292768834322	5.488293828809577	5.229864524929099	5.491503714738022	3.5826272216210397	3.443936187756086	5.1539184293343405	4.888668518162302	5.347017798937768	5.083239260846291	5.455867213992226	4.939460435214184	5.7451035703493	4.669917946257308	5.818632886392867	4.9655621312075855	5.375614757276648	2.3567186392918003	4.662499165394585	4.3753130964802285
5.18109215444467	5.07549712850065	4.879092559546016	5.29983048089255	5.073458053054675	5.274400194561362	5.689801807986029	5.116609225612395	5.5373414787398	3.2879903292254045	3.8995658838323624	4.8269604390550445	4.783610005143017	5.314658784889682	5.0877089406143154	5.3532396074211785	4.822654379341925	5.778927647011993	4.235273517709934	5.83035888527952	5.00918033238378	5.2854350730512385	2.1131762565203265	4.513376787694594	3.517672838186502
4.882310662662972	5.075078766623703	4.799721703839053	5.361542831094072	5.049620473200541	5.1440095600402636	5.466666581272703	5.0748675532804315	5.364186813563733	3.3686512031362943	4.318545355320308	4.817215301534787	4.760674590805407	5.345811675762219	5.0314039991428166	5.476830088338715	4.826387186584661	5.7655107795054805	4.0202756613611985	5.833040315495771	4.907748510697386	5.269858857884994	2.1110115978095596	4.416139153176669	3.5639181388826926
4.613041343705794	4.803554121652463	4.9212513237382804	5.649309440191286	5.178614107234123	5.16761483974568	5.493129163022919	5.254168130789509	5.507415126083554	3.3344047221563224	4.3364125470567965	4.777504042587093	4.677277028690996	4.937793651532322	5.159428630930857	5.55292427534463	5.109274195031572	5.718581453936505	3.6219763992609155	5.795014174934672	5.259208043638186	5.337513245702183	2.166327857692835	3.410650194406747	3.42049112521473
4.6542949022648905	4.825922128364094	4.881798508499293	5.49045459212691	5.219055457643493	5.159092610957118	5.509577006859196	5.215708859536842	5.405038780313408	3.434263499729987	4.526636003833017	4.94121620916861	4.753686579271827	4.941343502608629	5.144869778778505	5.538766907032811	5.0757440371535445	5.685920798412538	3.2455731607680067	5.781268440757695	5.278348207885368	5.316878201451853	2.3853172515941803	3.023600021303241	3.524836899461742
4.897181169037904	5.2134968140289955	4.992837603607051	5.576064798389676	5.285962771448633	5.1947206891824855	5.66287479353728	5.295393356527559	5.275434142181871	3.819758553729796	4.238127034714321	5.250407421131124	5.025144801014726	4.918870449758175	5.131040983006273	5.372662730653348	5.013115962477403	5.691131674031089	3.3122126978915505	5.793509848614507	5.381975609409003	5.22611750579615	2.468010906805438	3.0485150712044127	4.344535952734711
4.68636789676319	5.340709038202416	5.001452275655532	5.404181659423332	5.311889362735352	4.918032182330925	5.6656032052964065	5.327279363042337	5.192076234720481	3.6127725991874033	3.8002547023427695	5.179571957427615	4.887871265967676	4.79555893590606	4.998726766092871	5.126294634765666	4.900954026538297	5.666946321722642	3.4339641270062775	5.777518173209673	5.384360296023364	5.2400349287003	2.3166348403912633	3.0095501548857277	4.650576346976873
4.779731891429456	5.26025190589825	5.052337493587315	4.723575901920388	5.061932482092527	4.842096000002215	5.621498017152393	5.2509320578192344	5.052016005841795	3.1880277511387543	3.759357758227326	5.212103186577095	4.8659860783486995	5.024441612943419	5.171061032758788	5.047937986355064	5.171133592092738	5.651030081917553	3.2293091070839233	5.829202915603766	5.090224155021868	5.27273404103587	2.397350224222965	3.1109153199443815	4.733971537814475
4.704983269627329	5.386185743831768	5.106820641572694	4.537443594628652	5.006052032499637	4.863551973638778	5.5513952531885735	5.2239136878716375	5.040600385128435	3.0146403457541813	4.892741249650054	5.096411469974636	5.076121484667865	4.674820044120904	4.934354182074458	4.9166855667682245	5.162559098177549	5.721607667674756	3.1053390230635207	5.8367914574446935	5.130215627703352	5.17603359513323	2.3210111913679854	3.048252547687607	4.649038896744513
4.617587592208947	5.155350669298423	5.125953956713433	4.160785070216628	5.027357715662601	4.719582474216756	5.516929673614237	5.4120222350833895	5.272655124467111	2.669712720095322	5.424659335401962	5.186791715972793	5.038857151153226	4.664398834470013	4.878437597304941	4.980493437575421	5.176808381474328	5.751959099274519	2.975241892411702	5.862634971479028	5.211398944866493	5.295831692229229	2.2811474996730836	2.9813440208631357	4.284532970495062
4.886151659781616	5.070273410512049	4.720512065014422	3.4976072877629902	5.01571827257079	5.024679803377467	5.522848625445627	5.3585622109215505	5.370509851775914	2.6750533924086626	3.9860886150638972	5.2786361670711095	5.072081568099858	4.839471023886119	5.111311736747188	5.228172955411327	5.132465262061261	5.790655941480303	3.7727510729924365	5.767899536425194	4.899679421823619	5.037613789195849	2.640914559683896	2.9324240208664456	3.987192589555883
5.206343865965652	4.954251364133121	4.84780404371216	3.914878717129215	5.159112536654919	4.834815606971684	5.526394927461343	5.521911785616654	5.594037493194086	2.813312423479862	3.338013566021296	5.3376662611416865	4.987844135448378	4.841549097682793	5.041135210599259	5.352861296873159	5.185540674959949	5.775553219729062	3.989715789869684	5.757076222477423	4.908328802117006	4.891592274803355	2.864283720389801	3.0019878151141266	3.9339795921759992
4.907246174805955	5.023422499496323	4.817748518934388	5.150917969236966	5.353445776053154	4.724305455498717	5.542243418376249	5.418629836768793	5.630732701125216	2.911542711721058	3.513387077976579	5.063805474880232	5.041168005440731	5.185565523492467	5.068262297856428	4.778003624931183	5.015490640665919	5.752773962964568	3.9255240075409388	5.794017102611195	4.709887024803413	5.120854441113833	2.8500318597498024	3.6247421704862175	3.4336590532168705
5.001836858683101	5.179737715583045	5.0012731048595	4.2979829710607955	5.374094226056137	4.911946524607989	5.497638236014455	5.379813420047297	5.649541917261818	3.041083466367856	4.0192587956562935	4.993044610717004	5.0771802548780585	5.17086993929736	5.027661897481914	4.864179619916398	4.988280476919559	5.717809699118151	4.096137581482149	5.842171858338448	4.745725038816591	4.9593371804859645	3.4026775231633044	3.87010494752746	3.738861043617545
5.002391116579592	5.333418918315324	5.017664182330973	4.147484410102182	5.39138724264783	4.981864771155883	5.359321276092554	5.289574233947755	5.538268009945934	3.3288478201699174	4.03982153227843	4.9166867880770315	4.7758386451218895	4.845301629622577	5.061646919055075	5.208310622687357	4.9241721456208545	5.651348481864021	3.9306365814982978	5.878964833001162	5.50747368332846	5.057762452488579	3.4900510871059125	4.786876755757038	4.669551072619679
4.242264396471462	5.559645810697169	5.095502900594645	4.047197926358864	5.3742836976314985	5.064593553755354	5.205332420675674	5.281034155889113	5.593116230198247	3.287596356628972	4.526929672086726	4.832124505522927	4.791402376904336	4.557756665051478	4.855463088648856	5.298121386578558	4.917701227416208	5.77026756088554	3.7369209408575306	5.836517067718229	5.485223870330944	5.335066221177736	3.3229214258353252	4.898648533918569	4.095327005731418
4.365021285927915	5.517346518957735	5.07311258441292	4.058855971366358	5.3381623806328	4.903711882756254	5.253531157558504	5.403231279354942	5.570617895226538	2.839698425989734	4.624622959849326	4.909446547744261	4.785396581418687	4.130469924506337	4.879222008709906	5.541910977104337	4.9419867875315315	5.741010601365516	3.69599144540189	5.840054752554865	5.459803537343411	5.387877141885607	3.2883792287012015	4.406552310223794	3.6671706867523146
4.267307529767532	5.28474790652437	5.160291389897104	3.4480730409868285	5.2122114523834995	4.946346203023182	5.248633421531878	5.364043097182468	5.4716323812089245	2.5005292831771753	4.733102377377749	4.920817738670059	4.330271539162589	4.144611051040598	4.878733657820085	5.512886241170593	4.829933158368759	5.833866808224273	4.127783778238221	5.875913879693443	5.4197171564090825	5.42042054554387	2.8968278468983772	4.349777344452904	3.6231779831030373
4.355085225074159	5.305363404065188	5.119347289391216	3.728997725592314	5.167345279732328	4.704971164572795	5.131520095323865	5.317464572709868	5.143861364510966	2.424239466888766	4.665017622534543	4.853589940825618	4.4609884340504005	4.156885868763395	4.8368438637084425	5.399825700292735	4.81264897069909	5.821252202011781	4.672037425429558	5.888131039594526	5.330262082507751	5.488696542028756	2.780208034854799	4.199408379199577	3.6142075730143377
4.897640027705028	5.323782513717307	5.240752013922661	3.7225760089582676	5.185329179343228	4.545102825873697	5.216136330982791	5.309024307413626	4.971765939004203	2.8379536662141422	4.969297834931072	4.768407292304081	4.3396840076283425	4.150814062347463	4.92829004803139	5.349010470289858	4.844546804700348	5.730312095055491	4.889152908322157	5.820389823489209	5.184224632953981	5.524447966190125	2.9054879464659256	3.8524674692836105	3.2192426317715013
4.405598925744498	5.248192928510418	5.172582474687623	3.6173941127529305	5.1762671972974905	4.8332548274689495	5.049559484669408	5.309567331347152	4.8931812805421835	3.1985563122944956	4.849320157854371	4.82093508178158	3.7411740525163895	3.854194422835667	4.846185080104084	5.3498811674314295	5.197670946920139	5.651712605881429	5.074380410418843	5.784027353720029	5.312752268679859	5.584657191076837	2.965868324067074	3.5844206661390534	3.392038618675447
3.840928456702177	5.425907937890599	5.028975143651214	4.279033673187095	5.2427562877768334	4.828193369124929	5.091710020047325	5.445767201106147	4.7554359096422925	3.2852602330916114	4.928853690583261	4.6820571446978985	3.2437243665324873	3.7504161816032924	4.832140792074336	5.261521488469799	5.188485234309708	5.590136069702733	4.9922328449045335	5.76018310459279	5.257838854050881	5.610001713882758	3.086849729856337	3.341546800293245	3.576535761001886
3.4468750852789034	5.509816499553637	5.035752317691934	3.8836331230475847	4.957260661786465	4.84405256417165	5.327575822198142	5.333508209106033	4.925482203713095	3.0854382860727565	5.221947146268212	4.703152234223149	3.5870850786840833	3.9884609257345094	4.701793467834815	5.282744306711761	5.300651064042208	5.637590991139532	4.992043659605602	5.831585040805333	5.469827949872043	5.5675369391045315	2.7086208959369826	3.5249596182998957	3.5185402473138847
3.2408163872958426	5.446489123830559	5.177683480728485	3.3281951579595965	4.926972026830177	4.857162336625437	5.383062225244997	5.280419157298489	4.619952319215574	2.876902152589082	5.383369375746049	4.897226532268432	4.833229701397742	4.242575932905988	4.756417319507397	5.589325357682662	5.266321248431101	5.681879532233876	4.765743727344074	5.846642062817727	5.4683304838794555	5.40766860067934	2.336240651365771	4.038937234930181	3.6168714887872624
3.380702995732492	5.3946280818120105	5.232430800837072	3.3450908959440233	4.919740651815987	4.858188210528774	5.53788297983182	5.154274249610559	4.400076491797482	2.892661150642287	5.07607828265253	5.04268562566355	4.860281510265427	4.971546263703009	4.663381589366866	5.761577810055326	5.16787538356035	5.68100447986942	4.750643293756092	5.860822033819521	5.550638857993816	5.320317148410017	2.4309782397284065	3.956796457087481	3.971534211771067
3.2184142150123254	5.374550681055339	5.34240535285029	3.4171339746652922	4.651467335097828	4.934393655821822	5.645309066483548	5.130213614207427	4.653417164290341	3.216169136163925	4.973011041980443	5.122587307839645	4.80087564675258	5.232246927492364	4.772766023549039	5.707755384972966	4.8640283279924	5.644849135351233	4.836382821708123	5.858500515854407	5.572848875759535	5.302614794368896	2.370926244262958	3.226999782273517	3.570710547984539
3.100258115481925	5.400995907214804	5.315949064577906	4.13324950645755	4.846533453760709	5.006753941090535	5.670712989778633	5.283492028264152	4.816894481437518	3.4441443305707287	4.819245884251227	5.1843656483572	4.746308386835097	5.287013537643239	4.750563763069691	5.520825670731536	4.897287332333377	5.581861035855698	4.73788760084812	5.723353447891902	5.390600354322581	5.250474614917482	2.430003680036885	3.1673543810430713	3.7032671371637464
2.9167760165069785	5.333010190680663	5.235399127778396	5.014722147273438	4.887797361436455	4.905797454282853	5.483723178326543	5.185483340660847	5.052020718130067	3.8161946886974922	4.551833950300578	5.120556871976427	4.828522295154392	5.19462199639204	4.598995155943029	5.473721724844254	4.57136395735274	5.488274777573902	4.712293288191702	5.784772385222918	5.442623296929238	5.232448637610715	2.5452120078988383	3.2182210920040353	3.4772467745758817
3.3665596495877588	5.413495282316689	5.2608731934815145	5.51802597422801	4.907448158010923	4.963013286926257	5.391149910573268	5.204423650296934	5.525077345064711	4.051872477090778	4.862726127424478	4.992913486277429	4.612590219014547	5.264601553607256	4.715340985557538	5.406749975818828	4.655677209752351	5.409025028267541	4.523221248693957	5.759629372216902	5.46379959596189	5.20830427691284	2.6659431240813305	3.3845641671381457	3.395941456239186
3.858873770351317	5.488722674923249	5.19219231617513	4.668363726930042	5.234900599150495	5.001008674560002	5.477016102553406	5.253036253640744	5.48715262941835	3.0923932671578003	5.218271455488495	5.006547668437036	4.584584036463902	5.2507479743167185	4.778029464951518	5.48777840522799	4.691160778006287	5.400430770408538	4.402903614201705	5.782062777823158	5.368787061707762	5.227593245903314	2.8068568759374672	4.162062432083003	3.848251629948665
4.529802152491813	5.399933217875787	5.156063186740042	4.6118004732265305	5.197587087003754	5.045543227723632	5.52004662346066	5.0590850662074915	5.655201217830563	2.6499624466800786	5.293861394002189	4.8859704863433775	4.605590246675409	5.179911800364793	5.031759920993108	5.696600242065465	4.988427548617624	5.35413323011714	4.325250713705613	5.862573171101221	5.355722147482227	5.3318633039510255	2.503045887517771	4.124648398803109	3.9998279840990563
5.130406083756234	5.5229275074001105	5.113334944779404	4.133781957666257	5.205708035061768	5.140622598128747	5.681086686166404	5.337799615704351	5.669089250636368	2.533811094787426	5.100134052502153	4.642305222659847	4.740194447800361	5.3367111410796495	5.003653797514305	5.605735813542124	5.13820005022814	5.4264240983040555	4.624869311666275	5.803642742063885	5.299860376195641	5.332227471712234	2.7249728477995188	4.594216269669307	3.994050960329507
5.342246800600795	5.45650173308456	4.906406880346417	3.955742601429936	5.278143806054543	5.281051875521937	5.669948562934056	5.244015312853456	5.633979273679483	2.6404450394473917	4.857733850169776	4.645951376759328	5.182932599455797	5.306865511456737	4.966128246138246	5.658841967842064	5.082661542665527	5.5701928955800275	4.279793087504858	5.809607749501647	5.398377629829947	5.5808985252971635	2.486703522426768	4.658147990460887	4.049063360449031
4.988055438911629	5.547345378891063	4.83216212991525	4.2936233693509545	5.413555718705267	5.256714603781739	5.717956437822585	5.425886178099084	5.465006000086556	3.0995754615540556	4.240933563739279	4.899795990664454	5.15118874270806	5.249121841924016	4.768369919407828	5.506051818469183	5.0842551685900546	5.614612152564453	4.12770504898037	5.743441276443648	5.415970457656032	5.484508362715163	2.2734077317030637	4.718351954943632	3.904033304774483
