5.178785624746878	5.039403168727728	5.000194982272787	4.992615425937683	5.28790133354973	4.378560506777613	5.2947667115055825	4.705267828230398	4.945396636108428	4.296305192868314	4.936270146729659	4.734839393935479	5.053344640952357	4.498783814153665	5.261433179223325	5.6845579716421675	5.287367035742955	5.36350768409695	4.3796740154220535	5.198273527458296	5.614056052031144	4.89323465607649	5.3748367568531785	4.364741827263648	4.84569523315204
5.122285335506516	5.141034691967052	5.077137134940503	4.994419682089997	5.210476139018538	4.781467674394068	5.278333538287249	4.935034145514678	5.2603467637664885	3.976192070251442	5.092902768714964	4.662066222112336	4.998636859397198	4.616599296780608	5.101012521239253	5.6804322525469	5.343024993664321	5.388618181099498	4.293139027601162	5.104392661476142	5.691120445079145	5.046328871132262	5.531930524642343	4.513094591823583	5.013999944953589
5.178360725551207	5.10865184580811	5.018358408139849	5.04091244381955	5.1167843137150015	4.402374646607041	5.2248033113147905	4.818470938921415	5.215436649677604	3.856080779468944	5.114867368489921	4.732754231170299	4.96324081936412	5.100083665407521	5.196489397038955	5.690879721860979	4.848557860827198	5.426516922789943	4.210342938256313	4.9932945610370565	5.635951579326255	5.0110953497743544	5.531454170171094	4.855306731260316	4.684831520506495
5.05115570383822	5.14459303300165	4.896156053407361	4.792534013484674	4.8995736988103555	4.220734037260227	5.077684224705747	5.046731567062903	5.179815363069601	3.8358821832191747	5.162538561006876	4.8330172291838585	4.816235776342039	4.789807045655786	4.984377604083954	5.808392559257167	4.369052570760247	5.2316040117002265	4.5321001081826	5.221392451040896	5.656882429239917	5.079953634989779	5.572593893258679	4.822815458716216	4.747017216871054
5.363950917398729	5.0738311198901735	4.6425400166885025	4.796183601708924	4.8814152937215365	4.662485371430671	5.059798783522011	5.174812210747195	5.349522746807096	3.6913476264298226	5.14581603693512	4.832410378095145	4.850156599188187	4.675402367881804	4.852885984458045	5.82149682394242	4.3519014415473425	5.08597761073085	4.4131378566206845	5.165479239518679	5.647204565358276	5.028470111997813	5.4987865403630956	5.051072394118557	5.044849239574096
5.328229460999056	4.79133140108069	4.704006586045603	5.092511275651482	4.884358327059486	4.901560199852566	5.072771170602415	5.0721245925678975	5.104560277438514	3.6035072383073405	5.272893813830441	4.883692856526705	4.737651844611024	4.738175878281193	4.670089922401301	5.728850159019304	4.34876062618787	5.2902745955342185	4.422347214484634	5.258095066873653	5.431491852813183	4.8454377099523285	5.373137255245352	5.12066811571699	5.33018610400177
5.233005280617642	4.815952108259233	4.812491328165246	4.852972850461935	4.908814624272408	4.701508935320467	5.152768480111133	5.11838072606184	4.958732139793554	3.4434247518194554	4.838122949565703	4.886389976071819	4.846039924298268	4.491994006654521	4.057115773903935	5.7260384793765375	4.940415144027352	5.3385443774431165	4.593682854574629	5.48526145349812	5.478726798544546	4.922508093087353	5.395969794586967	5.152310055638435	5.165890106973063
5.28597490938406	4.644623128215961	4.739392897014651	5.082781979315776	5.080326642785522	4.668284040224579	5.228954680469214	5.244300298603862	5.016187554814975	3.309117798359465	4.747379533774249	5.084172761016821	4.950059472444368	4.4568217095995495	3.7380089587106107	5.7740944917888655	5.140305178904722	5.6241819472201495	4.689907470173674	5.526814392167903	5.4962257249840905	4.988811387464812	5.299029357362424	5.132220370045859	4.889353240537545
5.357056116325722	4.739317032453422	4.861894705394112	5.156161081490449	4.933405442068878	4.679405550970261	4.831776332058569	5.080182528275418	4.958310084809478	3.4018945249290504	4.903845042486245	5.133931796754708	4.955810020345297	4.627201745588985	4.056587620164193	5.68911344690275	5.187229696208162	5.617999238039588	4.9082714580846005	5.519791697591211	5.523045260263283	5.016614939214442	5.279457991501778	5.184114244278503	4.947963970445774
5.319530731754258	4.759231008629632	5.085181526124319	4.984006267701304	5.107083853824655	4.453399711736152	3.8789759113721223	5.134493376706164	5.0055489994847155	3.4887576961469193	4.869695592460925	5.099013899615882	5.139137120687219	4.5625246869616465	4.09553667030046	5.653881946708044	5.3806342224306105	5.4774235239360785	5.308298080570582	5.524313196831456	5.483359153116654	5.105171433138321	5.440704240511801	5.148508610256115	4.630209994497292
5.345865435572551	4.762855750584247	5.08207740866856	4.872748542295023	5.088089922126964	4.607107661932223	3.823557682260458	5.087211299827026	5.315324269089109	3.6522347786240665	4.807511655045172	5.0140707576977395	4.917688924084435	4.724784818408526	4.608284706788647	5.713923756408047	5.44334087328034	5.378100573213932	5.349037843339031	5.416966096622138	5.502065803117003	5.068941269311023	5.354807473899204	5.164038189408986	4.769892596853808
5.356399382534387	4.805321234986415	4.888181960839402	4.983869655191734	4.891002504088971	4.755851573792621	3.7891646585680934	4.979410704431135	5.434651609388097	4.179771381258647	5.128389129070069	4.0175556502113565	4.9201184950793575	5.041625696733863	5.265333200806004	5.742037944819708	5.52051023212908	5.432353160349604	4.991767428774828	5.45522001807144	5.609957040522281	5.037801969726403	5.107907035779297	5.215860703565393	4.3911797181692975
5.22553381868099	4.602998995908262	4.802077079954022	4.722652600852916	4.964577445915895	4.53071733972163	4.011745625735639	4.851046620603487	5.480646462195523	4.01424833083941	5.24104271842953	4.215246404659523	5.001270047084123	5.026688337773655	5.221168366181752	5.753711893983517	5.462376325630129	5.400649273378942	4.878106145050791	5.409433305827033	5.524062774656893	5.003154709807329	5.008361182673551	5.271435315493132	4.256135240163191
5.0028121476695055	5.179369999024185	4.688474868492978	4.962148347435037	4.685790118275228	4.426407760714645	4.607688580703594	4.8045587506441025	5.544514021514111	4.067845594281575	5.105589536429604	4.175193158442606	4.909673486535176	5.105647003930618	5.247265721756345	5.728944192008361	5.3193332118990355	5.450179038450443	4.9710551851413465	5.50314529004714	5.506868422986449	5.079803483265395	4.928078802098404	5.179049904585101	4.391551822207366
5.005454606906821	4.916300598578561	4.644304845307934	4.822604436157709	4.6404052363200385	4.80051053793965	4.935681864287248	4.78676876566262	5.394116859329419	4.0652111418801615	5.040051588772087	4.790061201315816	4.7176464764566886	4.965379808092244	5.210402380674941	5.687373570216736	5.262565540604024	5.382811341120877	4.834087609859694	5.420978773125045	5.4296747478131016	5.008364692508792	4.895705588887969	5.0953298036085535	4.596581023635002
5.020087446693859	4.671013905315877	4.704850477261613	4.557944427914305	4.787101842993234	4.863531117794138	5.084427475587624	4.354022014539141	5.363365818017056	4.024105817383099	4.73009975260498	4.749144384795834	4.945215311283586	4.795591279811833	5.0140310397981676	5.753702885863407	5.27780483926815	5.211824539851742	4.566224068776405	5.443522091972109	5.5065838753085385	5.017796218546801	5.098327654834391	5.080078267104347	4.847484695051262
5.124700580947256	4.688379777825531	4.988855776267389	4.675056804259059	5.0527185068156095	4.900906798871811	4.930639625916611	4.574311149743223	5.2220967716460205	4.301820629967366	4.604320840542707	4.775286323197215	5.0354438797262615	4.760606023487585	4.786510114128469	5.672985272088375	5.290784296065076	5.184571297119601	3.8000386116800255	5.576009017621156	5.447241049455645	4.953044675190942	5.035723005133785	5.1242853218576725	5.3328889499740155
5.368292004955553	4.77270002095583	4.958918660268451	4.667897462541849	4.986317361557692	4.982174147852055	4.829728161733926	4.447927491583718	4.983977816183448	4.218274879844848	4.56376215586663	4.803169161182875	5.053502594331439	4.413235012332468	4.764848781348099	5.699685789446543	4.895235925742139	5.149112272048524	3.1369370629686104	5.382545391855065	5.424596667085133	4.855707792826814	5.12450524871362	4.9910056940544765	5.18767622764153
5.303414445968116	4.724106188791223	4.795449142426974	4.794297852457578	4.859603044864693	4.487714227717043	4.825529816743495	4.486090729969799	5.081937707092634	3.9355189292802155	4.6697970000773985	5.119721218263239	4.812189089810228	4.567672766299118	4.531240847797729	5.621772466993884	4.729960433134259	5.160208856968474	2.789257827375511	5.251462337763314	5.542992122242975	4.904603397812437	5.028689584467852	4.967264501403313	4.224769015351336
5.347186094439207	4.733997174213015	4.943379666809562	4.729845039483479	4.833406480041685	4.2304896434996575	4.654683583563671	4.641001328684405	5.105581654373963	3.983188132060654	4.9035681935724265	5.043783466072795	4.79777048180778	4.262226207522755	5.017513030618965	5.633379836971039	4.373484793330476	5.437895412972895	2.689015821282857	5.259431520764746	5.4580468247451925	4.745011144786482	5.087953064280025	4.708822269307733	4.030628908933326
5.2746881927680755	4.768470508765695	4.95559544430868	4.804635364503502	4.733533834715159	4.3493633580553395	4.928276230081628	4.894165411086264	5.105671261239437	3.921960514659657	4.927672485782167	4.174972253308755	4.809884335687233	4.330112035398458	5.382075862521456	5.759060913271659	4.2149805906279605	5.462157847081897	3.8753147171958977	5.116891201756208	5.6589410188784495	4.971765762219403	5.164083694550775	4.8192338888755035	3.956180050248454
4.733832382322429	4.9158019432142	4.720478987019336	4.792836635781484	4.924674832770368	4.636214986283362	4.995397940750298	4.792302457087368	5.413692050155325	3.826145851629297	4.893475705174591	4.118193311497548	4.889098924021834	4.6130554798365875	5.36006445113046	5.6926153350834685	4.5827371748371935	5.672677892705755	3.9258561362549615	5.173369385103778	5.548410456993184	5.018962225856502	5.032661645158173	4.493782106927951	3.9777935975086742
4.707923600970951	5.076545524973553	4.765109032693756	4.975722784056507	4.968294788058624	4.7783179882365765	5.093473443741265	4.723180505840391	5.32740289213242	4.440587155995052	4.663230943543435	3.8946392457941847	5.0405179513376055	4.626932117134458	5.283276958783324	5.690757177656874	5.1689418650581285	5.56038990076545	4.525343748293132	5.344354519027264	5.516532205453142	4.913241704058221	5.06107642318505	4.507945904469479	4.514391942402588
4.685050544235298	4.861269019895836	4.614224051801636	5.054904911710016	5.012346251169001	4.806479180470018	4.957254495214217	4.972657544387012	5.265593707084939	4.630130005915968	4.27694706302858	3.737685337142289	5.098518446090442	4.996771844754306	4.84583455202184	5.659696536972381	5.184765522904631	5.48418870410554	4.73287779073649	5.151410732545464	5.389442026568814	5.263657279158062	5.170813856027825	4.567842566786054	4.63503299771054
4.730233332582658	4.88222881624775	4.33919268762773	5.077890369501251	4.965861944412597	4.448855277334626	5.178744550626828	4.994524091778975	5.234925671478719	4.257867306982106	3.9108027609937865	5.167954669403981	5.0885541660644	5.287502497140711	4.937767040435726	5.56231177023933	5.247526278142852	5.471904095602347	4.898588289039563	5.176693158746027	5.552456641310167	5.1548433180949385	5.2305615395604805	4.732439622204494	4.330327850795831
5.148197375161566	4.563109501948103	4.795048239241335	4.993253505721369	4.953049230038938	4.125953232392693	5.272509142658754	5.155210737492144	5.085526120484592	4.255197374624521	3.9171479052584726	5.022593723123081	5.004659368744208	5.276112942782201	4.723826152106601	5.569489528695647	5.248746526272053	5.4892745344067295	5.074811864978848	5.226811051107512	5.513282549087427	5.117511291202502	5.375845304214794	4.85440260791163	4.124443436991695
5.290325757489925	4.4751099156152785	4.467137557024452	4.983879507954185	4.822042881868985	4.312976486299244	5.2612832012294755	5.050352488804833	5.115186839126356	4.08609357223442	4.13825948440974	5.059530415824953	4.951223093066417	5.214121451891405	4.821373274683019	5.540882383663545	5.308492607689445	5.456288423936719	5.190908422803824	5.020215779134597	5.5679065336585	5.213318047292362	5.24811666658805	4.938341981188549	4.246445486888167
5.3692450433006425	4.661387269402016	4.2533287997443585	4.891699089710589	4.742614334467511	4.638941905822629	5.336799675606127	4.522018629803349	5.054421500947136	4.095448585518463	4.494267698347621	5.561112138396515	4.951914017160923	5.336330878606505	5.068062558775295	5.6809679488262255	5.386007833261012	5.336994754258512	5.234901702577464	5.237216680899877	5.617708640282453	5.162371657110662	5.2118973733224125	5.045378097060694	3.875027919685891
5.332140419580598	4.86699537656414	4.429518914312481	4.7601193885911774	4.753627423395568	4.749217018167685	5.436734311054491	4.548653311224157	4.909200901728811	3.898732173967459	4.247547010625185	5.397276994784277	5.023880013367252	5.161638717996007	5.208906646657444	5.657368132532734	5.305707278940205	5.287139099677513	5.109832165401761	5.328541539644868	5.5298396094154585	4.992226128103661	5.256906805932853	5.153034521496782	3.98950200760279
5.335564471574332	4.909835683194797	4.5626608908178765	4.98464909482711	4.812633143752437	4.844226072819294	5.389619078693525	4.383383747445993	5.002162974089809	3.9249547247327996	4.031207204087486	5.38094844277832	4.992609656145857	4.943476165393763	5.35997130656239	5.6218052674649455	5.44602472437121	5.21176925227433	4.341374292419692	5.136100043323606	5.626437216150968	5.018966172047205	5.170308956934275	5.109523445728213	4.745770225315818
4.828881036675014	4.928560175970785	4.618560893873487	5.129093682993799	4.89357333624202	4.971448878003997	5.38242894885843	4.607539241812914	5.041396719247473	4.004730861877334	4.283271521204727	5.238913048905164	5.060161446159525	5.014001845842487	5.340413222614412	5.690245124322048	5.446441812361746	5.362611749912703	3.7914338704005264	5.207873728893921	5.52627174952923	5.001907854202512	5.333010325196171	5.095897822918419	4.790968785708027
4.607201414676691	4.988373685585182	4.81648636740094	5.092778968380922	4.800959093345824	4.790683720311732	5.290854068028828	4.494508799308493	5.084834852503495	4.367043244965593	4.419923676671479	5.057956234879078	5.088299999224616	4.874501364011265	4.459279406594411	5.810921707521588	5.460871925993584	5.3950508995772495	2.9342360986199645	5.143678808084837	5.470325685186623	5.081960736636505	5.38758472595877	4.852285209154205	4.730206260657721
4.314422555212721	5.153549164519546	4.911203763915168	5.149456918451616	4.6498358640497655	4.641706435735786	5.191257907593583	4.473284424616364	5.168951351890687	4.65583733451478	4.748284397733367	4.79897891169205	5.094551836195088	4.983431292243547	4.2484720972384995	5.813987362620262	5.382936934192307	5.314582736449443	2.902055252388707	5.164611599837705	5.341999780277715	5.112547813453978	5.19781218778419	4.806156557119028	4.444489754552283
4.407338295052696	5.214567430688081	5.050662739157178	5.168631291928763	4.634260000765784	4.7795871933022	5.36087569715629	4.296963657895013	5.159507264796907	4.956891512068697	4.770494284385088	4.293153989335355	5.0986270748693965	5.009933934249764	4.11924642915334	5.793428034312532	5.150906339504242	5.419248602134225	3.0806842545468682	5.211545348499237	5.2852854010840105	5.198856125875142	5.2033070435933535	4.667958245168316	4.24926964057141
4.6424106062723665	4.7589073283627705	5.064013709830706	5.013135675735867	4.70512567958251	4.448399781338278	5.280286295644331	4.2326193022253324	5.074694903815251	5.14875540760742	4.3250014880780325	4.694716771748523	5.20885756343998	4.70072506241404	4.112609545359097	5.834332885513872	5.052453430228116	5.449478663032657	3.994981334198961	5.306196465133471	5.3086994046680696	5.149145911499515	5.087270455878126	4.6361328499973515	4.181529492256933
4.502229608150083	4.862179611811894	4.913725108486973	4.987065283738335	4.78867903181454	4.398704542332232	5.149526802684343	4.27161037265541	5.14477700487062	5.1150729117315645	4.1638638508955585	4.650692558102825	5.166746140691258	4.29522765035262	4.957183663838162	5.809883082835893	5.074845262642065	5.4767068591294485	4.080399689336117	5.168423016028588	5.380183367448376	5.385047254539419	5.037041091597237	4.545051961452953	4.214009054786434
4.899691449593422	4.762457478888653	4.646557846354498	4.932124868354049	4.7866754351814675	4.137256852856413	5.231151834325545	4.7671456038923035	5.2630767589890874	4.463702704666314	3.5510459513271355	5.080005451993272	5.0608392813521	4.311461712725619	5.017439372688377	5.765441920313896	5.217626790764615	5.538911634300102	3.919454235704553	4.791731390900108	5.5195368488174354	5.209741556456142	5.003551806817303	4.460906225800126	3.767845771764248
4.5948387220424225	4.720161769721416	4.557976313657116	4.956087395962088	4.852882753631576	4.227517868209168	5.120650032439284	4.579458013673913	5.3836292064780915	4.387893544033134	3.2538286898340716	5.43834698638463	5.051918703946746	4.281747202777745	5.208051152047289	5.737285096435461	5.224140165928736	5.604845454249517	4.273355696008781	4.57351474134724	5.517587015780508	5.059255523512889	5.008211261136979	4.571635054468893	3.9120752310145277
4.514824316651681	5.071399599611328	4.476301634369911	4.982841601172613	4.873701411141923	4.497245274730408	5.087071008415029	4.642205411642938	5.3246302939544705	4.506290615376892	3.145542497952765	5.121965580254123	5.063136217032005	4.62911486610692	5.2191089011232945	5.728378310812509	5.224752211388255	5.584306436713265	4.1750673046863405	4.574772408560895	5.393853213730365	4.834447430189528	5.084278989230207	4.5786294935990135	3.848504782442305
4.900934538061064	5.151397908068133	4.604349564664326	4.915506986575356	4.858250223331395	4.267794223082042	4.8886662331111035	4.773019913445098	5.22060133063364	4.366774811324202	3.2656459252758454	4.832390980069351	4.4021399451758425	4.892311397578808	5.414879151205451	5.805478938218443	5.107616067570848	5.647151665157278	4.2957008306873155	4.53650461541397	5.390745327476055	4.75851368628201	5.077037607066832	4.946207264118563	3.9826051042102315
4.840882881307264	5.107171014378989	4.855911069729124	4.804092160067901	4.9344633302028935	4.37966262739355	4.859266105546295	5.233577880720617	5.074605989435803	4.510648800716453	3.5737211915393563	4.839129813763843	4.339718735997097	5.040100812370324	5.304098515109532	5.705038865194089	4.737365428443655	5.656471938692627	5.053903017296214	4.6416446617464215	5.2736262113660075	4.6469540748906715	5.052913266640248	5.139667810503174	4.004718016263083
4.6778130317167514	5.2006776079221515	5.023645744990575	4.770929460257053	4.862931509107218	4.414975013707167	4.810251955851077	5.0840227690945	5.033645306582024	4.811811796002328	3.984966805299656	4.282372581886093	4.323055194228537	5.1253244452375535	4.98412456340792	5.663187364073233	3.671345178853248	5.480835181653297	4.824448321260389	4.8555903758199745	5.282856558065872	4.491193635606046	4.9896629541107576	5.076519234844693	4.0389666866724205
4.699860902294234	5.142347502446757	4.776573713318232	4.680783148236862	4.788696947648694	4.413319380441818	4.932819964230537	4.973783915827231	4.989679343730245	4.702688513264151	4.305016619887219	4.2091932925239215	4.309382083516546	5.0296618418828665	4.745168176227067	5.666117567554789	3.648740745114609	5.482955308985057	5.23863281909542	4.959974909421997	5.26999118811466	4.465450970431935	4.981679791294981	5.105155708416569	4.015462050196157
4.453782277303514	5.137803096159106	4.580069442417777	4.802671365957476	4.860428596210399	4.668827576505465	5.0526535320407895	5.213673799651377	5.020624498842895	4.742053788256002	4.778206129534954	3.7098750330631325	4.977092538018772	4.735277421191728	4.54962888144435	5.6683326798149825	3.9662058699535843	5.518925586837478	4.61617947907045	5.097156520279897	5.417626792469984	4.723278702310089	4.913966864826248	4.76932207019685	4.15561678868259
4.2094985404128415	5.0331091803676475	4.4224927344890075	5.021120710655462	4.834890059997268	4.663144488440338	5.096041631453699	5.230179347102492	5.147703222798224	5.063477624830068	4.623041132485514	3.664724968559427	5.03698318916443	4.7632760229499045	4.416699233276945	5.651333838475622	4.695501370084055	5.319969700801901	4.044385740500725	5.306050893565187	5.342230098924797	4.7907444602786775	4.856236770158521	4.653887989463845	4.618779486897722
4.2815454290729384	4.900843765482957	4.381832961278309	5.179283113119757	4.903047806760596	4.548449806003032	4.979224012122835	5.3099286447727865	5.360482199649573	4.875212657453341	4.513406828652578	4.472331629372825	4.9952670107020065	4.770297618239242	5.027998104662327	5.64192803276295	5.162369060511426	5.5238351760894915	3.4856728616124992	5.396940217099689	5.0987140159847275	4.91146207861621	4.765278347516336	4.653395026224879	4.027542719035339
4.4778173103182795	4.918563380597618	4.528561303557787	5.0751631938118535	4.792150205149928	4.514537195491247	4.950261337493263	5.195422272268559	5.171101451679022	4.871852610870057	4.439971196834206	4.502358328338978	4.981667772396725	4.994948336624183	5.151908000142312	5.789269206730583	5.442349873404923	5.40352331071423	2.961066536344054	5.451837329114072	5.111791400019606	5.138781601178068	4.777894078480564	4.597670790180169	3.9711159854757416
4.56709761901213	4.791377283559869	5.032877901054106	5.17337520901081	4.428704214221808	4.2971890048874775	4.800975202392457	5.104415077893643	5.116827678025472	4.553146884707409	3.6262358789426665	4.528489093906372	5.010798492927237	5.220411864428573	5.388610354536404	5.694884314877076	5.279119189990903	5.385464719561974	3.2434968311956953	5.29998706998862	5.068679552245412	5.192760795133963	4.738647409148333	4.7768199084982985	3.491595476848963
4.683596256211229	4.651072850344751	4.943641987859544	5.095372385336017	4.411379239186694	4.6650290683287094	4.933816915464468	4.94442346930696	5.087334115183738	4.122589432485644	3.6557524447475758	4.506067506393536	5.111946435392897	4.986181403356867	5.356733926852833	5.792677306536851	5.247431245817035	5.538159071117552	4.29380707612095	5.270330985347575	5.259494917278161	5.280251814750857	4.64947552027007	4.95992469342344	3.2303451677578523
5.106864640244238	4.69168446090082	4.728852426537282	4.905689420949997	4.385509461364384	4.787369577863769	4.90249662556538	5.028122293825005	4.96922136058792	3.8974218434649583	3.7039279311016893	4.634751401717695	5.0661219197962035	4.858956549384519	5.05083792352456	5.6838607945174004	5.176465713269252	5.3164507294681735	3.8055379877222872	5.2474943452341245	5.5732529581243435	5.298661672686442	4.673171113131029	5.1377765758676155	4.177773822169462
4.826440542425076	4.800657472777892	4.773859680164138	4.953632688500259	4.274475841336351	4.672521657040809	4.7395299079318205	4.842785447260396	4.97748073813874	3.879752422148275	3.806977739840527	4.794541384308358	5.076193456025061	5.003190045584018	4.840474478300678	5.753182911069357	5.1084202870445905	5.337046680709767	3.6382015764178592	5.22465487932618	5.551894963702696	5.248948795459716	4.641745347124296	5.198375120718949	4.056877574908967
4.630724382030378	4.774701048534317	4.687208589277275	4.835677408062665	4.533808530546774	4.886700801084678	4.846878142736893	4.935969785762887	5.001504266055651	4.01683190704996	4.725890805241767	4.773893915035991	5.238579921147111	4.826854876988869	4.923179452783364	5.793146752578326	5.258815698270841	5.453288275158984	3.563850814339605	5.322548420801771	5.633996216127797	4.879623014555043	4.639716467756628	4.96799580423557	3.8002733221751734
5.031078321686724	4.542100168900154	4.631172938804351	4.8322929883770795	4.751651605437325	4.742305822218207	4.6256374272764695	5.005595764422506	5.015154520508437	4.403972959005235	5.249907958755525	4.75161637744264	5.260557031625357	5.100739673262004	4.674539518659071	5.76562770252597	5.224776141864559	5.577240813361933	3.494242419683918	5.438193643763269	5.536739026100363	4.395915891017199	4.980067608602892	4.994473081842436	4.192375509830253
5.380682007437359	4.631014988039998	4.778114069762242	4.958033066179475	4.78131512784374	4.297804202316522	4.4449887149894405	4.922296936083105	5.047057477948985	4.7850062162269	4.998916598062648	4.668880627041449	5.358393642722809	5.36691637086644	4.764614818593921	5.838968784303735	5.407239428178423	5.5435461906606065	3.6037154020062725	5.489797257782961	5.450599532545838	4.050616393400755	5.088601243023758	4.925375496221336	4.264087865344409
5.561767943120327	4.764798715600887	5.047162325674524	4.7682420973393045	4.940266851382721	4.610850862265133	4.51293506932018	4.952387364606924	4.96119640907645	4.628667215723014	5.333432527751856	4.874756102381976	5.324371737536503	5.284465576243483	4.822283972085561	5.854051716009463	5.010307397581221	5.540817419978186	3.588945363953582	5.296659523173309	5.399614778256501	4.084541109081582	5.384251772243279	4.819735523786425	4.661522677161211
5.553869850193303	4.767152200080743	5.096716817524812	4.671721432540925	5.060976025867271	4.464400125630542	5.01916535207939	4.883631723442112	4.866694455443403	5.060210067622065	5.297933875811471	4.694155793956765	5.281584887921995	5.336697819567505	4.623853090074088	5.749703147575968	4.714080165364407	5.600698406404792	3.1578222969210277	5.082852486488729	5.368045587056817	4.308881368513195	5.516492038644634	4.886094341626207	5.206094863285076
4.93928807833781	4.862870160883599	5.035879426428505	4.876405435151955	5.219025422318321	4.660520240697855	4.95189703919856	4.873429728424167	4.6945078020197775	4.261898234938209	5.163462700460987	4.662367534470257	5.327675682183672	5.081329818085769	5.1828736852894055	5.660895461112698	4.436794417272482	5.665593981828996	2.4531000739203117	5.050519815373612	5.380395865395192	4.443697614941161	5.427015742191346	5.0038802576066	4.5985554960523345
4.679478212057593	4.895460076268384	4.988761236332518	4.887517017229266	5.107135250248673	4.788818512050461	5.152972159274589	5.019945855883682	4.670959423303983	4.224007727279959	4.451035808383513	4.913095094861434	5.318128428009803	5.186826580964308	5.169502454788817	5.6566520810975724	4.412781315826277	5.635920530645278	2.6722569158504026	5.075894247616718	5.3683802389147885	4.929563171919325	5.339549851490222	5.038926517879498	4.391221958747772
4.677342817951632	4.787359510769099	4.867347509781775	4.655563632519012	4.991381270029881	4.716412889208725	4.794181737252794	4.990161439684109	4.905073772775461	4.019704397875667	4.381961979441397	4.680871528931256	5.2669048786057875	5.1618725168819415	4.579562584588834	5.660040103485314	4.8630418427076325	5.693501320132243	3.2632200243465688	5.124451480143673	5.440786986743593	4.946173918220889	5.385196945372718	5.089630245196634	4.027608581449221
4.553638377648521	4.9802321341447096	4.709852710864318	4.827053458426468	4.9349642274377805	4.67971202041839	4.5164369042514565	5.028726233216761	5.0144717746159495	3.937712134624686	3.8135723068599097	4.293532782422885	5.210689313229962	4.70374930668951	4.674183834964052	5.7191965314513995	5.39983793873455	5.739341721098573	3.9683563301044535	5.351867581627989	5.394156520999704	5.154907887252768	5.249596153694741	5.069434498303245	3.8751487844484953
4.80187043083464	4.635025994054938	4.6657261241752614	4.715620363846554	5.009492506437639	4.83683621487724	4.574803563004409	4.731417234408637	5.080324666266887	4.4619879223728995	3.53423867235972	4.468868069273158	4.8423778745411195	4.683982823145224	4.849411256386505	5.75153115188665	5.420189426653639	5.468566814014383	3.932607877463572	5.384681410473489	5.590144150172757	5.175707417147276	5.3241648339121905	5.07348201817682	4.42726651124281
5.052749579986965	4.580943310011402	4.62860146290431	4.686783890526	5.116524711675933	4.407841313496806	4.237910523622638	4.62352251517567	5.168030344384264	4.890009391463322	3.613995999701671	4.167409512429998	4.074442903335766	4.598535092100176	4.966835604970065	5.749774991844598	5.33911687666192	5.439876204781288	4.495868233087743	5.357127123388809	5.452401367238472	5.3307881669253	5.2943010108856905	5.003925834525138	4.245393509894116
5.231370365648794	4.890301409094362	4.643906116935076	4.741410357644179	5.0092531781249505	4.17969573221062	4.974666677172682	4.487564502670829	5.143569609686051	4.495281682419391	3.837946919742897	4.722723569967854	4.159681775615782	4.633160391126942	5.063024208329652	5.7498487937699005	4.253250310548843	5.450963243551559	4.200549456072218	5.371164720348383	5.387286785969796	5.268670862219947	5.109703318768254	4.761115679048653	4.4573073160440515
5.126811612339888	5.021304949212062	4.670513979570157	4.994040653687235	5.083917150736004	4.28522991195096	4.985535231544822	4.612978313805238	4.921396225896399	4.262675174494813	3.9953938453216007	4.617752857794934	4.055354646149974	4.742765386328129	5.066273513982066	5.710941795880038	4.262810416140862	5.450229229353706	3.7231114707543758	5.305796812900843	5.294452293820328	5.178159572630041	5.1952836833413745	4.877793034739454	4.42746660861518
5.290462272479432	4.908073637226011	4.610115898257115	4.962073987536557	4.9020295395616165	4.792114754577556	4.787236896575459	4.436327664384627	4.9587637057541984	3.855665224814024	4.901827262832824	4.581965991482667	4.381912098778073	4.911374314019928	4.748348279684837	5.6812051619954325	3.96247405158159	5.640397352020613	3.5611931162127615	5.3645404891875845	5.350003693846765	5.069551139849399	4.988804836500332	4.804372318532615	4.1871746502441605
5.141697938190792	5.118940795933137	4.610135386544054	5.055415621595113	5.011120328243895	4.86141575712073	4.587610860908144	4.471132959443034	4.962827394855954	3.723905675605584	4.852484259588772	4.998719543541607	4.981369174471712	5.00026565099017	4.393355387102746	5.691632538185309	3.920025496209077	5.686586004624141	3.8196833233183103	5.337539881631442	5.393726295099958	5.016502514189265	4.990236855304158	4.84397739162336	3.8916112791953705
5.071101795235651	5.2517383387389796	4.590355614778604	5.108215229717206	5.065375657397725	4.877611713124719	4.884824443818249	4.618452158435814	4.972332722976969	3.971759880633797	4.328304886422628	4.967892486388328	4.859468309116239	4.914139122122387	4.5994811309229355	5.79247519830129	4.911176261272049	5.5673395197771764	3.821399630625067	5.268036100398071	5.2358594247129755	5.025815166243485	5.21555646085474	4.986911965790124	4.09238402185874
5.0644029514261595	5.1622307279007	4.659190302490746	5.0368015157860615	5.157717625567634	4.876395311177401	4.925754506479264	4.741292738140681	5.073314410007368	4.65616141304858	4.317631359980208	4.9790247776695145	4.600588206133225	5.0277620251188875	4.789304492225386	5.708532038838323	4.727093934333888	5.599673624321157	4.916553991592965	5.365436665718389	5.357894886701051	5.048814379465491	5.183381608411393	5.10589505651667	5.157955198416887
5.124537222661432	5.194531167986029	4.812967631181474	5.144034418385116	5.295791651987793	4.90146274761517	4.763590485454751	4.893489255459139	5.195031262848333	4.59212245066812	3.6344765842997284	5.010547197337642	4.786468525916988	4.985631136138429	4.630488235397487	5.809947232086659	4.824406618343022	5.5690794648217015	5.095586119770284	5.275101553374482	5.251752372972795	5.108621939928063	5.435235764962094	5.164882989435274	4.660215365800815
5.174773571246035	5.2398846878773035	4.788372385711959	4.97087751966469	4.986762834077841	4.98560171219482	5.102834497429446	4.704758088561899	5.08322643803663	4.503907353388713	3.4917782525744254	5.178035409723843	4.833831253268804	4.943049065413794	4.542363307942824	5.783783930568023	4.666420179402904	5.556852775531381	5.15470241859413	5.280450935213037	5.450483120741753	5.201927671626141	5.411934558782318	5.209093510815303	4.635561652317194
5.273431998123509	5.230858588731755	4.748047307182515	4.7653067734252295	4.969884435799336	4.836574943799707	5.107649566659053	4.622406232108138	4.990902953479695	4.0891607648901065	3.627897369052239	4.958626816676809	4.67627502522172	5.154507848013899	4.5223915248571664	5.7778950371705875	3.6127772152928825	5.594727886181092	5.137860061849693	5.333786625958575	5.441147631522455	5.046401140475919	5.42723289488493	5.215499339826464	4.179555124799962
4.876574528073595	5.259034293590148	4.767424315002496	4.65240725907762	4.895046274556162	4.894203199288261	5.271909340753568	4.55830792820246	5.16089790742995	4.011449367298791	4.479706025014061	4.6492163341606005	5.142103962150085	5.071672040608261	4.35700537344439	5.7646019987047215	3.7070660865196565	5.684099222271987	4.652684312939401	5.298860185399475	5.427182793731407	4.98758160393482	5.429485358549917	4.938619085689658	3.4603825669238923
4.649835212879116	5.182535775983231	4.8049706533208445	4.566574918915398	4.9427064395818725	4.728762159858986	5.406653696120296	4.74515755150697	5.059502363932211	3.649986571390996	4.605573990324395	4.253117948559081	4.407100055739891	5.029755789642529	4.543597831439475	5.740188315058053	3.7733099987568717	5.516850038012442	4.702540171211095	5.288307863651491	5.388092103714977	5.004839607205287	5.389440025225306	4.697686704620541	3.4382037423911886
4.522598463711352	4.982264036711792	4.770642944830567	4.359295029000129	4.989265634886567	4.714971965636974	5.538464302436891	4.869945835923834	5.111290884097011	3.6435025519666198	4.993547435546157	4.125744366354312	4.320601986626758	4.876751133092284	4.387596934673897	5.775798802346448	3.849482476800135	5.512206548247134	4.6610023201218995	5.308241724787116	5.352378728783165	4.912221150951969	5.478779271237973	4.593920055200469	3.7697701822416705
4.770711308093527	5.022755265674275	4.475054527401151	4.706521851746156	4.890093409713931	4.894018314441817	5.552622379715776	5.135498839262099	5.206197619671278	3.8286876489223762	5.107693854849533	3.843477858917178	4.206241792308333	4.707450042668144	4.443031718620447	5.744214534683057	4.630867530273473	5.627718182362753	4.430481430541855	5.370819392200057	5.463472295403788	5.076595948725013	5.396797782382641	4.316426376039741	4.40733423845795
4.64987234013527	4.675566184381605	4.50941986054583	4.914432637628459	4.968304623920745	5.106822590141874	5.42608588854123	4.975196907557049	5.117685197312523	0.9999338677800288	4.938704129862984	4.077011477042946	4.1022481135839675	4.857317230432886	4.832963177840772	5.825727356878518	5.075844361507375	5.596926059699661	4.936697332745449	5.498945359720185	5.493170685437681	5.130335073748822	5.437789046682744	4.445089749986902	3.594673835198316
5.073119111698161	4.768526032560873	4.763237047941695	5.04228436138257	4.665826831548359	5.143451002509465	5.443962611184232	4.847108950069625	4.977930875706224	2.2617186289068716	4.530824947239965	4.712910077924958	4.7265305342324755	4.974271419370686	4.996227922500396	5.7748631890491335	5.254069664962738	5.529838721576436	5.200829443711889	5.618187983501845	5.660371192233149	5.077035058250368	5.452488071289298	4.718430831825336	3.200594607709191
4.883752316632732	5.077353424289223	4.667057560640166	5.114812973808532	4.8513755653058075	5.035653777786388	5.301596060348802	4.9620384481098245	4.84975462623127	1.458495526482507	4.464395799905574	4.477698056951316	4.580834843913742	5.144902161350803	5.011695129878239	5.802962182490119	5.308318905639378	5.634299101480105	5.159720765682437	5.632552962620358	5.582107097372648	5.1576883166844345	5.441485203794375	4.876299589524372	2.7748176490725265
4.807322637680438	5.06830604294834	4.737736915390075	5.198743678510517	4.840114326433134	4.767778879098957	5.306977164244513	5.070470750231469	4.739634318346982	1.440605880526736	4.409534109040651	4.394389272837958	4.582900540168627	5.106442527100248	4.824922515514755	5.754058234771673	5.182549952362572	5.65824791914477	4.926165655293043	5.592241146066965	5.6812888271464494	5.115491786670919	5.3588630197125	5.166225281935567	3.09558753551838
4.973192445521521	5.2995793019314	4.68365903077034	5.227870649480202	4.870337982382322	4.765530798245029	5.365255277806179	4.875790437747517	5.075219106968929	1.435798329919602	4.463243906879836	4.956347422707623	4.517957758395056	4.925264164188813	4.7381107851195114	5.787094429924301	5.1634705316253156	5.725499870142488	4.784377834259921	5.553056743072	5.703813162000387	5.052795726596314	5.323160626695873	5.127241768117418	4.0211160391918845
4.880824701132325	5.435714258369549	4.7337052401418	5.289959346628427	5.004024134347127	4.68222861016801	5.465352777167373	4.876936843860635	5.162983053423135	1.421400095399026	5.057627685641707	4.947881560315114	4.770691506769588	4.954543160428684	4.8404602856295575	5.797936558877586	5.274297601102359	5.7019683841625275	4.908781635513874	5.611818183562539	5.752164416615569	5.0560192235898205	5.170068521110226	5.067644225377481	3.3548011856287263
5.299993773824638	5.506631224044763	4.62291243099437	4.9954796814940865	5.08660049636893	4.917288737790384	5.4722058109960425	4.942392378155828	5.165256263122546	1.9102125759880646	5.102027966104246	4.701549745560097	4.944811000077676	5.070121021023949	4.807790954665598	5.781926435776268	5.349067553131506	5.71810647314881	4.902955554550599	5.637766774907235	5.693753815972388	4.982639620854217	5.032688668537676	5.07387167260457	3.741257931768279
5.248098064736423	5.422571211895604	4.664125050628914	4.9739439100991385	5.061487070262128	4.8909441128911	5.602039154741749	5.019845963697127	5.0622676769891495	2.989770583726912	5.315868115756164	4.4232758592561225	4.834439652707846	5.07577565987304	4.920770808933543	5.77031149431966	5.213751975358679	5.64220205941397	5.198490888591448	5.72106145479748	5.694595696377176	5.0073298268740745	5.376656597130486	4.854472959815762	4.148402623689475
5.062345903649506	5.17575290591513	4.686413582978623	5.180549781763359	4.882625810948608	4.907192800325141	5.3045941566881405	5.2069123353917455	5.117813797708147	2.299807398862604	5.145054114348532	4.485689796324501	4.969073461922354	5.06205925609926	4.97856774454191	5.7266571184677275	5.16596997157221	5.475645091996402	5.4186167837274555	5.53821069803789	5.589837107936085	4.9601568552804	5.293293036360827	4.788887182682726	3.465719967667776
5.072823768070319	4.969786637709253	4.53782453137619	5.181107681008549	4.7029022913062395	4.898701129150145	5.345201353694998	5.169359783828991	4.859791770053342	2.485655518567877	5.220963440557748	4.550794389530001	4.678408976724376	5.140989284237356	4.996735049327996	5.78105242309567	5.0228231248569495	5.355683716950093	5.288274230369655	5.174848237226885	5.627416083118475	4.90666433544095	5.515784639370325	4.8746635108812	3.6210124126418832
5.024450807195033	4.811014580969925	4.705064970940413	4.743224837259551	4.822066706619	4.834405956356579	5.310928444594397	5.13577553824376	4.5182805588057064	1.16966677467083	5.255814275346939	4.373281002103967	4.740660307191501	5.137509666149392	4.966758594819175	5.772975366941154	5.185976904333217	5.456231681352082	4.8508672974436005	4.756818046567994	5.547238787245297	4.8325957972647915	5.429870199319722	4.97707970474458	3.7975113583418194
5.206853986223188	5.074196706169633	4.610044741416457	4.8052323871922145	4.887549163893239	4.82216983397412	5.2052775150852275	5.027394071395491	4.34892271316225	1.2626596632750737	5.27270775810055	5.022122554092626	4.7730516870719635	5.1827460224895665	5.208107250359977	5.808412673100563	5.279483181071765	5.515330880158892	3.7782068599592264	4.564902846360532	5.600049238786092	4.599099888316881	5.477015265269641	4.997685624948061	4.080489266240401
5.3197487944185795	4.945355651219	4.020261507837041	4.737053068873233	4.89530528245926	4.920777024514003	4.8915483864739215	4.968787744407592	4.606226153453235	1.3160597222462356	5.253886207304314	4.67043207436466	4.950710265572905	5.245329885734172	5.216883820203729	5.729032021024225	5.303159703879363	5.634136932943167	3.645391286033551	5.221778386293155	5.5325733024648995	4.640695129789961	5.310574673689179	5.073966199877111	4.704152240702298
5.368609870026693	4.864388705759033	3.7872107539206654	4.788889695406157	5.007256622175743	4.949804612597412	4.740039381167062	4.78495048141202	4.802959972019705	1.2432595853885322	5.218825726349515	4.012491783225486	5.111044699031795	5.312848022568046	5.303152845032898	5.670494830390217	5.3750582896890124	5.589686877250655	3.9624024445831414	5.391241518662922	5.520003438897637	4.821573653095189	5.141957040521944	5.1195819896883465	5.1008953680849025
5.316476264325828	5.046327458440315	3.624457081443825	5.014868482023851	4.976078519088412	4.906423348542717	4.521563666667383	4.460008030930923	5.291882982537284	1.29962440667184	5.159849736884548	3.67476825746425	5.170526469365761	4.6962960891614	4.935048481356095	5.649376723944299	5.407186869533874	5.593557272149935	3.93896625379466	5.405921384089558	5.498785005085835	4.809880271738834	5.022546067963475	4.9792324128879475	4.498344868039728
4.951214416343436	4.985381686787497	3.747167206854131	5.243659242959898	4.926317288784237	4.589036976896437	4.360616507367552	4.652941364771231	5.048457492794738	1.449418161559076	4.873803216877563	3.887030147850859	5.2128991122017565	4.607690085581993	5.019544766850177	5.67534065210311	5.393146142094457	5.556258128025246	4.493049988597497	5.348451942813739	5.563154002265672	5.030560387370911	5.10804357364922	4.863658199368002	4.081371866529141
4.971279599717776	4.731602042976084	4.049849192856908	5.094688048319757	5.030901157762724	4.311332865229919	4.63025355327256	4.518335308518906	4.890335836986532	1.4051939468404813	4.8835512652438124	4.15849547098346	5.158547144145431	4.467404641333047	4.799348913872011	5.64881398236713	5.30617475324628	5.273346979314132	4.738270801130438	4.805682540536187	5.615551386369496	5.152736188344644	5.324310297556352	4.8326659472950375	3.7240434817155204
5.052444077525268	4.866400475586475	4.667095174434249	4.967101191550235	4.986770959534546	4.157325944062507	4.73967672341231	4.361243541442022	4.905699389237165	1.5780589229037583	4.8369734279266074	4.774247527353425	5.28147303606307	4.468182543697522	4.7943239530221105	5.680375508825672	5.267350506355674	5.280181994683941	4.509394211461538	4.8381976242137865	5.55720956400424	5.0603294420481975	5.333736982207376	4.864623097347784	3.8506450021251135
4.96003932609552	5.042293620740722	4.709942993039439	4.968470953710224	5.033165045963468	3.991203589708392	4.782948185270697	4.778469183879945	5.082203671941333	2.0266046875156034	4.607571414565189	4.747228879679184	5.099626652922905	4.8013931733586555	5.00182194052679	5.6992045152988	5.320392793295157	5.381342562410436	4.876406719819799	4.9878957899468785	5.538233436421194	5.1745220192894035	5.463434445090279	4.683525761774152	3.674557054259411
5.179162786875595	5.0962126873186415	4.6164012079585826	4.957326600551322	4.958804929222773	4.407099047100158	5.0091824790773645	4.657586336565194	5.086908829863117	2.1925871656464415	4.545932230747912	4.647157013796591	4.983472683410766	4.966371026087213	5.055202058240722	5.8062981642677896	5.361896585696159	5.458263410465383	3.968326585086552	5.2799360771061306	5.670277114687694	5.170368238671734	5.418489629691154	4.9045688047675515	3.536498151667529
5.161395696264233	5.336437572761458	4.716347850056953	4.693334552852625	5.048519411975807	4.513274419410531	5.163003515995544	4.8774816003895936	5.032958554236842	1.958438948596867	4.5596052882173135	4.432811312525572	4.998476939058978	4.909534207489651	5.052436958936445	5.682592927622094	5.442896614271554	5.604924286763769	3.617349903080337	4.790093452874244	5.716350037053217	5.041988872168144	5.394366411710177	4.935889598600798	3.3530954375344306
4.850521809387337	5.3215665374891215	4.395625106253778	4.75397478170109	5.087062206911812	4.826886887967414	4.9713920389087525	4.742024721504409	5.028973998776233	2.140880683490091	4.626624612639331	4.47592090497704	4.941140999868434	5.091392811077536	4.954988013952543	5.727572638307755	5.367660507748507	5.7284312603385725	2.9558844088840743	4.791226704665854	5.531533864345024	5.030403229998551	5.3292261703954305	4.8333042701782345	3.3940108521988273
4.89931827007129	5.397311844397948	4.439390491680326	4.846125731476441	5.0586322513569835	4.687109114079102	5.008201680018835	4.924274833942906	5.190186783509709	2.321495652100752	4.750916837091149	4.678944796315723	4.852256568750856	4.894207842973984	4.844949025818566	5.80096138904043	5.356873358045692	5.619283587283237	2.915318444021599	4.983144468403911	5.468122853050295	4.891658194355541	5.400903374317612	4.820460167128063	4.025177752010205
4.69024410939952	5.442253606578014	4.4797729362877945	4.824922738832374	5.140566940519059	4.412252128335289	5.035925907024541	4.7153206152787295	4.9610619725041465	2.809620830126646	4.548871077970455	4.441474710531074	4.921093072640002	4.9841246017465135	4.824187306851463	5.770955216446542	5.295642302891527	5.582037954161147	3.907916006829323	5.062744778984865	5.336091643733699	4.931471682785629	5.515379830790375	4.655254558004115	3.3044282983802176
4.597273886181543	5.3682337633950254	4.46479519030271	4.974974731114172	5.058391299988051	4.500460772380406	4.878711318415544	4.740131354587319	4.924469124867962	3.5065046416657664	3.915769312824133	4.632023688010112	5.016253515007567	5.006365018426172	4.878515942919458	5.787224793119469	5.158705048438179	5.675943105508556	3.818321303640558	5.566387402752396	5.15595901144193	5.11326064228759	5.524377799335695	4.933280209414283	3.3251885440828515
