5.051567730832511	3.980856639085588	4.848998892151162	5.170510224103874	5.1945984341790545	5.059528752478058	5.394462057601441	5.20435036641737	4.925862226097864	3.8938096031058778	4.12445108570424	3.9485172595930305	3.2727259890813465	4.61683134932341	4.538423081586024	5.480337362573305	5.442059159135919	5.5928505220539595	4.670795750902738	4.592962012030604	5.325943807750966	5.084628646894597	5.442835164004333	5.259645234057415	4.3859904931139555
5.09231273041591	4.106332591033589	5.09126532296412	5.0737250214156	5.506659315094298	5.1940448846966625	5.379662184647751	5.195724047312193	4.383469435330925	3.3644193625121783	3.645289198410243	3.4011531770574113	3.590295803692709	4.569540815110836	4.929973255152543	5.61204733349872	5.425863699985102	5.526734275983417	4.707381108867573	4.5395949830847195	5.441640142910667	5.079984366295689	5.377459058091319	5.13550135654937	4.473303444239319
4.781042171853616	4.231445015429459	5.049844075625409	4.873137845502209	5.544616951947655	4.805307955110784	5.416880450226809	5.2735443176720755	4.075777493799103	3.3537455288377216	3.9338095242977156	3.3332194193613804	4.482219257145988	4.735339872776332	5.18276418918826	5.40752742807019	5.47770438042716	5.552220463764076	3.809621734181112	4.736499252785754	5.521334533077613	5.245001735868327	5.331764671667615	5.237250602582754	4.121388209916833
4.95773008168022	4.6779399846875505	5.060391299244333	4.8141740295599185	5.451399996497556	5.093043982297868	5.415213672553619	5.086776627790394	4.02469613431886	3.489620194913204	3.7939585948423087	3.2925094634568297	4.531175968105573	5.002846969606417	5.202383389225189	5.427601630910713	5.3627738796442515	5.744423814852021	4.117803591697928	4.3774213266018505	5.431793536916273	5.048293447583784	5.48050760113777	5.328515706200911	3.57500900341053
5.4280187776938345	4.8070894806472335	4.976976081234483	4.875529717183539	5.357836095437302	5.230414460057106	5.521755622440732	4.583673266393524	3.9183064381976287	3.5187705333519643	3.898224488056904	3.5486922833123655	4.798324580327134	4.916278967330007	5.0263596935948005	5.676967147012555	5.144279748696845	5.683959055184953	4.216067993713175	4.413345555429937	5.389556129147713	4.99900465072722	5.527060030833837	5.516511403480791	3.254103638182166
5.48667658093246	4.662193570291753	5.107777244402824	4.845148200204551	5.53469690511628	5.327967469505125	5.5731249883272485	4.691850506514214	4.473010420037979	4.086586266550653	4.38230424836503	3.8704951782221064	4.504413358053795	4.577560508599541	4.409548592959381	5.513133448441487	5.122786580091403	5.701602525786312	4.251492136097955	4.35112140561214	5.34777579095776	4.846065488904355	5.335030190516222	5.446458378127583	3.166150409728748
5.5981840760623225	4.573752113821567	4.879002267878315	5.03958986883335	5.53185637707087	5.125104145956303	5.525432867494691	4.709446733977891	4.8603865231785575	4.731562142334326	4.199184853577143	4.209530611576104	4.65445486109	4.465461982037026	4.381258419212031	5.697179639066215	4.979149547082802	5.694727876532121	5.128371463824687	4.581935342467812	5.132414877856839	4.963194256981677	5.394927420200126	5.335439493528488	3.8303118678157904
5.661959769590332	4.486947064218973	4.671637105384661	5.142236407216771	5.525131006345496	4.840135706968506	5.44991550479513	4.72107084083866	4.610205291998028	4.249273391183655	4.477697864788202	3.9274969765061187	4.344048844882968	4.675039793888713	4.330592152775171	5.709030928673246	5.132142876368868	5.6831290608483	4.334321984713112	4.51385613474264	4.97771038420278	4.8902977950800395	5.358667238520862	5.311516195219895	3.8001533689171025
5.661512510803399	4.776146257795649	4.700463470383755	5.0694581135718675	5.525126431386387	4.418003660234177	5.408695210997733	5.229839171039268	4.557476789135683	4.174930828926018	4.559926468554744	3.7056700326420176	4.1504275470890635	4.747985890497314	4.467582672540004	5.691675422959433	5.111522091866662	5.468484482141467	4.225678478653047	4.608015955185399	5.000260807592025	5.035534457398872	5.224991508685294	5.470985590409859	3.546298956151715
5.171428185343853	4.886730678674274	4.649789259907279	4.939353161258416	5.572456759084625	4.577576245022893	5.468580458309762	5.1139296782760475	3.951006156185165	4.134898667341097	4.617933945150312	4.251877306952434	3.896166046231369	4.829137367972895	5.082126537388572	5.707733167541795	4.754104521046036	5.400302032996173	4.054223303656547	4.479238404641925	4.544128681135176	4.989012045185014	5.223476859538663	5.3690614635935985	2.8744043149834493
4.980240892430459	5.034794025366369	4.77957778073384	5.070629718280858	5.379263777895481	4.787259527752463	5.42240532562318	5.042726266471853	3.9832238953821673	4.580181480845803	4.712136830462161	4.344508945570616	3.339012625527175	5.001715346234685	5.288447505695456	5.6234213013614	4.7544691113108595	5.392623969434792	4.113147556884031	4.424640301764311	4.424790185375844	5.0093283589178075	4.994886122656813	5.3071842907567595	2.64316291345423
4.843622051517286	5.216723415985766	4.768261676064574	5.147828037522258	5.407629939757207	5.026790845753039	5.377383127062658	5.060842613992702	3.893725967462312	4.932113326217251	4.7518516011725955	4.948631985222563	3.0485551784105547	4.796228195561993	4.867041845493095	5.587202011910562	4.531984097556041	5.263161674366715	5.004216969242752	4.5312979861317055	4.865679195451387	5.247640312064285	4.734204163004183	5.394579526959621	3.0370104194271295
4.993987988787259	5.07434457733671	4.87308354306341	5.220230757307485	5.452103738732127	5.154243440099217	5.382294641508598	4.925352157181051	3.337632402725818	4.759823893912487	4.694841389830779	4.804532654594061	3.149584655231799	4.795349447801667	5.254350631848729	5.659544608379659	4.6371572101893825	5.387830732667494	5.291006894011491	4.971766452869621	4.842002024297841	5.334605617065318	4.392738229741388	5.479568664483919	4.167544730967899
5.327943294696925	5.228914518093868	4.926325618286047	5.2572902476321195	5.438675269518454	5.191987018848529	5.353444413500234	4.744786453133754	3.5948515885702115	4.613403211480919	4.4682416882632285	4.323187666598024	3.4824072874292726	4.959313186563118	5.23397942200015	5.655513511532684	4.862436357051135	5.251239626082866	5.251361452274652	4.473051514104112	5.254217024862543	5.136758015831715	4.671191985236171	5.628778153425002	4.155784036935234
5.527527975234749	5.115103458562109	4.912203229337414	5.368513576299404	5.40788596768864	5.217471661399724	5.224651778803285	4.689157631480373	3.7802815046322285	4.631787706034108	4.836327563133305	4.4873767149233785	4.599440768196207	4.818309327224805	5.126766061838875	5.663042562286002	5.000336625270449	5.214685088672354	5.156834556192558	4.367624551342575	5.28586611823734	5.164334987810233	4.6489412400695596	5.615746147658316	4.125082355814047
5.597904449396899	5.106329752381711	4.8949263038354145	5.555290484184322	5.447066782388634	5.092522717513639	5.250890660759051	4.89950163663371	4.136889051114128	4.653896520730849	4.107128179002348	4.615754279932572	4.997992340252624	4.6394360836080715	5.302583819717104	5.726085835639816	4.652009212451921	5.181648202269413	5.3281714986548865	4.4132737830773765	5.181361538858781	5.177726087552178	4.905516572893032	5.26969178466396	4.591545061445919
5.631214143050051	5.6459788949534415	5.050979211339619	5.585875156205134	5.375833221115736	4.935588738720198	5.340788265681161	5.03203407931277	4.676293098940816	4.769257172043427	3.840556853352971	4.557079879744819	4.852770651031403	4.360748290767257	4.685034612602267	5.727727667029602	4.344216666800167	5.269816461108416	5.354482856058866	3.592461866729462	4.985079424133298	5.199724941960215	5.024319574615533	5.174672623545416	4.68452382052303
5.634382046965698	5.38879281947022	5.154665262023691	5.410967107144995	5.373051299071758	5.000698079986638	5.3042187871736575	5.158819584685758	4.823479160841786	4.911997707130797	4.0907991889848	4.549002610559517	4.478374681067861	4.331509186367354	3.5951837637699033	5.696423116569948	4.160147355327975	5.385595294629373	5.4333863688751345	3.641435205578136	4.661781512460292	5.156077407284203	5.13086042287167	5.299809824494833	4.1939507557176805
5.612357586621292	4.693206910607016	5.168184965449907	5.351935432362673	5.470402216806854	5.0341465235105405	5.427647269170474	5.155069574533601	5.048562847246964	5.183353537539506	4.152508018798369	4.266562760391932	4.359016167152754	4.17905461996084	3.628927122922004	5.6410175342358455	4.371803910410015	5.495366661078587	5.434426304562785	3.682104843123483	4.815269200728955	5.175425332773689	5.048011602799383	5.189830888241166	4.4322676691150145
5.544382289664311	4.0484329309156815	5.03823916310845	5.118588193601871	5.314398069165173	5.036684596623724	5.300964422846878	5.316417262536883	5.116164420420038	5.193558581287404	4.68058465069494	4.519280578334908	4.442802522140101	4.131768097960514	3.673563105953161	5.616121258732727	4.779065692599181	5.432092456791263	4.778516643269636	3.6163805748083995	4.9536553142794215	5.096345223646465	4.742401371129431	5.3152245033622005	4.3872220056977715
5.501339440921509	3.5023424316476066	4.906153259002877	5.168535408277253	5.298535375913021	5.0347282471470995	5.29407791734215	5.121049724103135	5.1382533759521625	5.296851713600095	4.5972857796336015	4.40436359685643	4.551023090094795	4.742842813599998	3.9010445006118943	5.561977288118839	4.7823748509287825	5.468147579914158	4.347928222883278	3.931335907195467	5.343502114178642	5.260014422510759	4.783024317288539	5.1960560763306995	4.172649422586085
5.445933245540106	3.23217891544138	4.888870815844638	5.398628830142506	5.408590124316098	4.97980338026215	5.254309311606601	4.754825499820585	5.174696322236389	5.317557185448057	4.628114837146636	4.052428628948512	4.772014300958948	4.790683260208993	4.74262418683045	5.5442413459214634	4.852435214263521	5.428814828207313	3.471745203619091	4.579350464830811	5.364375289425505	5.245579287179857	4.690805762103089	5.210552143261093	3.8425074353470663
5.265132878417552	3.8026934244951502	4.991583746066957	5.335826395571602	5.37135826473817	4.8199277484330665	5.114416914474806	4.747146724217902	5.172864929049845	5.287697237011769	5.014891587683682	4.0935883230199055	4.490261928359823	5.111963731692059	4.887069944628647	5.642771757737302	4.937175654228025	5.131385956626054	3.6071430954449126	4.342010717765701	5.162906698253502	5.115063205950314	4.456089477805697	5.243960758886006	3.6949160387966518
5.29633615570042	4.085341474847868	4.900076714618887	5.342985379056634	5.21727239264008	4.804921202929128	5.125857863508436	4.351571402299376	5.224746854789835	5.257042290440356	5.239314678234407	3.8527446340231397	3.974968119026551	5.230401768932438	5.0388411902143435	5.6456577231605864	5.337085024415475	5.2510452774813565	3.999094550124048	3.593985199619345	5.034468214260999	5.092982834543381	4.794172358251566	5.164173765716349	3.099686583290813
5.355182750053669	4.734926843043173	4.95734576280213	5.316602501213589	5.379880576293537	4.798299162743863	5.200844631357547	4.544525930670716	5.260099426718444	4.992880822577454	5.216695481489024	3.6261492565215305	3.6943855948327173	5.257454268157633	4.956055638982045	5.771132514514397	4.979679078140646	5.416917563560985	4.2371002730247005	3.825788592768071	5.003630839889515	5.04974805145416	4.940214260062323	5.41896743282576	3.259731744741719
5.368237004565175	5.428126103693584	4.867931103751598	5.401058233232099	5.383545041563306	4.823156017946082	4.989355107997907	4.88557604766704	5.106117283286842	5.02797737352297	5.221827996175716	3.923221719445145	3.722785438101464	5.364769874129952	4.150235772664466	5.762803952164101	4.45876404759291	5.373105197413522	4.93902182407167	3.277160242959002	4.9272201744214525	4.984917958321985	5.308469879577851	5.012984965280407	3.229069767522092
5.688167936367703	5.273832750962595	4.829008431609407	5.304526720026758	5.392149394284744	4.867123215346605	4.953063294373453	5.148334980016856	5.067444868737424	5.034447799786698	5.193599336857235	3.8604293600171258	4.076534509612938	5.415601747629208	4.1077887918367555	5.779803653876845	3.9923261355500923	5.404377017318782	4.825085619364227	3.4451990727683794	4.977736645417225	4.9186859117061505	4.520313688152784	5.4380842311708	3.2480642592396523
5.637968103194387	4.254987321614612	4.231533104795179	5.313498791406704	5.442550760424127	4.9260530853771645	4.993768379493248	5.199164778402785	4.812949113255014	5.049794759033323	5.214021278748719	3.928623028647878	4.3451241186075045	5.389140142820489	4.0223442181906615	5.710253094323487	3.879064072103745	5.496258545670235	4.845934238113849	3.618866154884599	4.941492604557166	4.821918493591321	4.2623465925522614	5.329433881735905	3.25491039199894
5.616026327020678	3.5346221707636962	4.28603349459068	5.32420418233276	5.497133037039113	5.035126569835566	5.176627853909434	5.292600221929819	4.744212910498705	5.252678601606767	5.278342175066299	4.131780085704542	4.594602219975664	5.2773135539364295	4.150038476358536	5.70906998168264	4.045894023686367	5.073855436640951	4.811224371629746	3.808071101461027	4.816945900163305	5.012990247096663	4.1991204276281335	5.445955055863562	4.0489810091501655
5.547701967880994	3.019560073581053	4.249485281511216	5.261610779776999	5.417123599873351	5.294407389552116	5.266117003622	5.160654344856191	4.613311100509729	5.416873457715397	5.391015523398854	3.9157583660115276	4.728161507258988	5.12588923529197	5.070774458156035	5.616885259272056	4.018539866643129	4.8469955249347505	4.562039939100838	3.593882650446183	5.028452813838388	5.042741018750873	3.865655557313783	5.496032172029233	3.0632276347447345
5.458067859987753	2.769188094600082	4.146804240635348	5.1713653025760395	5.3575041777909025	5.397248398504588	5.141416526729879	4.844197499942147	4.624892826351553	5.301166165882849	5.496824487915461	3.8189638970576305	4.936374026470406	4.98153033858939	5.135110011754455	5.676594024958432	4.299934927562943	4.902857951328085	5.1152783075171016	3.6027844367663024	5.001957369762636	5.037831504670039	4.059752625222236	5.426465299533027	2.9764664904614913
5.3982439324048865	3.15844979080041	4.713866768088071	5.279321526609972	5.29429367275286	5.317087959514304	5.217072522521457	4.737698181812778	4.730469295294581	5.180409057599743	5.229731311519755	3.9152291134357373	4.90865297165003	5.012099431241412	4.928399689907886	5.694608220615126	4.336390551753722	4.846722613400115	5.1705621604537395	3.83275293415524	5.008757610997964	5.118727080807423	3.936429980730625	5.464896200111623	3.0630919533606145
5.334719666196177	3.2620908001459092	4.664602490312999	5.183882596166806	5.388314111796817	5.199976890412547	5.121147710064464	4.7153373374418015	4.4830993101446595	5.2696753886260455	5.184364231547811	3.7461763426917982	4.989269403170409	5.176247203383244	4.712824426845822	5.750942707047453	4.533666513682099	5.09791949532819	5.074404139055086	3.560165861691761	5.00707562592117	5.068695332803775	3.884637359143998	5.336824736651866	2.9426523186853712
5.208957261996067	3.5703869114255093	4.87083386653881	5.209946284232915	5.4732636058413355	5.212995964284443	5.085193656679356	4.082352467906969	4.5512225464313	5.1934735473546985	5.193056017264633	3.800167137707401	5.102298826840153	5.30167113098637	4.27080365596788	5.6716752158393815	5.189498725194557	5.4542906707270316	5.008958011930239	3.6449326671256217	4.908805260321492	5.138029894025634	4.044881214108781	5.342084751887777	3.8538448302508184
5.142043889951068	4.091104315144835	4.913216287898911	5.231794854875735	5.484739855123329	5.106795831186578	5.062880675214894	4.262735433420908	4.824245990842994	4.9806277094973925	5.421776336917391	3.901027055904679	4.9333555753803715	5.193450023691607	3.4116189500962344	5.662485135255174	5.24200113133631	5.333014433330809	4.847584005751594	3.953605720647449	4.83452507036686	5.120918586607701	4.22678962113207	5.225675478374791	3.589170753611384
5.143987936626445	4.648021421106656	5.0221174700981175	5.315723969425388	5.5477140040411435	5.193766519703391	5.148822341187286	4.4795085477193375	4.8054188795522546	4.308442848797756	5.4370246411350225	3.8644018969072804	4.945748107502802	5.110302107874542	3.448153889467723	5.630086850029564	5.060739810995685	5.469018904630857	4.906377105556086	4.033632531279518	5.024181065229873	5.16796526658864	4.74788750789862	5.127637334006234	3.338126504116444
5.148654376043012	5.049121923709703	4.940815583282784	5.034082458544864	5.626449558087222	5.27626297451077	5.38302841473253	4.505516891971809	5.279250150917166	4.008562673270001	5.279110175274761	3.709413909426395	4.852001038142974	5.09664036338934	3.6159983012997943	5.624152454664315	5.122819458286023	5.559971215712935	4.7195171611610816	4.460590154808862	5.22005962640393	5.088983910160651	5.290742754426405	5.252023666550634	3.642275224992071
5.191298154668338	4.881181320565947	5.027356488877022	4.9988619021114635	5.6856936515748995	5.239478174346753	5.395445014224045	5.0475665971676635	5.427824424793239	3.9157280640795107	5.417543679440348	3.7356566176041115	4.836567437705002	4.178318084405079	3.6839061110972002	5.726489293998606	4.7547404546613485	5.3443823757455	4.882316120588832	4.209613340150383	5.138522031911487	4.969165044689951	5.363635513973522	5.418022067141253	3.891354184213129
5.648658971337045	4.148708820301774	4.948660820068688	4.931412550692675	5.561071024769987	5.293375733664832	5.425736748427315	5.345978775020452	5.279098525170553	3.892177357156942	5.177491710936458	3.799204595812311	4.942699674815191	3.2429783891404074	3.8188047579564106	5.70591547004241	4.652676340935666	5.4064944956242815	4.800846511570177	3.653357675480074	5.103590376816238	5.13837592396086	5.434571598652158	5.414835034047298	4.297349660435051
5.718976983702934	3.240410809025693	4.952661773738383	4.909180599096474	5.497726831855665	5.322575559150384	5.410849804444177	5.3876594592127365	5.115657803367798	3.88390781502957	5.23627252320042	4.008497455531595	4.861239414051889	3.417967089431021	3.587916191275984	5.653298292073074	4.529044333975742	5.397036483432316	4.786952317840705	3.492160686675693	4.95741189605985	5.120231549593531	5.299047040586257	5.460847120957625	5.295574876453965
5.577589241456613	3.009099051538494	4.890880996054712	5.1436616847707555	5.477064941300854	5.0147520487886865	5.329704787410996	5.35166397641224	5.073495644337486	3.6182381195153996	5.297778204769414	4.073485542249711	4.947143163681674	3.4918323670583367	3.738535986527898	5.687007849676114	4.5434498628856	5.3341711405721	4.954476136175388	3.5136036148909318	4.958971161735529	5.248654234675594	5.154166889730818	5.511861635072726	4.7034685398197915
5.548707498658297	3.02976005980402	4.789640482883654	5.112063771968788	5.460807533847171	4.97220655472112	5.317104640211181	5.412664687355297	5.080962944035294	3.8758437869247024	5.0995634951476	4.364786695648094	4.874083532949195	3.897911241870313	4.041626918496959	5.701161301746722	4.581568973762588	5.591554502396252	5.285335927322161	3.5903729088949916	4.9256906004510475	5.3241621312626375	5.023952047568432	5.558549988170039	4.411115620944082
5.528626090947601	3.2099404203814297	4.81523384387604	5.231383717620932	5.51661497266852	5.182730856904087	5.259040952337251	5.293012602600639	4.939401698232209	3.8466751250686295	5.123484509256075	4.509137537035333	4.961354511915191	4.027272751669619	4.719861296705181	5.619366046487323	4.646321727666559	5.574467339318931	5.277873717914665	4.445607861565976	5.015672507748325	5.377695419722466	5.090674908652838	5.617835020266907	4.034613606140513
5.432504023869229	3.3587377389472866	4.842911620657931	5.000022523133091	5.496043564244841	5.179057879588145	5.218991056074048	5.213739191332745	5.057301451788676	4.21057963327674	4.724763986985089	4.067297796303824	4.851576695134834	3.6057803920445988	4.88462437781667	5.703264204270703	4.687638841336758	5.544283798297163	5.337657045590929	4.3623174962992195	5.079180611809489	5.448423400667575	5.229194032759494	5.593934555250244	3.686583875795682
5.495895244238739	3.4922571993981064	4.767237576172966	5.055847114493683	5.552248903850928	5.274569079363868	5.147428534813468	5.197803101991917	4.985725865525378	4.750192535775191	4.443474544563398	3.110110971390124	4.612447169268789	3.2719980704732	4.755486666646571	5.72222911030493	4.653328046060026	5.551062596864674	5.347857268331849	4.052879230015391	4.976315424017169	5.375480691065102	5.319745707536051	5.561634291472882	3.296035658427962
5.548331645775436	3.5779408948361917	4.8930905491937615	5.058008380185368	5.5035561552315855	5.463565564854051	5.058203607010427	4.889070580100471	5.218683130198901	4.703002649947476	4.455138321610265	2.254064024328532	4.667680763662744	3.2883488096535776	4.985522572210048	5.752827761201656	4.817637690772346	5.480476783652471	5.274813832170533	3.931058528867105	5.172295932405906	5.305978956949947	5.245005094998404	5.635444730866561	3.0553094224658075
5.704305409308695	3.679901279667003	4.948644588813667	5.00498093873344	5.393692019913995	5.253724542465191	4.887507082897938	4.3282280139307945	5.140809803692669	4.629020984514486	4.443784967699972	1.9797075295732192	4.519100435780737	3.6337723819387153	4.83174653513917	5.705423023251349	5.023686959548874	5.503525105686078	4.831804713307612	3.74270789433039	5.056371474660605	5.209383911103473	5.37001489210151	5.617846123578583	3.0255177595999623
5.735945245337189	3.9854220750841174	5.068576639514239	5.263024918854361	5.450561098225375	5.029421657950743	4.864270894718628	4.149440441722067	5.264628989552476	4.636268236947786	4.764794644568942	1.793581215821789	4.802883715927974	3.9652154199695993	5.0269540417073575	5.789860844205652	4.916604942981272	5.539788018368883	4.488054202698709	3.4625149831967432	4.883870085823802	5.226774178136891	5.510898786145155	5.444169570259999	3.1914715149398187
5.80584558527991	4.145706888158293	4.91385977816335	5.226029173917794	5.443376334688164	4.699320702783966	4.78562299955597	3.722029257965786	4.924911689941355	4.586538093599237	5.187027548655057	2.2087593081820915	4.91211617240113	4.293812441031069	5.163902853655788	5.764511184665788	5.017843972574414	5.517974705495132	4.405905648492039	3.444109261968835	5.015812961193338	5.273538827518465	5.377898994467528	5.47455246219897	3.1232252160034233
5.751576918694226	4.6805937442090215	4.980957428910397	5.477828633798748	5.478198894850213	4.658676468686075	4.623821677113776	3.8187530731515102	4.343322458520346	4.814832465068866	5.233983411253749	2.895707306433043	4.8713628319341575	4.35702061522288	5.029194456959856	5.8316203976576055	5.029733098154399	5.575828638396628	4.327991756947603	3.36332423159224	5.056020513271892	5.447575813611663	5.1826552677668145	5.363520701861764	3.670763469138993
5.694065830237142	4.571057266339349	4.707623822102673	5.351755970317612	5.577567552762327	4.648643914678732	4.663702325036639	4.425040989825097	4.563552925840042	5.315645857921979	5.247368249224922	3.37179589722314	4.9975071964209885	4.792120089692857	5.024054734122274	5.703812854673479	5.097425890985708	5.594076681531739	4.84420909259925	3.4377346191000826	5.185818650262441	5.46728347165467	4.830158398810897	5.2471555772142295	3.9182294565274045
5.697812080098038	4.241143262225718	4.852700976749267	5.2218890605648065	5.53029082361894	4.886999097782818	4.193278956414573	4.971752974634924	4.560387127616309	5.335868015958733	4.85684097017698	3.4837523588299733	5.065477723704182	5.062307448553816	4.9708723526522975	5.69481426521171	5.217170626743308	5.564177100393348	4.651706423121148	3.932583566280635	5.135534837665115	5.467521631337726	4.398542308235391	5.292487784836191	4.4455203762265345
5.661494918417196	3.871069615933493	4.885143844763652	5.361657526107945	5.52759629163355	5.276048848364647	4.5319315719599915	5.1896990205915206	4.621389175110332	5.348790256007877	4.714486795850035	3.6795352519336553	4.908063362156044	4.909364765428129	4.789559237064098	5.640719457274487	5.13011758161777	5.563476714310206	4.852748717480584	4.101475508524726	4.950864065012843	5.2444846993210765	4.008552132783861	5.288872336863376	4.554749848645714
5.762314317984955	3.790895769660942	4.852115293397284	5.17813918294508	5.450965994111172	5.276243919125147	4.464466748812841	5.260922492727979	5.113256075043434	5.402689739867042	4.597540572795421	4.108070105053446	5.107040137172316	4.315529229161313	4.797946131510598	5.5846848391344315	5.247457638859749	5.312278881721144	4.781850681916995	4.140014872607931	4.609747341432973	5.108508753806752	3.968250838039502	5.281660030712945	4.195341559572658
5.730871609594726	3.9604803615333513	4.981962875809765	5.097290904027199	5.36374141233015	5.313930467670776	4.501569090722901	5.063231512278185	5.265092334240042	5.244168904454979	4.390865872216476	3.9932502777546417	5.125284558495903	4.2883955226540165	4.812206058952668	5.563509579363204	5.379333176923765	5.31498493455119	4.371407724220965	3.569685140310566	4.585300791114554	4.939241254986056	4.012211183950182	5.380947138275051	3.9066044048385344
5.795975781561911	4.167066267409874	4.5296299448680974	4.989229592446505	5.450586239716205	5.301453630893942	4.738481092118804	5.2149544776709345	5.542352063506718	4.943788372136459	4.528036134660429	4.098543009430508	5.044139999063194	4.206783566761761	4.610228550650293	5.685254473208708	5.393885453312029	5.376431835287056	4.365354611027411	3.5117958562356235	4.649458015842736	4.951470475552721	4.119403309897757	5.422925776240519	3.8431925351155543
5.701714821754663	4.661164520711361	4.53023324062043	4.8743246313741615	5.356981100526333	5.3007710363842175	5.142600806795874	5.3143268954234575	5.386342946810986	4.99481218697361	4.441617026989902	3.9264520168753276	4.957201176187374	5.043151327788731	4.73472270889355	5.572726587920995	5.486482400414659	5.292471857108509	4.149416143206126	3.906541213508186	4.698197321052507	5.097615801188478	4.206309928502897	5.383679983265553	3.47051774588185
5.710571632848956	4.948378703697217	4.476790366336688	4.847549480533614	5.431293264735879	5.054294114044859	5.031327009306101	5.359391838225091	5.141052660048604	5.0477048326997505	4.830761366154727	4.199684129971072	4.105102947830438	4.385939071437461	4.9609099849923215	5.550776048690953	5.435718328690658	5.5936255743931405	4.254849757010579	3.9330696775943927	4.654614054542778	4.976121951760313	4.787435748969579	5.407562787091222	3.320735952617075
5.687889594458628	3.971475763769142	4.347240123584079	5.000488951440535	5.651646476955523	5.022063953411956	5.297879761263042	5.322147253880672	5.11162175965587	5.029286784490021	4.831605402072932	4.47059873863765	3.617587884257246	4.43494745701864	4.893215126010472	5.503320513264281	5.38351161119491	5.566867929536176	4.644704838573873	4.6900898666409905	4.516873139065475	5.146542316140902	4.091974856025778	5.430891784179484	3.4937146075972048
5.746061216716052	3.5319860140809207	4.712436201104733	4.989639908024626	5.585501305733008	4.771042359771039	5.329481590763392	4.855545151213511	5.229897662905243	5.490827930435565	5.0039400601431065	4.810239485816612	3.5816282176016383	4.459509388907303	5.115314468405148	5.517626236242759	5.328070594292178	5.50555326510808	4.600293717619725	4.898981189513068	4.475110825328582	5.197844755570457	4.27820524868129	5.371429746243464	3.7413297152373572
5.652492007611361	2.726890545423046	5.045467005042104	4.81220566204309	5.575816390828906	4.9319235588746775	5.448025788346592	4.828461666688009	5.194381477109707	4.923045637733275	5.140549621624219	5.049268695160318	3.4214108238023204	5.019642296258561	5.307773660876322	5.459065481028664	5.544174517878957	5.5824563629872	4.696302597842731	4.856190555213132	4.603210694016769	5.243227887500285	3.953564973937534	5.221198392281676	3.9071700525942266
5.604810146059217	2.787317809620438	5.103606538089812	4.884104259992866	5.601324747825151	5.120074153935951	5.443160012348971	4.6598546205662705	5.007489119410978	4.348362922133516	5.101203561126283	4.2684184726029555	3.3632948501640665	5.1427579927713145	5.0866781938917045	5.459071898151178	5.618342107587823	5.646339834210883	4.55737200667833	4.923365153161333	4.603911381944991	5.400977658377332	3.960510553603375	5.250835271176018	4.001831175906762
5.262169608282606	3.192754875309353	4.801540259707813	4.847713937529411	5.691283097456818	5.041211141592699	5.418473437360929	4.826967782189387	4.687793079258894	4.094783346094242	5.1183703107634555	4.0977039419305346	3.2320561165953583	4.905611659890294	4.917231765957496	4.981673208745189	5.552031431682619	5.655340835219559	4.645123241387108	4.970177107420899	4.860887053656244	5.353963387141521	3.859268544909672	5.212494987814	3.8682411000758807
5.369147974278791	3.3571911869022593	4.7399942446843095	4.786590780772334	5.697756722166141	4.855782014160917	5.466144811793135	4.737005426349502	4.391675794281766	4.070871957175251	4.850856832783237	3.963255436931394	3.3307279025644942	4.368117749904657	4.848686734027902	5.058581348558406	5.48321422482054	5.598756080673615	4.744647825256313	4.839239107347991	4.698827408397953	5.261181833008328	3.6493917133255303	5.305642872201496	3.7572760020705624
5.537595720018984	3.9857688553060204	4.692151998786997	5.251538004321304	5.719129398536956	4.489774411532951	5.511426203850712	4.85898934722311	4.418474785339673	3.828339677655538	4.766463575268446	3.9324572536743987	3.5776872987603174	4.515263149735913	4.583647037035066	4.814654635863693	5.444690667698622	5.594165307965171	4.448035120549522	4.9430048056167	4.690809845834851	5.333847597684757	3.6643057038233144	5.291803059648121	3.323254503978411
5.3997479831525785	4.025003437325859	4.777874947087802	5.167439603891715	5.676621456630683	4.529031688581456	5.485940683376978	4.975112516100697	4.4863728560336025	4.190345032305212	4.654369797689027	4.368543594202038	3.8706010233305244	4.585042382564178	4.783288767603386	4.752200973938505	5.573478110878133	5.612679992013141	4.506988484080705	4.706688973933247	4.8779514649746964	5.175126079654565	3.847800566032991	5.258672044181252	3.377133636082233
5.481578848484358	3.9902312339417323	4.981824036226489	5.244525652615697	5.5811476277889875	5.002399231959427	5.608694682706246	4.867028657968578	4.383966209148518	4.552430953801351	4.603035472331999	4.366893537388352	4.280827718024598	5.018531266676995	4.916071579577471	5.238217577485995	5.538369421932957	5.569488254219487	4.566255531926136	4.661685218235714	4.7043391487223145	5.266455911607636	3.741875500281043	5.417675300410697	3.311414721368435
5.464474145107423	3.7028816680909746	5.1901833954637215	5.221240726368962	5.522006176866008	5.193540089807887	5.600818035541832	5.325666270096497	4.803421986920292	4.1203941624786395	4.920395763963842	4.083430169174138	3.984715287774821	5.13472839990096	4.774589802433477	5.176425126974603	5.398015892854889	5.51354860365534	4.7358532931748485	4.588529319136229	4.7832105667336124	5.399400430322355	4.189459770902896	5.354304425109851	3.7983350192462053
5.2980874729300975	3.6678109170832256	5.0055786182527715	5.240147650497313	5.530617870680275	5.008951619075733	5.424157845749731	5.257213388287047	4.670044625819365	4.298403160845408	5.028373826226178	3.86956775656538	4.120634467813889	5.025374880274567	4.9490492139138444	5.373322336008931	5.41498324264418	5.53044980694765	5.16342304147065	3.6350467185141504	5.171373566085773	5.410668353728853	4.018635009033998	5.3471508622382675	4.011662081254212
5.480338136661993	3.6980503380818193	4.904735889628408	5.354162683668799	5.487803074265924	4.895060589484411	5.41271401476877	5.22847344457739	4.6699388282137315	3.8647448076783495	4.787691447343619	4.088682806835661	4.736754449288124	4.6281927827035405	5.004875530721749	5.352578645628936	5.152715301384194	5.552691372304329	5.349567990374552	3.6665839165051253	5.004711682620808	5.402858878121177	3.528785705184995	5.096988850207472	3.399733149452776
5.399752179635334	4.191297388951024	4.755228614387268	5.3240947624665464	5.505852983806106	4.7670143641740355	5.325333935196049	5.16945757907371	4.673181858515056	3.813368230833501	4.8742375962807465	4.29229458024844	4.387637834929561	4.612630434154203	4.992956134498322	5.324735142220098	4.960550391439407	5.6270551770132755	5.055387650992187	3.3467134527574767	5.0818647590024755	5.409018217595026	3.3539693244740976	5.11238194548125	3.129885097272729
5.295848283392901	4.09542574905659	4.70791992453085	5.407394180539184	5.605521426458384	5.133747390900156	5.294852840962893	5.026298566365958	4.6480702938425065	3.7717938024336384	4.232297798322533	4.256796079061807	4.670680704139156	4.315572643276785	5.118049108517461	5.336655138540757	5.029937156490045	5.7242398998354	4.798784188356623	3.432487985026954	5.287310992749362	5.331406679299516	3.237641173823324	5.1131706120302916	2.92175492158949
5.313599283900527	4.560979529254921	4.832080606138769	5.380595227701741	5.608360824170601	5.021122434616264	5.204645799552294	4.990135201523727	4.7385328667009725	3.8619101349652722	3.991737032613286	4.262799621762878	4.280536616800932	4.490769662408521	5.013729985618465	5.395647127156447	5.01279324679079	5.714313436590626	4.831003389841756	3.575332558616539	5.06054813275576	5.447988938776154	3.0678121024091247	5.148811627188417	3.044428807968628
5.234595207812139	4.85652613120329	4.678699071483391	5.300142775421291	5.415626451168335	4.777535309267258	4.902904161233624	5.043464163897428	4.58454135939747	4.36248815128023	3.2676566927012103	3.6215501299448243	4.201449829459754	3.6989301557170164	4.888430933820162	5.706739350665705	5.144718688329167	5.617902559267323	4.986096225095134	3.969249779106419	5.199681860626776	5.3753002944362365	3.2444740703275325	5.089074986395515	3.550732787451957
5.091821246518723	4.846389817033898	4.821415329446533	5.238465374777521	5.383274277499344	4.341008538898175	4.875524184950156	5.140729033864416	4.9110262429560425	4.856002191317936	3.1965205472259384	3.4296766000133547	4.192018796436281	3.9081258186247814	4.967157799686783	5.650494566627435	5.488026069154382	5.64771855146136	4.643565477695991	4.555997323276403	5.169173468785841	5.42261758983589	3.1814945410361375	5.039213090425512	4.100582071296746
5.450138526032726	5.160512615237733	4.991883765631384	5.192888965541783	5.300329914484067	4.622911019483577	5.239395278781453	5.228559858899058	4.933429052136028	5.012715387059182	3.293165604911581	3.581115730153601	3.897671507137419	4.18978948839078	5.077373770996279	5.468627156465539	4.496743554519374	5.688549952156129	4.768595160125509	4.736334681252416	5.280905714205259	5.362610931565905	3.7541654509017053	5.114978679563261	3.287660450679819
5.428681322357187	5.461930865489387	4.961246272598625	5.03730048121254	5.13697913306428	4.713091970628186	5.35060565110282	5.255578578639998	4.87505563824546	5.0048127169798065	2.917077326574898	3.9093208597978135	3.4775195686929723	4.851426318424195	5.311670092799011	5.43123618704512	4.331342298745551	5.63851252293726	3.8305262556417192	4.391751247035464	5.394177460064773	5.34052633954241	4.091155537339891	5.104907506725737	3.363139190855391
5.4847566415399625	5.368573242068158	4.985282904847756	5.113317658021473	5.215003829866877	4.744765774803111	5.345081132824945	5.266864402635147	5.106704474582248	4.501246546704815	3.295447462962329	3.877320353489695	3.4910871712292693	4.888822912749089	5.242226730630209	5.459987886089158	4.056162033929256	5.582809362529092	3.65127439953008	4.153456161375133	5.2408313466965515	5.262415443692134	4.552089253497021	5.414061514782458	3.2929220554626744
5.613384104530269	4.947884834343566	5.020624582999321	5.177996754014414	5.3905997943032515	4.7709454821480115	5.4621830847664965	5.295705364599713	4.885557079892211	4.284984184863867	3.421105171012642	3.7740784302997468	3.5376959223789983	5.051619767768909	4.949045021181757	5.427518381550839	4.007677182667128	5.399827376635143	3.947191012064865	4.5826443364834635	5.189208401100313	4.708548566222341	4.878082865253871	5.422347577068783	3.2083022510220633
5.5351393266628195	3.962912527729919	4.453065588961383	5.277392261755777	5.48935093689889	4.668420835443516	5.4452863838454615	5.280429093595456	5.053643186569934	3.6816151120882568	4.107524539410003	3.504736436143684	4.014634092221851	5.060056027242529	4.911983587716052	5.423251778063999	4.9615291243497355	5.421790180628061	4.256072667495305	4.38282964608354	5.181186476736358	4.639064869456985	5.140649794706197	5.456672508224566	4.250231174684548
5.561170244293845	3.9687905947860984	4.464661906552244	5.244199354981371	5.52236754459894	4.904431007644689	5.382088229823313	5.241632713606392	5.256223259840631	3.3200895967681268	4.406284790456986	3.4027924602580404	4.34564390969033	5.1035015770152174	4.996002857898012	5.4504022981278295	4.87886583539883	5.197693979276853	5.037806868908314	4.672033961573857	5.087201971826945	4.636868028774401	5.259573950262878	5.305818158879004	4.711709106002461
5.454829713116355	3.913029925465066	4.431090457514409	5.226280739798405	5.590498307616246	5.136853935378937	5.323151418339567	5.332215841154667	5.465523294892322	3.5281018396667965	4.465243232347695	3.3822400719811907	4.51847823937051	5.218702682002561	4.932188063614733	5.3890561168076285	4.29585153818083	5.1014643502171895	5.4951584013245975	4.724214204180132	4.587523207999595	4.620318039688701	5.411022897756901	5.439763068560598	4.9142268872711385
5.62544040648287	4.154694876418571	4.44721471313767	5.171469494351102	5.49214825661144	5.293721497602236	5.318468039881973	5.299782016460667	5.410738178099046	3.7879356310442636	4.166695296581156	3.3178295341852615	4.755709286181971	5.167090938408858	5.1974521866760535	5.501544468665828	4.281056220700891	5.1949028551290475	5.532330769858548	4.347351127446123	4.785950844730752	4.992706144305613	5.083448953584323	5.352368325739198	5.167035907141129
5.4356860894068895	5.186898300439625	4.95811686082076	5.112404629325713	5.536372215634504	5.459518232940257	5.176898373437182	5.384689852329067	5.398328282918579	4.104415759101297	4.214947100798953	3.3974946817636025	4.655275824247846	4.941992353650752	5.147186648465814	5.651807734390231	3.9773642372592644	4.9742131331188	5.524160419792456	3.7470302700140765	4.687801389532496	4.998750089331802	4.60066643643959	5.256017783667876	4.561201263285469
5.468847526978904	5.166091444765141	5.073997715842218	5.294094838873595	5.400227014621877	5.055192376717563	4.90064551668686	5.366605489786106	5.319119827762943	4.3616221332164	4.3232272345245315	3.3839250023452907	4.916333058557911	4.2389219879050355	5.142175533573189	5.578580407938216	3.6712611946489755	5.082958474000551	5.526989166592458	3.96580408582686	4.650102233175354	5.057115592746279	3.8497832940945633	5.340101745102194	4.399140562018658
5.553773323577448	5.296016075287611	5.0981208126996425	5.252921342056421	5.414343074136755	4.572855470060249	4.771343284817341	5.488991046817626	5.171152656638732	4.56149836258097	4.20770203974274	3.5850858984986673	5.033455591721608	4.2087676205668645	5.187044292769108	5.662224900948866	4.73818800677862	5.152163681718661	5.5165054167764245	3.970691357215877	4.99238090972478	4.971350554324166	4.1654241788613655	5.474413874133493	4.12180725261917
5.578414236849237	5.42133495690576	5.03327965822798	5.284248832818729	5.536628643734261	3.9889518304914677	4.691548948467891	5.421683439256849	5.232673025491745	4.4895434599237	4.345036828203178	3.8776076240387027	4.669130537161759	4.614077846364403	5.433680436963213	5.657953545841687	3.7476331894520873	5.182258867760155	5.490718245974902	4.138978509733074	4.485263635170984	4.909961549882167	3.702423665655903	5.353591689409137	4.142809626658676
5.734829049103282	5.492817080776786	5.0462495958457145	5.4220572180441415	5.618166157727052	3.9369667555492684	4.566525839596912	5.345853882631884	5.472349907265072	4.857514742120109	4.225804825905961	3.83873651088619	4.539825164752667	5.065744016517898	5.367319165100989	5.613263325369655	3.7355347358941042	5.440202452682734	5.556586433761989	4.9434444615905395	4.652338210859854	5.046166400183972	3.7865807090702335	5.374923336255937	3.9960839187396755
5.571648969299054	5.5618954584110805	4.928266085273587	5.294014482499379	5.62378727234663	4.29359493824991	4.71191672307953	5.412195827228523	5.374561445410374	4.703997281975602	4.54110848572876	3.9645581308799325	4.41761429763405	5.028771748157735	5.071251814991074	5.665104449441348	4.082456518159024	5.363430042732834	5.4143585744943215	4.41775258490686	4.822887859403872	4.6359270109678095	3.9926494379414654	5.272693073422135	3.8575315604594764
5.391679898305262	4.989301438083323	4.724294963655486	5.100972032249745	5.6296185086734365	4.553276899381175	5.172938754289108	5.3767375593337725	5.359168617343476	4.598427429193082	4.551440846241104	3.924029304566907	4.316659286467106	4.919784342599317	4.984350204768522	5.46802608846089	4.274690964185962	5.446900133519461	5.39970288089962	4.434978360615843	4.759923412958357	4.460818364346861	3.782891635341228	5.356256262954811	3.593446335326786
5.400248271097354	4.933829554334837	4.546953193685359	5.121051614790394	5.6147471251734595	4.759152882785813	5.307740248259904	5.384055251679115	5.23078143213593	4.348947182879019	4.663568391584063	3.8477482392910924	4.17626857558094	4.363609359821221	4.945009080715582	5.269654978223999	4.523909058398286	5.3059899975010865	5.153279445280761	4.441586439894499	5.001860019891175	4.4178868115121155	4.554095879402165	5.344014019192191	3.3895066917075436
5.179520690182754	4.997744382684553	4.6062500762067895	4.969593278104436	5.512603056063052	4.877964414475158	5.184420237153312	5.505107988640479	5.137193349748037	4.3958432224449115	5.042910575772239	4.427934717827296	4.22075237303326	4.28786828822077	5.028354339580607	5.199892072974894	4.876839770050908	4.933201719313477	5.069256527461677	4.138011410569098	5.134922003049036	4.367987325012633	4.159510538806401	5.337313482288965	4.29551748034393
5.040546690296467	4.863399127353462	4.592353772012118	5.101326461887342	5.44622271824963	4.844334012638716	4.797574250351929	5.586442711558854	5.293422058067519	4.210658549546186	5.1859566517686675	4.3964696466601305	4.4829704189086	4.175550593500975	5.272686162660018	4.935620057347873	4.972228599142783	4.718218642133971	4.994227951657212	4.522338955145271	5.346740768602024	4.345527380006104	3.6677612575509486	5.4072684223489444	4.2415741401874065
5.254251919262363	4.6319949019517725	4.5739488689598256	5.117256050406141	5.507772278247987	4.9446265603906205	4.5963245094554255	5.542847466471095	5.380094752225879	4.415659568955577	5.3490191746909925	4.676688849299299	4.513594405966176	4.942444747437639	5.264795695225588	4.837789733175587	4.949772173694218	4.719383901991532	4.7493052436475205	4.749559479336873	5.3554475860988875	4.997497842106437	3.8974226557380973	5.33888550007824	4.808538010384358
5.307100883080765	3.99001831309008	4.85904127917636	5.1529581248125185	5.472498564424062	5.049840845777747	4.666930428594438	5.498820364060179	5.3045309250360635	4.6681889456185175	4.575616112861998	4.855288177352774	4.606802356917126	5.1503960650370715	4.981777677411221	4.9453322378102165	5.205963153453372	4.959562305588819	4.06261327098171	4.689580259362021	5.320379810454174	4.955125403700991	3.7028541169491183	5.415193227756575	4.843860874884193
5.534703561244656	3.7709663463779903	4.869069406694024	5.155086222619322	5.504493129969704	5.183800072686845	4.669693588031518	5.466283375834906	5.084107048490119	4.818413084347491	4.722907975815163	4.460783156378672	4.598979745978018	4.9455488636713	4.682666112899529	5.207624490433898	5.253281150673921	5.335840983579827	4.385044837575393	5.147074503410421	5.2439822189260195	5.074872016600161	3.3292627323899255	5.579602665985779	4.305720675827708
5.786102098579725	3.583001081755838	4.851189690824811	5.166340395754348	5.503097454193356	5.355464415987744	4.853674077503877	5.418709893268518	5.1570998720281125	5.181255804475777	4.6584673534179	4.366434639859429	4.746080705538405	4.745810885688936	4.775566112569801	5.394932219591329	5.215841224095551	5.257012263672485	4.582503411917757	5.52660377745348	4.93292900071117	5.216814400264321	3.9718035128994993	5.566132996250994	4.341713787068084
5.745474960458969	3.5915409119417507	4.8942532290614835	4.996037320050183	5.446909737457386	5.32854795647643	5.521865971258578	5.420241894049248	5.086787290411078	5.307695280449897	4.57434381315517	4.21894993581498	4.841034299707182	4.795125822558595	4.766260537316538	5.499648909903984	5.307587074477238	5.108047109479148	4.581365879654499	5.147536688996097	4.629825024487614	5.174113239946411	3.553829496047659	5.520197522410854	3.805156236805335
5.672582287020525	4.129494705355584	4.784479842116288	5.032484650434787	5.4229373726108525	5.337655435449714	5.473875487204349	5.437083789966578	5.06612412149948	5.409126858469457	4.4881607921557265	4.397681517140557	5.0572653403005	4.706755436113652	4.7013536567331276	5.457882750179226	5.178129015552796	5.1152538145111315	5.059965839035569	4.956087147070153	4.716192466113536	5.166324610333241	3.6436113964037316	5.443096478671545	3.4233319883286044
5.561382330855198	4.610328315063757	4.8573344036847335	5.083785195870794	5.451928024835955	5.124562231096012	5.563084577227237	5.35709415451692	4.876257907555244	5.214973082413073	4.4214330369710435	4.574236406664436	4.903923132535974	4.3310243673908575	4.683238656741749	5.371770321050392	5.199202661137312	5.180707899930572	4.548836790898965	4.7049393032948705	4.540266987275544	5.079749397310606	3.736040133372309	5.409017864236889	3.5635704177061336
