2.086705035317353	5.817881390219632	2.981565936675313	2.0610854142588444	3.0121379291098918	2.701745805253964	2.077464189252299	2.7909775297039405	4.624153779422273	2.7955741024672633	2.4969543755950236	2.2719184118822717	2.1049309288368416	2.5696971573037186	2.7762356286357597	2.5921308404659147	3.729053589105171	2.132479369281775	3.1102259740070526	3.451016551587076	3.068911884118986	3.303651737169816	2.8583855794040276	4.805956103917985	2.8284678911391565
0.6846784896294177	5.806652787603952	2.978289298790945	2.053558604500329	2.954669959396888	2.694574760927936	1.886473614929233	2.830625593092344	4.90363712642864	2.866233485102797	2.5640045690363102	2.154317046748698	1.9472838307536127	2.5527412324461487	2.7468970586865282	2.6140278359985842	3.663414446130913	2.0931057659750234	2.9977633332025784	3.3938991236524285	3.266323485702539	3.2497646380872354	2.785356026914703	4.673227757622494	2.5118303661296997
2.4828532706559896	5.763378717361785	2.995924485647374	2.1038503874991785	2.9387152264654937	2.552346806107099	2.0464255355420744	2.670367002458903	4.768841647849957	2.9553607712583814	2.5482878258838317	2.155902095987638	2.0451193384641213	2.5733659576221677	2.9507021300896024	2.578078820087422	3.7296551164049068	2.154572165048515	2.9257881141099515	3.35875339312512	3.277585236655348	3.239440834374692	2.7260106995803772	4.617761393837893	2.4987365359000555
0.69582865662119	5.817277941420822	2.912356985564725	2.097015369417584	2.9134779176320946	2.5950016695350815	1.9908198015876784	2.6569706087482614	4.392395561614318	2.87973342720822	2.476509810200227	2.155225976330003	1.9145239847658448	2.650304160404342	2.879779545104688	2.674940537295903	3.7339293071901962	2.0698007315747633	2.9405011621316337	3.3388295500592235	3.2921947509773406	3.309532163644092	2.7738817542032903	4.387114464282501	2.0987454953428366
0.7310405611106178	5.78950476504195	3.0227943136510618	2.0993276502036924	2.9849888156364712	2.6276866611145824	2.055893405237793	2.751511122646704	4.2388018869987105	2.8919600937883065	2.687000065192451	2.159402729135716	1.940071206332718	2.6386581953535786	2.86810887139893	2.643535436170928	3.4295154818081923	2.1166873378890623	2.9676223176033125	3.3237235679318298	3.2904172516719483	3.3012628023833415	2.8221830626891076	4.540828530121151	1.9348081270944815
1.1017885311694409	5.7852036225280905	2.975341815784887	2.100951720957836	2.968004663638109	2.571611208665235	1.9926115884436966	2.6436036212983196	4.039459400765229	2.8382671264671804	2.6727070941304127	2.169348805468918	1.860528132874938	2.683775930059388	2.7487861007563885	2.6855781838647617	3.6170594034794314	2.1529746392284723	3.0204472984844752	3.3944857899638796	3.120802902101856	3.2805436861154407	2.7759343897969426	4.71819519673607	2.3824568351270305
1.2345891105099238	5.735901647656253	3.018071248013087	1.9985714631530975	3.0177397926549294	2.553418935814273	1.9101783884520716	2.6997074436068855	4.106867405860248	2.943483130766974	2.4778622281348612	2.1537539332761257	1.8543840529162603	2.6132075584584027	2.558123499589906	2.7184841444119288	3.5522444709816083	2.1623560266164015	3.0307462242235506	3.5317210190592756	3.171080490548339	3.4839157491810315	2.8080643490054924	4.774869180867101	2.6852618084901203
1.132221527348652	5.640341433394241	3.031098683741188	1.988664142764145	2.9995055728936704	2.634984066585801	1.8608320976038715	2.8764491485433306	4.143714076164082	2.9726713863231766	2.5586811768164694	2.185864658757557	1.8114118122931513	2.51874665093539	2.609561986081014	2.834228186579894	3.493418614135114	2.0986167010395373	3.237393280743709	3.4122043167337033	3.199151564275051	3.3692148481175206	2.9417168613000615	4.82342778282093	2.7447451343917444
1.170780650416966	5.643397181244412	3.0059475771771136	2.0261915176612946	3.136930041685205	2.5600823289320225	1.9309561079304491	2.841859204241471	4.174133981109	2.9962231506090222	2.7739928608700346	2.1475838929040796	1.9678122129771556	2.5314062156206627	2.6994685339851516	2.6570611319078656	3.7055358796654363	2.115863871486146	3.308222523466693	3.4553582971701973	3.2247494586808494	3.337524352326192	2.914607554893089	4.720748555007649	3.4989264226849106
0.9687510851725706	5.6928221075729235	2.9854229199563647	2.0335061494767825	3.1038141387856353	2.596014953489429	1.8825052299839538	2.9199267318916604	4.160240429522671	2.956188468367211	3.23890462922555	2.099014783937619	1.9660774308879518	2.5271528995209125	2.6842251171596385	2.6306975874457845	3.4462754280839953	2.108855749575098	3.2618273310310397	3.415957404158109	3.1155231333936753	3.167495633733308	2.8989819554018537	4.636150972444277	2.8043215835419213
1.303101226670828	5.699966317955542	2.9937364504143487	2.0385981673433915	3.1019753747931187	2.5686945636011007	2.0110038204803877	2.939155785479716	4.388809627948697	2.8866847836863383	3.3847660721328645	2.097921119437056	1.9784434556522363	2.525022436783981	2.6428856930872033	2.6185317967883543	3.441706803964502	2.1340897025098804	3.2526905897735063	3.5738924830187533	3.0976447119928143	3.021541702891103	2.823888506451121	4.637526633825191	1.9256675770432008
1.191180868319284	5.798288970395123	3.0183302985725016	2.0591647918800744	3.2035175131307976	2.5328109430989247	2.063077081308532	2.859740933414159	4.668089616939494	2.926298287173101	3.278116940101549	2.12068935120292	1.9663570675319704	2.503760338948309	2.6438943181794703	2.6944066331858094	3.478407238256592	2.1745122187857344	3.3573464979305543	3.5067497609437135	3.1318787033021445	3.2402489504754612	2.80100417304247	4.580190157147913	2.1458501270737336
0.9434928670085477	5.754127896754138	2.936061920764913	2.033980038553813	3.1177272515863104	2.4685875533686614	2.0628904505724854	2.8719013990143263	4.562470599371281	2.702280469600691	3.1092659009403327	2.1632976285059717	1.9033993044029225	2.528554241524761	2.6665247019176896	2.7864380824837265	3.155150460596307	2.1095877118235773	3.2606469733062706	3.450179031087568	3.0518871797325473	3.2174514097015066	2.7096743355812345	4.522087425662237	2.089829828856147
0.8526907327935322	5.81163778082174	2.8444145408729105	2.015127323972616	3.168419278259575	2.5283421649661024	2.061624940582922	2.8798913321248594	4.654984690899257	2.7366854273207246	2.5919021542262715	2.210061624935766	1.8999769691739916	2.3755818398870687	2.689664054302843	2.575612812625419	2.9787179881468853	2.0715826807511233	3.1628007622792635	3.3000900576104644	3.1881375774701404	3.4354083550034065	2.6493388521396235	4.544927803413671	2.112643900139048
0.826726447969975	5.794116661863438	2.9159262582628545	2.016036177060745	3.039544869578736	2.6557693707776653	1.9958366690084834	3.110944554024904	4.800659188170595	2.722476232812543	2.3972898326453382	2.131813796875555	1.8593998538182144	2.4108798081248577	2.656810799362215	2.7965675766871576	3.1394232617654865	2.1076190250304103	3.0554803463052793	3.380006503060697	3.104795504316804	3.1842989311370546	2.737901286114621	4.447898494772074	2.211068419566228
0.8650866573284004	5.758085148181739	2.9227698000270506	1.949684898540167	3.014095180108077	2.5001093122860816	2.0496585047008136	3.114844249703313	4.876330563304836	2.88878596880561	2.341951780172939	2.066648138941985	1.928074757421197	2.3318387970609624	2.4981114413915235	2.875387838259556	3.0862606995541126	2.133314991931477	3.118505060425837	3.424020556418111	3.1433392996164145	3.3399057741331633	2.769406057970219	4.428446580485572	2.254392004358708
0.9052006104034439	5.801133687305673	3.0279360472483114	2.0015133083261665	3.0664919473704164	2.5844750114684394	1.9594093431685606	3.0913659123477912	4.821485428675854	3.001152746886272	2.482666470004663	2.0237644424149948	2.0265576105880223	2.4117112632381232	2.50726547800248	3.2166760293974686	3.2069716097045005	2.1170406974889233	3.1359853420451156	3.2579474412937626	3.2110150353989586	3.6372605089380228	2.886376440284935	4.275128420920192	2.218604366729674
1.0200450494427735	5.721510959490722	3.1747204459718166	2.0734051881850895	3.005822917259911	2.7131572674647093	2.0226871859629094	3.2705586590272784	4.765697134741971	3.094694759350256	2.5141003635726245	2.0819043713418925	1.92994669043736	2.4131202512493832	2.4587438011479135	3.278093174535505	3.9821246733913176	2.1975806011918664	3.14186888674918	3.1511442116376394	3.279093978840165	3.8586241694858425	2.940308059235011	4.242949652609055	2.2090858371528777
1.2927953351073886	5.747865395638119	3.1252004940825686	2.053628385410634	3.0427627527766585	2.6667290833998787	2.040478081715329	3.0041939549934527	4.617563218292729	3.1318425118638675	2.4240289459721827	2.1437844778760384	2.035821705807644	2.4535968482944925	2.530614977301465	3.293696486640027	3.9645208558553153	2.107763908760621	3.0376476162975212	3.1668724686218654	3.24112940313133	3.8906699966097085	2.993366178755291	4.59300782612712	2.6824509209593566
1.4009581771728288	5.785220642018321	3.065091027308447	2.0511373428211863	2.9363071339016122	2.7068549242601825	2.0199179384089097	2.958484555736668	4.750416634244717	3.0510724959031146	2.506348444901471	2.1349542816510043	2.1533253973958564	2.439313653958344	2.6755896938748305	3.287558299995629	3.8710674153657973	2.220483059680473	3.078600341109554	3.2286812636716764	3.291556497308343	3.631966515377864	2.9158948528465007	4.69533443307812	2.5471560908547706
1.1598781413745134	5.790478109521214	3.0912404766090313	2.041803918477022	2.9452349463152148	2.715732199105578	2.0351191370405997	2.971500795610958	4.663288291912587	2.9610498346100007	2.3657114519894913	2.122263106580535	2.2097841452414637	2.412199414379216	2.7996750937350576	3.181997000218117	3.7174178137331415	2.1765619506385274	3.0642306670749706	3.339727454025999	3.2454003472578856	3.6477181977000077	2.86245853655881	4.77764574410788	2.644737177845241
1.291789169359231	5.762090793586602	2.970444488185594	1.9963373862832436	2.9894703887628213	2.7010392024993726	1.937761188483124	2.922729252336965	4.718590118407528	2.927386250907015	2.3963859614630385	2.1666598317978005	2.272322683793446	2.4223166551752	2.9227345915751313	2.9967531362699207	3.779397446272458	2.156435647280616	3.1708933986308168	3.4171786244271902	3.258359942277125	3.384769889614625	2.8130930613901524	4.611286426811421	3.2746383647004316
1.3328093322689643	5.803695056059429	2.855825064158739	2.00021924202785	3.0600595483644786	2.6423239834613668	1.9522309639814532	2.882460506457836	4.751083409037788	2.963650509674999	2.415557791446632	2.121895120847992	2.233592928941471	2.394700161509751	3.274195509795546	2.866358200462702	3.943404628900239	2.2729009484846046	3.0280280129633397	3.5256939005897765	3.16846009292957	3.405362068876122	2.769246049579789	4.223008374543437	3.4055167034001883
1.3101687118583043	5.785804661472583	2.9748444000117815	2.04368871527168	3.197255878658254	2.7153622594794555	1.8314246836212527	2.9521475992232324	4.709010541370393	2.9986130988515702	2.3711565034412407	2.061188706452952	2.003401038838004	2.464033468423105	3.818342188246243	2.730759813390623	3.8213894475820926	2.1339477558503632	3.107908463515575	3.5717935284155087	3.2094643483436025	3.4215204458421606	2.813027723581764	4.056037131841256	3.3772257491253095
1.3814655842794443	5.806805287244961	2.9770796922693545	2.050607204912044	3.1353790424459547	2.762028030422301	1.9267890991866503	2.7999394836559106	4.668109497010122	2.8880846476681703	2.2275112591870876	2.097783154197733	1.8749102951594065	2.467417959050481	4.089079468682308	2.666174279248252	3.7038423188831984	2.252433260258818	3.1463480857428126	3.6089731003246333	3.066214599767376	3.389069183037833	2.7610082845856936	4.217501769152706	2.348894215385548
1.0586469291588099	5.8085084479886	3.099368879314935	2.0444375907581827	3.1765164318577814	2.6508448799964985	1.928515195707321	2.842818742889899	4.58586042354402	2.7335252196357125	2.1086982495376936	2.062898817514569	1.887499760997718	2.4710960129059725	4.131196598712388	2.6214647275477883	3.616717965367143	2.176901658892829	3.104691880375715	3.4377119285700717	3.174277377695268	3.3748134140254717	2.7893616315435557	4.236582136630838	2.2782110363504504
1.21050734674844	5.813165460044444	3.1348538808658675	2.133404172508441	3.2510978553520764	2.5516126373338857	1.9707734079038648	2.9399876366211073	4.607956845177139	2.716449812252199	2.305546701183789	2.022316222201881	1.9529700408191104	2.465669091637363	3.7238731892102113	2.714990621361349	3.5947454265070657	2.1867463187859384	3.0921275443828873	3.507527143946757	3.1720690365960196	3.3552510772227153	2.7444736425918794	4.271107909940165	2.4184449572443514
1.2009861437656137	5.811430709292065	3.1534984968173547	2.0469048805126326	3.318374362012658	2.5466367331363653	2.064717802544456	2.9196959334662456	4.536155271958571	2.6503127851661565	2.5375143639208932	2.084288645270573	1.9313156313952375	2.4639458973998787	3.2547361218413093	2.7316462124318126	3.6284932405027783	2.184606626610917	3.0403353857549287	3.2702095097592743	3.135505308099445	3.4896657030606244	2.8062055486070983	4.363716029365617	2.235725406194737
1.3124378331953712	5.778329285787389	3.1353246251542624	1.9586413609170006	3.362284865008948	2.4761001097802584	2.0429026937421866	2.8092620857381037	4.495246367152401	2.773224529396142	2.5555114967906953	2.092594437637432	2.0056595150526584	2.4399061322074025	2.718189801793214	2.6629540843074095	3.550370898762928	2.1446643065602777	3.266382761773707	3.136838312198216	3.217580454741028	3.4663324380745673	2.8872589600361596	4.381326582301054	2.597095596906235
0.8916469467607813	5.835277262849354	3.0961997238286094	1.8999333402959009	3.296849811811682	2.523754168052961	2.076702159571955	2.797009818102452	4.580233566376571	2.93176436063176	2.5315525677209316	1.996076613607269	2.02626351394787	2.505571497692271	2.578073733232633	2.738339067566311	3.542470108574726	2.2331798508128244	3.222229520898295	2.9240482447479343	3.1645560167855527	3.733910763655411	2.87710238740856	4.47850643561762	2.831735848007689
1.3872144027104552	5.810350524218969	3.1262274947257565	1.9454458958560854	3.3651305516329755	2.4731003624777435	2.0110547136741963	2.697834092982517	4.524092136985193	2.905600241324441	2.3372261635625216	2.015267469486519	1.9678300769999915	2.4315473939051047	2.6033358120386656	2.649543307349025	3.5449885738429825	2.1792303850890367	3.209029842064013	2.9331981989736353	3.1084314381705567	3.6870068049369746	2.8730811110357637	4.5491349645563695	1.9638520386065372
1.039548516339927	5.820465652308041	3.075446757366938	2.001596667248522	3.3605741104845483	2.5771295770033253	1.8900620988528838	2.7867133374691373	4.618469657558571	3.0068234936363307	2.277134103217951	1.9786745062834914	1.9427724258562766	2.453294311173269	2.6088623590457622	2.7137673872180947	3.4422700208874373	2.2796662119163216	3.2598095907294256	2.908388511079075	3.123874866955239	3.4164598853133605	2.8819998126109287	4.443255034821043	1.831237086357902
1.1913692900538155	5.8505639265181975	3.168364430738983	2.0225055801904817	3.380173036055097	2.580261892069456	1.9513629654328748	2.83998783686115	4.644003780235614	3.0106551793236993	2.341530778309174	2.0171422984223266	1.8680189977888724	2.4511640520762636	2.6296259352890705	2.644335936405564	3.428818625649834	2.156511813206589	2.7203853665918376	2.8704443657925878	3.1381895244517524	3.3508674522906547	2.7373203286980377	4.575309114499898	1.8264796470769908
0.8045538954230458	5.832445437546403	3.0894383087215647	2.05329229180543	3.272599125258624	2.588915776834323	1.9455745642966407	2.869338017074432	4.612958381533131	2.9283475669016292	2.4024289748667877	2.035039970486511	1.8800210830624167	2.4026303175719304	2.653231515491577	2.5928574668887716	3.4663209600898215	2.1738438063279486	2.6939060200030287	3.2091710573024996	3.408575612080754	3.098574911308181	2.7988172452493005	4.475089037727915	1.7431586478843477
1.0545975349264056	5.852356436118969	3.1351167295869655	2.064356228209871	3.2249491165782427	2.6508831658178136	1.9004204443666233	3.0527593097144576	4.678904313001225	2.9041363876223265	2.5926595046659355	2.0641338576009125	1.8892040563590338	2.4396987342749687	2.542506262888781	2.61482253753741	3.1895532676483493	2.1964832711185207	2.743791743359644	3.2590830805493485	3.421679248251813	3.324661772168101	2.8662386327926828	4.424767121483667	2.0807480886313314
1.0701458786992697	5.826641158510955	3.1616665131066437	2.1077995641199627	3.202612379579526	2.5753737856857546	1.9963044644333565	3.0707004854280733	4.450636548226754	2.7918966066336783	2.5595532014025495	2.018021175923039	1.9309167317167715	2.5016795524502298	2.52023046224943	2.6321511370525164	3.3628002601772304	2.17113336954601	2.9115913788037857	3.1346712097294813	3.384002284343973	3.338558089836918	2.843828291740812	4.5720443777116175	2.2780755335356906
0.7867682163987472	5.722630596736664	2.980287635971979	2.1545727726491237	3.112074978556141	2.601703909722564	1.9296724128486837	2.9792500171881513	4.61114343799028	2.813163123513626	2.5180578282679407	2.078963495030738	1.9507599946030663	2.626557485912098	2.4545876298036204	2.614271817011011	3.133589794205715	2.220365938652925	2.9169370188982215	3.1935342763301717	3.4011944784224517	3.317544544978716	2.8242275114446658	4.319335522049652	2.0535396948602758
0.9138715191488199	5.7613703966905385	2.9782731162211844	2.118693512693204	3.0835025116717345	2.6589362929624585	2.040680586009054	2.990994645497419	4.686900129639769	2.6568402699595137	2.351339191511124	2.0881693724141823	1.9034857766936049	2.698029008851721	2.464925347919519	2.7327526038462917	3.1289732281627716	2.107694583078736	2.284712649808246	3.2913440763189588	3.1562305582252823	3.3212090608171594	2.7810076231565595	4.118832736932919	2.417590503281526
1.21224086989099	5.763375758695799	3.0148909319194606	2.0927478428781554	3.1428253315993913	2.589225304131564	2.1075324197841967	2.774020187809952	4.518627907274682	2.5384663059907435	2.422591745540411	2.070000999653411	1.8582279232080934	2.650236130490825	2.5412587035678342	2.7246978471373557	3.076322944472685	2.2067133914559887	2.167514439468624	3.342842991507756	3.0487673972504012	3.165360239586411	2.91554211553166	4.209149966801735	2.988634627559086
1.1180073782166307	5.747271265407181	2.9980982149467352	2.035436049006722	3.153570308427413	2.5435775767219884	1.9354236114544523	2.7136027415455137	4.562838335232266	2.6094095096485064	2.4853262927114512	1.988745996232411	1.931538164751383	2.570874702416335	2.5772124052360295	2.7706201534490655	3.034568333472978	2.156629609703854	2.3007634224916016	3.250237054763229	2.8731177845872544	3.345578137728368	2.977904664855157	4.058818682572321	2.892205190480971
0.8687352286151142	5.732648759508584	2.984604105023632	2.0714608440716837	3.1925527845296795	2.5580118439850597	2.0131889600522275	2.6563243650777237	4.446380850179451	2.626563846513939	2.6184354585544236	2.0778572000574695	1.9026046451378367	2.5276248930631326	2.5603395542518745	2.7418963112951715	3.0677578195375297	2.14351613248365	2.3930667978666618	3.332273850931405	3.036526435211097	3.19994411898418	2.8575451723876504	4.285162409220886	2.9239644482495453
1.2461080152489656	5.839446400631054	3.040119433834881	2.086232424724434	3.139672742673623	2.4736041173890713	1.8480745726016128	2.8306002362317675	4.352519521883291	2.3668039169774024	2.7739770667846693	2.1405227576689243	1.9682206267086448	2.548238727632712	2.5729698227783993	2.758902055265052	3.5164949102053367	2.2084391520068456	2.3681464274267565	3.293556586527393	2.979653775846039	3.4432154635523506	2.8717537917794833	4.418996641832679	2.48790110580203
1.1205928621405676	5.825779507026395	2.855908800682994	2.119625508814285	3.0552417548036743	2.413172840154241	2.0041758559279796	2.765828309598625	4.409606458132276	2.5044958976567897	2.5445218316593325	2.147470137696921	1.878506595640253	2.6773847664858113	2.5410150809714818	2.7982881921717504	3.8465367422981496	2.0527783504107524	2.5797453526572265	3.31347943538864	2.864890761235679	3.568462096223865	2.8896718401429555	4.287212590629047	2.179692990838441
0.9307742481989502	5.812844556658024	2.9768352622516345	2.0624614675953397	3.095659431652886	2.4819125781967615	2.009685525166061	2.706182058477736	4.373315797270456	2.4574539035889087	2.505101445563584	2.1352365985472943	1.8507275725715875	2.5839315173682715	2.5175071419118358	2.870241074515145	3.869000779981124	2.18296140050502	2.836269057349124	3.3281590707893303	2.959966097629858	3.665705091287424	2.8332633259827733	4.345375724534715	2.3624157078924486
1.2329684694722616	5.801717549410602	2.95774065955649	2.045000705501373	2.971321290020249	2.4707019358076705	2.0848290840339256	2.638157865079025	4.482348183916702	2.543731749227919	2.447740600597838	2.084684328645024	1.896113959024785	2.6256336651465086	2.4527456946004857	2.845048022357317	4.0320674127230856	2.1373969371153794	2.8347804659680578	3.212311499739666	2.957718472452455	3.6674856033774565	2.7365518430603117	4.278316814964949	2.358741867540245
1.317531938019506	5.775642369698859	3.0407890788582397	2.138139402289263	3.066474357089268	2.4712055999189473	2.0289799456487523	2.6160619362251563	4.564926474442082	2.5066886327525735	2.416298660166798	2.038299643096906	1.9519198680507066	2.3852756612166077	2.4707951418537	2.788244669686185	4.0055504369051835	2.246366180417897	2.861898051720187	3.2047348089994827	2.879662960402496	3.5210225999374445	2.796418012544688	4.535771335231402	2.35400838359218
2.07145619574759	5.784138027758125	2.966100995582401	2.188188574967568	2.946915184875101	2.5246652466247963	1.9712251309350486	2.6126631474594837	4.693023303387122	2.4831018915412604	2.328065989899469	1.961120798403745	1.9041767888524757	2.4246368509730623	2.4841407403761337	2.782015019569907	3.8738276099443825	2.1345107714917377	3.023764713159653	3.2282231155464465	3.043218562297916	3.6258306939592226	2.8617922924191626	4.589988521866781	2.3190742364913928
1.0468202422421078	5.791396576670956	3.0626621860592804	2.1108920281121453	2.9952120596977485	2.3821050152603775	1.943926059074642	2.5991874334299157	4.380219758458508	2.582977130966788	2.398221262315315	2.1034539248300863	1.9387179581329124	2.372154488106659	2.516827721377679	2.866363928760551	3.5967933565577925	2.1832314556759345	3.172339278605211	3.1541925698549074	3.0851827259973907	3.5513336057204437	2.8203556131313845	4.446225325842869	2.3243817052340834
1.8456583591221254	5.750101767890253	2.981016406172229	2.013192103996387	2.980488804236306	2.360346148559156	1.9221808630951434	2.645269014782854	4.219047399909224	2.488445273438219	2.5838631558138867	2.0469645552350686	1.8385766683275921	2.2926735034450436	2.595375844813213	2.771775983904509	3.45066656762584	2.208446279035549	3.208822451455733	3.2009405363102927	3.027585318993257	3.440961748119914	2.797887334686567	4.4579771091121305	2.4005795687457843
1.0894854954712097	5.7431159817624815	2.89754938384078	2.1623485007694043	2.908336560763083	2.4813166407662175	1.7894116352280396	2.7759202809046686	4.099841762329831	2.3258783347006258	2.503747125839249	2.0264009536597642	1.9144562419242663	2.32055415846468	2.6285645590850972	2.89428105594063	3.492581810379853	2.1754319693756097	2.9166294354211275	3.4342078617524567	3.026368639930006	3.4350067084154308	2.805477337589651	4.173367165190254	2.3958071839932984
1.2300131809110115	5.801910393126046	2.868274638851365	2.1916751119442743	2.907578602062366	2.459347846179556	1.9157776157222886	2.9006204229503263	4.014474563812315	2.460109589537505	2.7397221592444074	2.0268544118862644	1.9222767800434057	2.3572547836321722	2.543539205405181	2.8757948428342	3.3141029141218854	2.244530948873513	2.2593156273185406	3.2252044175083525	3.050195806672618	3.2213959918049264	2.757630146301931	4.191939013847845	2.8289162434269013
1.2654169521104668	5.838070926144543	2.907591016134195	2.0780316502369036	2.962794408468437	2.588582754491706	1.9016651914751057	2.678646123958114	4.206699854511315	2.500441380387399	2.5985435837905824	2.045028679731055	1.9089667801882289	2.3620322564398606	2.8479434390304257	2.647836241527658	3.1369048557123214	2.1685735899486396	2.291611540286325	3.3974595525715703	3.125141684878611	3.4750133216603074	2.7723618226514626	4.133896732801548	2.9642674114158813
1.4609285889326789	5.807614517259085	2.876072445324608	2.0098580314688648	2.9842861809359613	2.667580550651854	1.9705124953344226	2.564877418556398	4.469302462211127	2.431361106269516	2.2231470433745053	1.9936190083249026	1.8730953061380748	2.36039514680245	2.9693261108028546	2.692315197733651	3.2823794325324913	2.240339644123181	2.3843973371083806	3.311333755088182	2.96871783535999	3.363479984745003	2.865171939742632	4.1823047916095595	2.13447432148463
1.1941495689686432	5.7639021576976255	2.9490865379698366	2.1393586515345584	3.068582903119387	2.694150842119007	2.049710053870656	2.7256942241151445	4.628576456270537	2.389428901690733	2.041356271753348	2.0809779416035865	1.8334230405558478	2.3958818896050667	2.7718773741739318	2.6346830441152185	3.2932931741908824	2.183956361398596	2.3176005752008773	3.235424478394066	2.9920061722857656	3.528635884947991	2.9378554540796418	4.265048415857856	2.0270623499283875
2.1908187851350065	5.690860953014322	3.068824131248462	2.144945835165283	3.2279981623145777	2.693944691316357	2.0658324970645086	2.7145239652457596	4.579628076504709	2.394368342656752	1.8796227016191083	2.048285775014496	1.8922406334466266	2.3006354795636907	2.806388271764345	2.7594097220750697	3.3394905592946635	2.144975018719257	2.8293978532065713	3.37441309449302	3.023539102451909	3.5159730516662373	2.8681990963724138	4.315942861920148	2.0518137233207363
1.8272168401366589	5.749685568022811	3.00115041938031	2.101462315993374	3.3435838117912997	2.716566586675765	2.0646110217475293	2.7463515159394287	4.5879935694259295	2.624341951746421	2.016920667841307	2.0080436226066523	1.8501275575336653	2.3526052759040477	2.5769767868237436	2.7986941098449214	3.305929756135242	2.185361655304653	3.2242074513076986	3.161177290346933	2.9545657210646112	3.619968393054217	2.809652042050273	4.44944148741703	1.950131080618712
1.2349908252395887	5.748090496309624	2.97864734656921	2.106613249299218	3.197561056691444	2.6581549842575516	1.9952098606964623	2.9178239650992857	4.517117180363869	2.6943746950344845	2.205782604929481	2.0082229980337782	1.9361576406370635	2.3785981037493875	2.4913781935650747	2.748209816030483	3.488359596373109	2.109435974351147	2.9850224683626423	3.266274521032253	2.945302294637545	3.528583851423233	2.8079563942176518	4.50760392232351	2.1111858985746417
2.327214586506969	5.744876514734648	3.0048642260069562	2.1837104284832853	3.316122206175323	2.5797234031495213	1.9577926393119025	2.7535157312360767	4.472466206394947	2.6859982784196457	2.083886342455558	2.0403142547094344	1.909948878427101	2.3868933184628114	2.5141353572688097	2.745064262758664	3.3762540648767216	2.1722382380101255	3.1004317586237233	3.121438938188314	2.902187390367596	3.6356593147613534	2.9013056221897804	4.544943111206849	2.712709139011029
1.7505762961448939	5.761526201410412	2.9969545571249574	2.214465560525969	3.3965485464625806	2.560138757908697	1.9472991527924837	2.6808348522447383	4.452307579413806	2.632379162507614	2.1826670866476805	1.993194399072266	1.83522080332857	2.3968091760728316	2.6440932269724815	2.8086859146726413	3.698772471323486	2.1496977691884833	3.212827466566736	3.1028589998097957	3.0448991380928105	3.5283425205597374	2.969029235721633	4.669678159444505	2.9113805221423483
1.1178336211855469	5.716377258467337	3.003395901632668	2.1162814428511965	3.5280931982622756	2.412273541823363	2.0268173244606498	2.780828790703675	4.437774111680314	2.619452908413788	2.0410514687199144	2.0181235694406054	1.9762130340900221	2.3335285657479794	2.6664386915248253	2.727627227501518	3.6824486748100016	2.2423384639847344	3.1193249678760426	3.1173452377392668	3.0263900214249104	3.260061757022245	2.876179823405342	4.667190782832424	2.8954822842921537
1.0528088811174408	5.748992755714144	2.95260060236744	2.019520225953614	3.4814289185469076	2.458450516553777	2.0007453727607873	2.763751713516264	4.352140717913762	2.6967858374679063	2.303481935888045	2.1137669306430515	1.8921824586838383	2.3678530575294836	2.5964972492773764	2.79400088949625	3.2635528029488787	2.2163433884286543	3.13432061936964	3.027290786443518	3.043001323096836	3.271556370179482	2.9328213530635336	4.652271753817622	2.8199309943299635
0.990539839592468	5.768600465201381	3.1452281379326723	2.0953100615935893	3.4182209782067092	2.57612582872204	1.997436342502442	2.7663860135919074	4.378824615867886	2.6313237076144227	2.386058658279865	2.0264716952415034	1.9718010828029586	2.321448092522699	2.738096015672299	2.9046815473882863	2.875789439434821	2.242088749178599	3.081636124812127	3.0107743333839823	3.056560919800838	3.416073878901162	2.842859111901351	4.597235671114943	3.2239572392082834
1.1426879379415897	5.705707075283156	3.1628966263588003	2.0887124803332777	3.4276254081737525	2.514975756678316	1.9883774939235765	2.8998623457272616	4.443952102204157	2.5591306026654133	2.3929409125979264	1.9884850868522452	1.9455532404796694	2.4458768186632724	2.651464891114979	2.7578434822464857	2.583143013666235	2.2520611903761174	3.0258465059804323	3.047524825558348	3.0007137357589455	3.714286202266129	2.8452019920847222	4.423141337158819	3.2289741021012315
1.3371078841916182	5.636185201009759	3.044190315311318	2.070774767303215	3.1576762925351733	2.6614915870818145	2.042793011661625	2.7992497001774135	4.301708088190726	2.3933937600362194	2.3634891023557194	2.099493580033367	1.8927368476177402	2.3807993622333585	2.5992311382199222	2.687670237196148	2.699567776618969	2.1340433831864267	2.992235339020354	2.97597255911264	2.9191835310408534	3.6627887904993424	2.863615317428733	4.211859273270664	3.2500270528780253
1.123002235161768	5.568479161171294	2.9998281931998845	2.0376941354883322	3.0457814309987103	2.727226791455264	1.9695447912447537	2.6455923584597896	4.497499118125438	2.4364555381370008	2.401042096057841	2.017572705520583	1.840638567370601	2.440637170010452	2.609915803849853	2.7756320004680486	2.8203619106100914	2.180157204557921	2.997144238499766	3.009998342694822	3.0442559886886182	3.7292774922561964	2.8720183810478135	4.219563997445374	3.0780648175194463
1.0640587137062314	5.474032561112495	3.093962526357591	2.059327533186612	3.1068351146322715	2.700909722259859	1.9607585972614112	2.8292569764788857	4.429821872845141	2.5091319976183346	2.439701653797379	2.0258141120737836	1.9442040409958097	2.410085321759459	2.604313622251576	2.6457285935134567	3.549281991575788	2.200399879214445	2.938424942150263	3.228906877098029	2.979670883538941	3.423559793070534	2.872074508371057	4.267206654363891	2.1083116302268037
1.1901783739446747	5.542383738259009	3.0194033845851176	2.1233729147381863	3.1464602654766147	2.774846850331187	1.9965211492884876	2.6759416447967395	4.643294571727952	2.3937165823401236	2.6063738366393716	2.060300572940959	1.9099560566739366	2.396325167528415	2.5678248887347923	2.6800117289115537	3.532106106988076	2.109086969118188	2.934054584144052	3.239176337004358	3.069245398557719	3.4726957899679443	2.9309581825323616	4.210141004310639	2.0004686884354608
1.0958702963628757	5.607121367498233	2.9974589143189205	2.0839449431562707	3.00272120735493	2.7095624040841453	2.0085041276632447	2.576411768139551	4.4880326487593685	2.3677937051216515	2.9178207806193854	2.0823696188050236	1.9152616206505648	2.381858413880014	2.6847183955831873	2.59345069102947	3.419380383092409	2.2288702552811883	2.9616612546395347	3.2770583472046653	3.033690004973586	3.615361915700497	3.0211753986024332	4.158006000411404	1.9787971690470392
1.1528018584046276	5.723402928845518	2.935828924348686	2.1198598002183897	3.1825581900217004	2.580152637623632	1.9839778505679129	2.6601579854807533	4.4231595384938736	2.3883899292183863	2.8173250351511463	2.081004607275591	1.9349538748330464	2.4387180192230735	2.6857118055556333	2.8303532497600044	3.338915800852001	2.2019646919993803	3.0407167586586548	3.1007581112439713	3.062087959083666	3.579371088665199	2.967935276094031	4.1171690941963535	1.6969793437226364
1.1457837050388628	5.774719816420145	2.985137959740099	1.9919648281611249	3.221640321474875	2.6312364186706407	2.0618338989387297	2.5072225750699233	4.327537241241868	2.499437691589041	2.8072592582772327	2.1507164903825773	1.8228293114074046	2.4301289153394414	2.615998986114628	2.774444142780314	3.4374320368169067	2.165122812585965	3.042884788169704	2.8859731555476795	3.1701518976216114	3.6892884636623005	2.831057461797943	4.16628400060893	2.1142990522480605
1.277451825608035	5.833696764359537	3.0416280848892976	2.036127351956604	3.1380374911441735	2.545733500523161	2.060165391701072	2.4935656125469765	4.3456674674152325	2.8819751374195364	2.734947531476338	2.0376534508068818	1.9346374117632354	2.4312551515638776	2.630849331118761	2.6125095624876487	3.4937373768300786	2.2724739708742505	3.0507446799699043	2.90235333036592	3.0902433688545683	3.3839625556542314	2.7684034155328003	4.098151813282019	2.0921654608983724
1.2678307555377655	5.842470347117978	2.96693149020267	2.1202792252500755	3.226958110673372	2.54462933930823	2.0645431504042318	2.503261056548247	4.38400834936435	3.1671808792300835	2.5481116320711044	2.0383379531707337	1.8699764902825868	2.5092909176066684	2.5556838117254648	2.772978121689269	3.708998646729212	2.1856837949970678	3.248182774730192	2.909056740439258	3.1422784829532278	3.5904723854737046	2.7982384200604056	4.404534408588046	2.199255719720301
1.1918549176063216	5.815585436522281	3.0843725047391537	2.084585543189287	3.1162805893683028	2.6526408229186638	2.031176695529149	2.7348299034587873	4.360947181876816	3.1719325641161173	2.3542819601981573	2.010651910662969	1.95348442855607	2.4393321336822296	2.587845820902642	2.825763134992519	3.76866822642571	2.2345740603859308	3.135749122768426	3.2707357601154476	3.0744943699211777	3.3855045054481328	2.8238809272528878	4.322397915025888	2.5185257110472876
1.4369057455538807	5.794777773348086	3.192395182759992	2.05813683801337	3.1941045769198584	2.5604512746952457	2.0394206772915537	2.784664872921467	4.171850360507326	3.074685457464656	2.364639870117706	2.0549696905503327	1.9070812439481635	2.5123309678642043	2.583087119984692	2.848442700863362	3.6795111904242432	2.180981425523407	3.083148964377553	3.3692994823690663	3.080172678502667	3.369379986594967	2.815223394104567	4.462594398334575	2.7655548369829113
1.2480244824536888	5.735124729465914	3.249101066134447	2.0551762278667094	3.2056846794191625	2.5371288234890312	2.0122717184251586	2.8628809861034608	4.090040907499549	3.0775213237083463	2.5491317069552695	2.0816775385870785	1.8874365220934515	2.4258859037953138	2.6603227503914817	2.820748952303277	3.7430135569217162	2.138380862421177	2.9862838058699377	3.2765877113098707	3.1031826791564643	3.3787648420597196	2.8509688119676273	4.665567488073097	3.491889708276123
1.2224571220483713	5.753182471692183	3.152387894452633	2.1597177078942944	3.276037309440822	2.588834938151268	2.0832553215915337	2.78166633566658	4.145300302089614	3.0624619507105315	2.493334159751932	2.2649929567122866	1.8518499384097176	2.437980328714803	2.694197286224194	2.784606964539711	3.747967321982278	2.2392571525004	3.0241753250511514	3.016255244702223	3.134014821027205	3.4326061411153344	2.884718219331268	4.6006164749360545	3.0614771184609424
1.5818927131211424	5.7525672704287825	2.9214796366839404	2.143699050931037	3.2533497306553807	2.5524913719244213	2.076563917050761	2.8502527964043605	4.169680992091975	3.099206021908404	2.6429321101269396	2.280820710384614	1.9668750427098332	2.3906556778513557	2.7282276827105143	2.7667797372485423	3.7200257589758596	2.2230691427464593	2.9144005661497285	3.0013771999996575	3.0271975498127626	3.350829681240544	2.938036374590755	4.644139871288002	2.148715826546467
1.2223595106746257	5.768587223418616	2.8900259466712477	2.096694821864647	3.302281742860949	2.513126318123515	2.0648020057884433	2.772644701597316	4.052564104101606	3.021670437054529	2.574419509455627	2.3201460488907135	1.9135476867584735	2.452321074724088	2.6673813449002237	2.868963040220078	3.592534543584933	2.1856869683238136	2.8473615654510844	2.9225966224741464	3.0714637577899317	3.4158487988710067	2.9002362653899745	4.484861197384079	1.9767574105572587
0.9836630378092055	5.70688424407044	2.9998776025203364	2.0598831813156435	3.1113100783536924	2.8611632291373357	2.033627770554851	2.786883973094614	4.431037050902544	3.0105224496253493	2.60447236176543	2.2711509993942336	2.0813242700442465	2.4180157206949042	2.5602601859589624	2.679933260516246	3.6375421955736806	2.2449023283472402	2.97839284817556	2.9256411851223527	3.1589949207527157	3.6326471218127567	2.815776847009892	4.347440062472351	1.9273408145321858
1.2685443000125578	5.701267206728656	2.9375494272325473	2.144106383201054	3.0459510749748273	3.1909273807322225	1.9479299864348076	2.8646287913112825	4.395446677979455	3.1302286210243335	2.455503691602637	2.129946300449744	2.0472642409507724	2.471903182684789	2.610678529139703	2.7542107537064715	3.6301306737620824	2.25307606335588	3.000529788975749	3.2969125880970402	3.105469072391356	3.570771502033092	2.873916226369947	4.286766096719586	1.8509204763604648
1.2028992466689228	5.693795518424153	3.007393996242954	2.202229882616875	2.9281283597620322	3.490747647658832	1.9661156849836632	2.775500533084368	4.482637787985203	3.0725064593289915	2.4676796823450733	2.1024652760584175	2.060301662687166	2.448767361218393	2.572421852235779	2.7985494050470914	3.2973179040200176	2.2517177110253797	2.960089126101424	3.3986179893849977	3.151306757909847	3.653700716798038	2.9251798788568193	4.320889726432328	2.0360853029969475
0.9274414385809701	5.811014450256275	3.093828608141604	2.1124016061554327	2.895257252671721	3.7071731754127075	1.8863526293769508	2.644106637473302	4.580799317073847	3.0681636207428475	2.5297197388721084	2.1548849274278075	2.0110368607031983	2.48080344052585	2.4585023301462887	2.6258935922310918	3.397315355725861	2.2414100962622037	2.961576999681221	3.2391343821296883	3.1971510837727393	3.317506336386596	3.0011633144024157	4.539523736319334	2.185974775514308
0.9841231416569848	5.7520455906961185	2.997916350668158	2.064819143605771	2.9772069532593646	3.516936231823699	1.9729603060508125	2.713238510223087	4.989225714327266	3.012789527801318	2.4930758629072725	2.214480331151361	1.9380764843076477	2.373533291593622	2.511262580380613	2.739870593709849	3.305494510760834	2.1877945768740954	2.8529091628181225	3.1820393183894753	3.016379137979226	3.4682948047196027	2.9276808183575773	4.343656498055546	2.404225837717209
1.051251810724792	5.7501333228104565	3.02197650601548	2.1916391740429892	3.029270599862792	3.664238721812754	1.9588679508905227	2.6595355313277946	4.760932584782172	2.998470689594241	2.692701514983335	2.2414059462871045	1.9347925537117956	2.448685087671542	2.520905959447476	2.625689812733876	3.4551134927702547	2.0986456966513587	2.8820372091216013	3.2003955714509633	3.069092190373503	3.31099516244401	2.89801118365289	4.20448159297521	3.077245946574083
1.0767780646267284	5.734065115541709	3.042428815896298	2.248655970952296	3.062848859237676	3.3155111375860944	2.0058534326826134	2.61629952751097	4.780939307547983	2.9750551290277767	2.6100599083505545	2.2597637800955575	1.9440047823267355	2.3898330138406294	2.6163330239181937	2.6784142457060143	3.425030241161503	2.1419446681415337	2.956969316941945	3.3028770201705697	2.9882164873229122	3.4377832206958474	2.8502182486040026	4.1313294821692255	3.237091249406636
0.9406841602037549	5.754649978337625	3.01114665589809	2.101673776305507	3.0910675313701486	3.297915146896223	1.9862406915881075	2.61379410231384	4.595710728872351	2.888309925357679	2.5820757448515606	2.2534788621210025	1.880930833655678	2.399956920941448	2.5784649748869377	2.7318466326238626	3.3563838549488993	2.088099341894827	2.9831489803928495	3.4841893156872183	2.9800721903833685	3.520743553559025	2.900872836819391	4.088243132445481	3.5159705530323047
1.2894230542980778	5.748434165333209	2.9692968057558096	2.021962174851799	3.1409273121289165	3.4150729647214852	2.0801214070744916	2.6090576131230496	4.21016895081981	3.019798208951811	2.499877620072484	2.322652567693312	1.929352928315022	2.364533592808406	2.5935393331522465	2.7504870873864045	3.5967378974392203	2.161481305364501	3.117189320195607	3.320597633292582	3.0146613548307792	3.3857560676418963	2.9012478071262455	4.059417101145583	3.2621961002562307
0.7487947057970821	5.725421421319046	3.11095554876996	2.1201225227404166	3.0816871756112665	3.1703906658034353	2.052663562935464	2.527369922520327	4.061997950472906	2.9709957425085647	2.46681640847732	2.2738000067775963	1.9471969067327846	2.3834779209137347	2.6293081801891867	2.782781879793638	3.6632831567745177	2.154943566701829	3.038485707260406	3.16475895374333	3.0866846263301198	3.5567029856868224	2.894158416982558	3.997277732154054	3.5339805478964785
1.0472894002986493	5.758970673821453	3.0232007003813477	2.1297016064712735	3.0417105542334575	3.216550132543485	2.0283226464131325	2.604863886780864	4.120184439538854	2.9571596349866303	2.632750187374271	2.2692940640527404	1.9688564673590059	2.402606130886467	2.456352853229709	2.766807449533056	3.8156294249226317	2.2236470858322828	3.1577353454843102	3.207131295366566	3.056603464455661	3.4105561188629876	2.8208279972013375	3.96345666864106	2.7353498340392806
1.1420544535153772	5.770236051898697	3.0596642676804833	2.0823273599934082	3.0510518347804028	3.0430047336450206	1.919896961855991	2.4965729299014328	4.277940858412428	2.926805177827559	2.807051169155009	2.2113752340054673	2.016235985404687	2.3917393948612027	2.58767155512201	2.7484562085269943	3.7049000727575363	2.179518950027736	3.100904711448442	3.2184577068774014	3.128185418134774	3.457295674175965	2.824240252286059	3.8816065319913067	2.2151835076662922
0.9838678465722224	5.763263603074424	3.1944101557359468	2.029767349463138	3.178055721377436	2.928581209744564	1.9167104834858242	2.5832264325873435	4.238287774468446	2.903505549864278	2.762319947337525	2.188235444097819	1.9488728834532274	2.4726401232134565	2.497617912267987	2.8420446953369614	3.7529995969725136	2.1719499388608132	3.085412881178069	3.325655001957555	3.0888320619176026	3.29142166339385	2.8585528535838893	3.9845871808175772	2.149000189055968
0.8205634522237742	5.7780411142868475	2.9338530975572708	2.139884901639375	3.1345261051422506	3.066613820309328	1.8339194824897245	2.681064126669339	4.285417150433575	2.9598701042826914	2.6299765342409653	2.1721347761998056	2.0122735603229294	2.4376816327861888	2.543208867522655	2.8319000422578178	3.5887111140905135	2.1681853968684295	3.062894639409735	3.3735676800530947	3.1353636769797557	3.507407021094056	2.835592598880231	3.9718012409551644	2.165027939787531
1.081335000870007	5.745808489320569	2.927493744488393	2.1682058092681826	3.13223920824975	2.96307758352201	1.9099414275978748	2.546601625897135	4.289670360435103	2.9782248816038144	2.419346070165702	2.1868221136980264	1.9744801319570884	2.4741959155781457	2.4971757329257263	2.794431740880247	3.528992523286507	2.1846366558069374	3.1481225728262174	3.35061827728385	3.19082336056147	3.4818762009097153	2.8517587562085556	4.06684996971056	2.226410617227534
1.058804078757322	5.691210990183152	3.2489937203220514	2.1101531583177873	3.2114575824696487	2.9881409349581585	1.9204292445580018	2.588033629529802	4.290183541114154	2.98754070818943	2.42581989242572	2.150622386092943	1.9324876889550187	2.398971108290114	2.5668612238982487	2.9092341190170425	3.3688633156440293	2.106893102415626	3.196122947330959	3.3084659567102546	3.2279857523712256	3.5502041637220625	2.9048309346398655	4.263778980338584	2.165644858222043
0.9724863154140415	5.67500738193623	2.9526724747086086	2.0539982572969566	3.2857849366947516	3.0422958852886177	1.9801613620718614	2.4950560627941023	4.29478301029339	2.78396736513734	2.387273697132318	2.1820805396298666	1.883511389107221	2.529154264565948	2.498954270782429	2.822053872979579	3.4801090680492743	2.1721424816300776	3.243363879625884	3.3392864892953464	3.306628754698312	3.3853427397465694	2.8879859412122464	4.38866805783223	2.8690133919910865
1.6370962419370136	5.7128076658309475	3.0046474003734858	2.043799160347781	3.238036179938506	2.92563348588146	2.0164925241009186	2.566021220324651	4.3268856361303545	2.742903832659429	2.6389004787792665	2.1648016415909206	1.8899084547339404	2.488899996998424	2.4818903997635844	2.7842531833165096	3.6302322507828895	2.182206720769671	3.236667692155098	3.3439991027289317	3.260936740550714	3.381107262280341	2.907488917162794	4.421083196346303	2.90063479552993
1.362262762684427	5.7540071153243355	3.107234853861713	2.0839365023821452	3.194032684752767	3.061489133703993	2.1445842994065134	2.6589838758420865	4.442592988286231	2.8510141605063186	2.700809868719786	2.1482357643502343	1.9016065684606187	2.5368523953908175	2.5289739085783873	2.9868800748585973	3.440353881864228	2.2496016987270253	3.317021410986021	3.2719884022659964	3.178247202568473	3.2100764067413303	2.8820101428339036	4.4741622014363935	2.8387718601087357
1.2798635322414975	5.730191134178945	3.140743282005059	2.1031313837525527	3.0402087137902125	3.029920280573802	2.0441749521045445	2.728641381096362	4.482656221978752	2.827805202284628	2.7242470165434973	2.1210203537176557	1.9015648245985628	2.488147175118544	2.698414964480269	2.8167686918568053	3.476852230952688	2.1885247984817613	3.2036889324443742	3.505627091094078	3.1139748322577407	3.1736925579256807	2.753907851138479	4.331374054177764	3.045819208762661
1.4072576504419043	5.7348476764240335	2.873693189992105	2.1248597141760532	3.116567371953308	2.8343865909235175	2.0676295711393777	2.762054318941964	4.5077317517656015	3.1468125466889387	3.110381075347008	2.1443681188170993	1.8933688117787923	2.5148299051771703	2.7815394497489234	2.7789264821524453	3.3871432470100302	2.2360417139111544	3.07623378683802	3.513619797142913	3.027852859274856	3.355493487541919	2.764874480537263	4.434086037909362	2.9789371636416946
1.36527972853058	5.735553513249693	2.9477449968341203	2.0682349697704767	3.1142322594647283	2.8678220803225747	1.951144880318267	2.734696213751384	4.701707710674688	2.9488408640226633	3.1881188339110422	2.1215571238591178	1.9999431186421552	2.5119683233920695	2.7454373187976233	2.911764180468202	3.231903199595159	2.1208798829345192	2.98054709697152	3.5164019495495276	3.094641678070445	3.529651498042947	2.802598205358321	4.376429587194966	2.9495929735611894
