4.7737202946375294	5.135894169583614	4.829954407345316	4.978640238454804	5.287526778477561	5.033838319190772	5.525492454499244	5.131051569339598	5.23626945103582	4.706092529350456	4.913194593724495	4.834958133805313	5.229790248932109	4.578893924315787	5.049815884375245	5.2124184411369265	4.810358369858361	5.606973765706387	5.277878249038859	5.404505558557039	5.487438121236121	5.57744122529799	5.610981874002879	5.272413310472275	5.026682015654565
4.815842137197296	5.232094125905588	4.894081199718089	4.8837078517741634	5.1340219283636	5.219244886715876	5.6453862739667	5.32825049404598	5.3395666945886875	4.6142609941758606	4.594856580047875	4.87294060724666	5.266208386898206	4.737063294128781	5.019826022601898	5.071468069731128	4.833322132043277	5.555038544220818	5.16796038086235	5.354403136534056	5.773175182278352	5.567433617527381	5.5940566455516825	5.314357415149216	5.199500856367081
4.932250263055543	5.21725959216684	4.929168737823337	4.797043255282088	5.122742417976271	5.226664841822682	5.527256433611133	5.240605235534056	5.3630178055677895	4.56832770524206	4.947045999075147	5.009383999355975	5.267513849728804	4.536533596891999	5.027031101662758	4.981677021209589	4.584680537519859	5.494906646838258	5.23894906104899	5.220321369735414	5.696064016949653	5.585150126414744	5.672350907457253	5.409492033345193	4.8914588676714885
4.9615037741795405	5.2666115610845905	4.975732301531175	4.628471944901765	5.045424648937195	5.212091390479731	5.5279536649160494	5.192571530089	5.276024558340596	4.284280439999927	5.018308689328824	5.097123261589425	5.208453210570277	4.53383661031258	5.037078211619348	5.218383922519841	4.547073204428073	5.414401910616872	5.30784951618516	5.246833901888296	5.47803757246542	5.539744403429643	5.661102684274547	5.468654467340453	4.738049493939253
4.861216074565614	5.1764048117442565	4.707950745454187	4.72557054459302	5.051798273652066	5.120253933893906	5.116075813002749	5.212184026408666	5.291322962683001	4.191166591244008	5.144394725135368	5.1314291761750015	5.166884278446653	4.449894029244312	5.138234073795511	4.4184304792493165	4.453965704880371	5.605624988459801	5.289340418309141	5.235468567895376	5.524692185327532	5.541329591231458	5.667490508409075	5.545292566879967	4.66517181284796
5.0295365775218945	5.191396047349525	4.605121503479	4.621728122815964	5.174644514439208	5.149441412535209	5.192879752569509	5.210565332706286	5.216973373897667	4.131923835852109	5.039936055799063	5.098779456878176	5.272593873674162	4.2667160983704395	5.184063824577716	4.310805743009808	4.47346099877606	5.594953023557135	5.4759701285058195	5.295514920925858	5.591060522990427	5.5674071021285885	5.621613660005303	5.52088485085355	4.506496583256458
5.072132259273539	5.092582839754625	4.679920261580879	4.658477425447942	5.236266386944502	5.16895028163986	5.277175612441628	5.283392376034637	5.047568139325731	3.7097467792528462	4.900048365114276	5.031031002518959	5.192927681553561	4.2229807724583095	4.871257597743072	4.7791493185842455	4.428852833819102	5.689867513229761	5.390959431583954	5.403614110236817	5.680513158425631	5.480309550999316	5.614056113049561	5.48750190265852	4.592158272183989
5.240577996338846	5.17086911768936	4.631908527223425	4.824285234523445	5.310541444687563	5.145693937165107	5.20025656080223	5.059707244546093	5.064904143549611	3.8880973976902387	4.640017150863051	5.124189262303004	5.265169072493147	4.308744503453434	4.913686070538443	4.9865979266613945	4.311888743819441	5.655477742110651	5.3361634015489745	5.3939866059354955	5.71896581490952	5.403730141377046	5.615303398486924	5.574422960578357	4.918153606654665
5.426312441122671	5.204922112585624	4.736802459748009	5.010481300731852	5.287250356536922	5.118050677199912	5.328081721771867	4.869653932218696	5.040393258184303	4.012476341509966	4.529774173616	5.295267009104778	5.236493731984075	4.607563201800016	5.008303405682228	5.103987703117929	4.516631602718094	5.650499917021772	5.415488757415534	5.44159001664117	5.725990296883259	5.35110348717742	5.689758617202736	5.441975840587747	5.047645274821139
5.431433749281253	5.300425340631371	4.934364455049269	4.961614556253201	5.364056284063255	5.104228528079756	4.804736609783237	4.671294640806963	5.087030903635299	3.913094869798801	4.762313383817706	5.294989270151057	5.271609439104563	4.703086107889637	4.995215125881533	5.202344503108094	4.792730132653368	5.3870300854630315	5.374217533794073	5.639747306113402	5.604561517917206	5.384230694364433	5.670914938555647	5.548079596692725	5.226627933502264
5.447132089385743	5.303424018829745	4.817317514186978	5.1706190467921	5.351079111062734	5.12694581938033	4.994262046515518	4.7246788574909315	5.240978956937738	4.375748967391935	4.818744974010774	5.279202449323421	5.159497298059041	4.7630556247058005	5.012454573756564	5.132471077892846	4.835802409356391	5.271802488659817	5.3586882582933635	5.572509030072608	5.590572033575367	5.380196950650571	5.6693111685387345	5.364032391971671	5.399322472514574
5.464040754320005	5.310413241038093	4.933236563412724	5.084684214662807	5.3190886081546624	5.236773479431315	4.97990383554532	4.686563067436081	5.319793711200008	4.65700105511543	5.002534436914077	5.108567026699648	5.148349726501714	4.6840212890045185	4.948552546936893	4.773074292012912	4.860428191737244	5.433117653168793	5.338867847769814	5.640178084730937	5.635953411362205	5.304490187083976	5.670586322188001	5.336901408720226	5.0024904700320745
5.513102570557053	5.275125177649256	5.025041068104222	5.209013810490691	5.183580174804794	5.244266015163416	5.162734734839326	4.750585944120777	5.2759881741123795	4.195975827740116	5.247412446431074	5.173589403764466	5.168401122344637	4.832455761611495	4.927285505105608	4.630445071496028	4.848118416444292	5.50240354524716	5.497206873917082	5.67598993092809	5.670271334260493	5.329846607994904	5.50050937904142	5.337435535088516	4.587388414972629
5.435441124966001	5.230048282515776	5.020182490484304	4.798615000987778	5.2001454873749955	5.289829913721066	5.51552708703647	5.125337735866773	5.269437088606855	4.152600864609452	5.278389351597591	5.253630262501753	5.054047901488064	4.866455024389612	5.007402230261793	4.97057251554741	4.752635049415516	5.619523314055724	5.440427363176786	5.537759691069185	5.665900440530152	5.283080966020668	5.510255832347152	5.50775911778604	4.290898763082986
5.375295037639266	5.1424135155344475	5.033703277708752	4.447982014949256	5.3302927235954805	5.277982195673036	5.496641461765295	5.134483588589837	5.284327012160884	4.235457850043759	5.140658017085247	5.247915282749927	5.1357342582975996	4.8588494521013095	5.098489672679854	5.146690359359258	4.753342028397937	5.27556785007554	5.4727972105735	5.610691198412639	5.631428083449507	5.249169245501039	5.391620578523744	5.508592928230463	4.381108093279507
5.365726392864906	5.146160738588709	4.936822430054394	4.518337276141598	5.499682114897562	5.225079158850279	5.474671326079445	5.330249381470996	5.299181673974755	4.279314744819818	5.060884530587547	5.219283317237038	5.128991197593449	4.963425043984495	5.18348725749924	5.298090301727665	4.72620179033363	5.1673800304764255	5.1718060778226524	5.572744269527056	5.639455439492931	5.356680958076885	5.540375071142921	5.577552997547752	4.932991817730507
5.404413311982971	5.175208899492413	4.73742500523842	4.438392871793269	5.4829757811587765	5.233071633701853	5.4000843351296846	5.232227406736661	5.351961797457076	4.454337035037679	4.9761560313246544	4.897088140079154	5.023409751002942	4.742794036584973	4.890160546707146	4.949579790495261	4.6965682453549995	5.047768435929525	4.4996899997924595	5.342336852430768	5.596667751581447	5.377246469899574	5.503445124184845	5.521284836316626	4.618932952131982
5.477754827929149	5.239596005925364	4.798381504830967	3.9460677696044524	5.459267303620088	5.193853409235203	5.4017896987414975	5.226920904007891	5.315316455411359	4.434054567953106	4.962165466735546	4.805406881318095	5.0413147094062225	4.685578227246762	4.884323596991405	4.968007521215088	4.608887353213279	5.154949552389372	4.136465907696223	5.313397956047036	5.559392911238716	5.205396651337626	5.5091544561573595	5.507701202496917	4.759340126150778
5.5394947722577825	5.344124190915084	4.718296240006675	4.151409805827422	5.396894767038357	5.212817362689592	5.247913136876429	5.048387040230289	5.31907666606543	4.1526699375627505	5.0926805283695895	4.8840800885011575	4.942320692545073	4.7058050261293465	4.913238361578615	5.1039605072904735	4.520430130701551	5.370953021421349	3.58164118798422	5.212441785966689	5.607837361758088	5.272832052923216	5.550544149833738	5.37207730319087	4.401849160423738
5.3924435335119565	5.2759874045331	4.7093949138830995	4.11392850869272	5.367288011054089	5.166791841423027	5.322762095024931	5.0254986852575385	5.260149054303669	4.029648293861975	4.919999235971917	4.448958594855434	5.069089967269223	4.536373355291204	4.881242596805094	5.200370268523552	4.650116404231545	5.555281021461084	3.7140341447807628	5.268601096271852	5.459263557150858	5.366700662374965	5.558756616893128	5.303395824312522	3.7157717249760873
5.165815262101847	5.176338962185666	4.882100675459197	4.14638361951059	5.454509654401251	5.096430643913848	5.352330600179328	5.039451434263877	5.243913389956003	3.6772994340237384	5.091821512148154	4.39390785832206	5.085094905511561	4.6115258599140665	5.020083381203271	5.220712347196272	4.770220169731193	5.639814809271078	4.8829950336297525	5.471839603758296	5.49559237574047	5.439296523506607	5.660158598072521	5.381953360131926	3.964832256464488
4.719673131625254	5.160321293091402	4.795042343570187	4.271583258586685	5.38270778051655	5.134300125155125	5.272380628368083	5.053030904175784	5.1513430943679825	3.4933439610084513	4.8811467395181936	3.883695655514667	4.946827540425153	4.540355935705879	4.821902446586382	5.441337929682212	4.939095539090271	5.567575496323628	5.051885908447076	5.471080545206178	5.562000786102351	5.342092888449954	5.627994770533919	5.343723539570616	3.987016567805821
4.529881988855461	5.039130616584149	4.723544444071309	4.6914432979874165	5.360081997576811	5.087541758576639	5.2900670811189405	4.968734867799434	5.0962285770012645	4.044292121749776	4.895439648240658	3.9139723153142936	5.103606411560731	4.463356766128037	4.775396580927474	5.3389792568649	5.034939430918772	5.6228827825921535	5.338629574118204	5.406216975165933	5.6255767115528466	5.454264276959551	5.572659182627195	5.690318009041485	3.9756263490821047
3.9170762800925174	4.9513584534451045	4.621624360103887	5.118129638654231	5.336492073349905	5.216199643005244	5.191951629892142	5.177324227302608	5.164268466279543	4.512996523446193	5.128572591769384	4.424962089219321	5.027482854642626	4.311255362111676	4.858287184227471	5.252120418043247	5.048945691768931	5.519739104442075	5.273868978733348	5.450069971817839	5.64117378145212	5.449026310888404	5.5337345744944475	5.584989895843517	4.349169311039184
3.8424340644556687	5.087149937546622	4.677111746636378	4.886454384647775	5.311666745027745	5.27881131199551	5.215463625362213	5.082972736095421	5.0535457420755145	4.241429527440436	5.120746199825138	4.96526485445686	5.01075304870559	4.342528714522178	4.900587768490049	5.245179659280048	4.934651151869236	5.547926123925011	5.256206434790091	5.4399933834764616	5.644837018630371	5.37791526180038	5.428509453532461	5.519992383331873	4.332698118095157
4.280261128706967	4.993468889735031	4.868523179360339	4.86685590133793	5.380900761220638	5.2737263025827055	5.36216447465065	5.124619565630792	5.245975876633713	4.132779740062833	5.127810393729527	5.343590105007737	5.218697697697164	4.344292094645941	5.060253147817181	5.117940164375384	4.921841973786713	5.547605932863119	5.38736464308579	5.447437971955021	5.575150111084819	5.2299168874471516	5.505799592282932	5.402484754852686	4.399119815085752
4.32973921098173	5.033660381834048	4.787883387550511	4.823101982858314	5.296975005843821	5.31894968085306	5.531834728727231	5.113406690180143	5.282534333483868	4.099848845403055	5.154161776121375	5.235040691347374	5.115525853515775	4.345008195320767	4.968142823573795	5.190699703911644	4.863403583166851	5.630545947171954	5.400284115292106	5.477293936660463	5.3749241042799545	5.264860739685158	5.554653117969734	5.402317654890541	4.1801978155333295
4.840191955578146	5.098826000484031	4.69723580659577	4.686944830613041	5.215064334277125	5.407605264644661	5.623487722211646	5.092546196323161	5.290135405632275	3.9464283942385703	5.144939704182935	5.261485819948721	5.183036061431858	4.3553960376975205	5.000872335411546	5.133868434731563	4.722427190400235	5.548019859825823	5.196043645376737	5.5205661370089105	5.487185229452011	5.340326921797649	5.520284027083094	5.3444212820273425	4.504172817547393
4.905177782173988	5.161804416661555	4.734927123891598	4.60503987544055	5.181271112397419	5.475171086809454	5.679019792560642	5.012449713029614	5.340436556256251	3.895403423817776	4.904659448653596	5.044176310322361	5.148950076288578	4.398217194570804	4.9617573663226375	4.941465312002979	4.7860857983855345	5.407292397785404	5.189504454689696	5.502215025636833	5.56974584230512	5.253599754570485	5.646052156811172	5.361245775912016	4.585961604204508
4.7229654846670295	5.182305700989517	4.701441448374459	5.083058592774957	5.148522056577797	5.452928557565247	5.627551827608758	5.093683637000934	5.26620789189662	4.0788342433156215	4.753441018216947	5.122908710302959	5.224534673928912	4.316454843471449	4.9537351333100315	4.958045662819392	4.66256409645835	5.389022063443885	4.327310497704655	5.438029572955676	5.552890921724544	5.313672569196709	5.691579112134583	5.395045487058578	4.340616089286579
4.640447401360811	5.18830916950232	4.758885763203326	5.1421086588580955	5.271011094081848	5.386814858092574	5.63418003682475	5.1252288258461824	5.324774177691337	4.318977581866287	4.729442388804456	4.88278374781071	5.23018501842881	4.217842940925349	5.136304841751503	5.325665692975244	4.691784778489962	5.343553545598694	4.0595200022723095	5.372168290933362	5.456201610484495	5.362979426551034	5.570413258296122	5.450266113112148	4.631666238491066
4.036456555229562	5.189666992542605	4.581555141543796	5.214857111389415	5.225228235324667	5.401275601822516	5.67458010699977	5.221338932220342	5.224547535737491	4.806755141335964	4.725455414916985	4.562869167108914	5.238858081241021	4.179570088356035	5.048855102250312	5.489969925066433	4.700960576048451	5.3445471023669135	3.4588094516125616	5.454258005924577	5.466012547709584	5.395540510851747	5.564119297790476	5.365775379519905	4.661603691580479
3.9764732856243308	5.169220409615504	4.610334007029086	5.184320126075953	5.2283490590025545	5.197599084335103	5.6013316541026485	5.051886889407803	5.34493707819987	5.009825097436649	4.9379955045185415	4.437443407987788	5.236064494439692	4.297947776657298	5.101098755127093	5.381773274626564	4.6041027165664685	5.354878365844086	3.700953166877997	5.505557172779845	5.489253915635232	5.501799451532948	5.519469713215295	5.345332914204198	5.120676869213567
4.016291886277345	5.065379963412269	4.719179689206105	5.134863400594626	5.141173071877527	5.259932902747419	5.5898672925832775	5.201545187090592	5.231681603980518	5.375788871648611	4.842094236285281	4.331396610808255	5.0935540502242596	4.417992703730274	5.084791796018816	5.413647180252478	4.6718133678372	5.364979951333809	3.71470851325614	5.466350714924926	5.351135936358861	5.530626357558982	5.260425697377421	5.304052246937144	5.102626610640347
4.154940570277668	4.961206446429741	4.735720103962211	5.050724177468746	5.124475221431648	5.198822890617371	5.499174543452933	5.255068703810344	5.098855770628686	5.421161889166956	4.893450738986446	4.495210936321846	5.133678848774195	4.287591018836257	5.011790249010555	5.4359099646803815	4.649168232611659	5.39792022601435	4.150356494735374	5.519443275294511	5.52070550129638	5.510541418149579	5.433235743233699	5.57074624131149	5.175333233149923
4.3000884236845796	5.015892267219375	4.71612662675159	5.0407589497738625	5.128475926901284	5.234239265711031	5.310464975210467	5.330372030782947	5.124449417808377	5.272021790130047	4.856106209891023	4.78458274660536	5.140769557911107	4.30822771073108	5.182552750142539	5.4617669757351015	4.706610524361309	5.402996281078797	4.212983465489156	5.524047991286598	5.514298679918666	5.472234659482982	5.448435251546032	5.607898417828479	4.341642121017038
4.797788785418629	4.9625656213282845	4.66794815724957	4.990331288504407	5.239403644586541	5.258321497111418	5.348198913081867	5.330957241012598	4.975069647878297	4.586411268180363	4.746855210623362	4.943201021823055	5.092399312563508	4.301011636059051	4.975833812243092	5.326719877836107	4.776251601696442	5.426738112539662	4.37690974759948	5.253598906444196	5.5717353093036905	5.5510873645471674	5.601974813479369	5.404136349744354	3.7930986002117772
4.523388935460768	4.941071179078776	4.6885652730183045	5.248597048939488	5.1349555300631815	5.287001213567832	5.25107388820678	5.308252693815829	5.111044985466989	4.5690789689199	4.882963363732329	4.904043947481026	5.229343115415131	4.228783048893983	4.943893834901745	5.1170559519580285	4.978890859089489	5.446583615726961	4.786555782876077	5.157743336976737	5.560363491032367	5.6074763054622885	5.593418815048125	5.190863733675816	3.3621099470323093
4.323069611690488	4.995600362747202	4.624213819743599	5.064024753052554	5.167199930155259	5.312794137123484	5.184670310085599	5.192647789708233	5.125200358026015	4.5279306617121335	4.8262431511864365	4.807420879228479	5.295009524235683	4.3973236505590645	4.9879513091076415	5.151537119069149	5.0489310939731125	5.336229391570942	5.20664946668102	5.063982982918319	5.486888832073935	5.5057158222917435	5.59152894721032	5.265417631433131	3.2565159172761136
4.676137795334399	5.1440063811343615	4.707327147961006	5.183014896279605	5.209300030380645	5.0428523506420655	5.0276508674786955	5.031849417732544	5.286581126365913	4.5277023534872045	4.803981608644706	4.816669362398303	4.938520750236758	4.350528846637282	5.046092732417394	5.347798591124282	4.852653422587686	5.2283645801019105	5.145026251875513	5.061449290271174	5.504885456375412	5.510163432304572	5.65478235081093	5.506499904884368	3.35121612459795
4.663676447827561	5.1195496861715295	4.652122394473274	5.093803236182854	5.234164248689771	4.916178077758081	5.080446391625437	5.055993072484445	5.225898124505588	4.847226129472994	4.769749303618236	4.529648049198954	4.7992675318436	4.310355166787072	5.096744776856559	5.162256714968833	4.373257555974391	5.430953764581326	5.307927126005498	5.140152551543662	5.337338694713822	5.489872429731182	5.622624189697804	5.305665234316571	3.8052183302696503
4.679719155909103	5.197861518631734	4.605510481988297	5.093945665620048	5.218208515255459	5.004300144266466	5.023418895397017	4.961893521342671	5.228228710768503	5.1358448728934745	4.758219461782725	4.469277582984756	4.740206289302438	4.300692609895358	4.918764120887198	5.02117447451822	3.966624457972629	5.51456625793794	5.208707975618884	5.307368504964066	5.562584239466629	5.483953917931698	5.634148067939901	5.335310023002824	3.692178750634245
4.689684236629925	5.178750045293807	4.749488782115452	4.869263153007579	5.264823838998529	5.015316334777452	5.004155948872921	5.044159543222902	5.368923644361749	5.030661586439714	4.8352378321087395	4.842855906396431	4.60340949967999	4.177564751636169	4.766656581623415	5.056252396608369	4.096181128051582	5.630770212210153	5.3649715637205375	5.205986750344124	5.431889277722534	5.500655459812587	5.683550258061163	5.401863818556919	3.6977231040270073
4.91740510370177	5.216426205406682	4.782406474080842	4.916082969178183	5.233794345023997	5.267783160408257	5.247673869522109	5.126700457795694	5.284053414526639	4.9394470589068495	4.956340974086539	4.537664293081337	4.875276510354927	4.382547425440518	4.689563504992309	5.245946982865511	4.0976954963039685	5.596402929817735	4.4949090882059295	5.319038142834126	5.446738746033851	5.545120566981904	5.674438616617395	5.459871488581511	4.15904713366444
4.5099139974668025	5.178444486436336	4.653709341500512	4.9535826816624935	5.2919768384281936	5.46706681311764	5.296006084797539	5.232283519161506	5.297586648080177	5.369438928338791	4.855975339395215	4.421772968467558	5.040326076187234	4.294804151448424	4.766298677450483	5.476641816519737	4.64403940808502	5.58474520275372	3.91745169036183	5.321286009040419	5.396231506605274	5.518604348694099	5.604176073035607	5.482823937828525	4.134662322984925
4.385772072052193	5.163475911377039	4.762813260922122	4.996059850193176	5.360930670657891	5.464133384578747	5.13313905573943	5.1553923670658	5.206090265885577	5.281147918521049	4.882074872579848	4.365029333783409	4.980600165601422	4.33200471411059	4.930650319269262	5.394899614302751	5.233463617229995	5.520325778019917	3.8159069981360343	5.446617401797942	5.245362626192767	5.440331151327148	5.622442780977069	5.318719768352442	4.305391570344176
4.140706358035848	5.05907199803283	4.821187420977774	4.802142579451545	5.287257984190908	5.411540727006643	5.1264664855566755	5.052135795052716	5.1795371326777335	5.263484533629949	4.95258605181071	4.464725029385123	5.102796331514926	4.313983634092338	4.878004256561475	5.247490040375716	5.275637365025387	5.607509443567927	3.596670636454864	5.4112553485204895	5.3455112411691434	5.48280233846685	5.6850401295955395	5.3601597444304065	3.69048546457591
4.31841797850415	5.066860624212134	4.82825100117622	4.500604253256158	5.347748689195641	5.356504990429687	5.212721031516958	5.005282534688694	5.109610075669602	4.973517181568531	4.918774222058627	4.649736189392893	5.034892965250295	4.271770289229124	4.882283037297183	5.245737030141095	5.234321531254323	5.608372831769216	4.032642560726853	5.375322744747515	5.53386820093478	5.52274343025624	5.623206623221603	5.264852112306895	3.400231188080165
4.262269546744053	5.078676038739072	4.762366507777351	3.839091233979423	5.299858062204192	5.3141059479277235	5.110511150841505	5.023000599827823	5.107714298117415	4.506530331282706	5.012320166040135	4.744504999593397	5.126470046670527	4.222892452969701	4.797125920138692	5.417651481813528	5.092512837816901	5.4505133171366955	5.228175242530186	5.488904133175207	5.5222376854373785	5.418120281478394	5.572417628094696	5.301889594530705	3.3580033612141182
4.598925322951961	5.070245116491178	4.694826475355592	3.8430487486279317	5.255485217434841	5.33994010645517	5.191654319427252	5.044987881135656	5.14788149981271	4.14169500577062	4.8816483027275295	4.7537579932221785	5.140703843236035	4.254562014978731	4.939509800662302	5.390323965210897	4.828099762884812	5.437250389534243	4.2386916439905455	5.392676403085839	5.473487113615557	5.462746568897216	5.549774184442976	5.322852821113166	3.2469078139135683
4.358033785510215	5.093171503658112	4.844352659986256	3.6261635422036824	5.1774626970438105	5.31864183995368	5.247472202139145	5.078456057499297	5.256910636461838	3.983731868057705	4.696132851483861	4.728499172705333	5.102118357558195	4.451709834614321	5.040451241176739	5.317894188815864	4.711263697551479	5.289298716173713	4.053771653668799	5.407073211306218	5.433681730109154	5.389811566799594	5.608377566865778	5.437563241282477	4.080213085666365
4.433877682613612	5.129498596850929	4.623355554290706	3.6106664965180273	5.234569740540566	5.1655376349808275	5.073426121144065	5.350777828708	5.192300676456172	4.204634948902366	4.521338841370549	4.977455934481128	5.15413438472525	4.314855541926475	5.147470222990565	5.26441902158676	4.785785338715604	5.105001769630407	3.5235943741310143	5.538953444073089	5.313428139145159	5.331539689204636	5.500202888592237	5.290464841708182	4.453951183481467
4.678861863618969	5.091954599659038	4.668271994165069	3.8561945449887043	5.27833991162775	5.191449048400849	5.218917867264091	5.254591122476758	5.1841614628316774	4.50635880921741	4.6218628691147465	4.795574567409055	5.09659374404555	4.280389141794132	5.267717664430731	5.389647268811399	4.7792498627869335	5.3215128525678494	3.52116495703516	5.473721869900542	5.298125588539844	5.342356541567378	5.487691512769853	5.268090197105681	4.27375406421743
4.753192744804584	5.082122430072478	4.691141743461846	4.24552551618634	5.429837806576413	5.212945309720084	5.054047338131473	5.238893405293456	5.163024631651846	4.776228875546415	5.044746940960845	4.397502694907414	5.195860618185266	4.073534320849693	5.289698614740905	5.209881231324337	4.737886212652832	5.483028792822522	3.5141942774468005	5.47467513953914	5.482138161188024	5.2809512500719284	5.5264269338294945	5.171591390217078	4.473122159708803
4.872600000779871	5.038430352262735	4.644042218896981	4.141707204914838	5.386323885777413	5.133422775940441	5.163091226153954	5.1805040138063045	5.149681859786195	4.867438392218217	4.948666545447159	4.414753656074301	5.260049582272361	3.975078493086312	5.289915318611398	4.479304937821201	4.817978419442877	5.418158582518053	4.1657791707798415	5.551701272038043	5.527451660061026	5.330024100008021	5.510213716175324	5.310017429633827	4.7754589988372
4.945375740750231	4.923760358937499	4.715164184586711	4.715092446642861	5.422696016270125	5.212025240294243	5.11188683850868	5.179007223885125	5.098294767066843	5.214930239791747	5.054109493604041	4.394289630998176	5.331111601534193	4.0877962553973175	5.304533868185959	4.1676154406491435	4.861570392164211	5.496600538042999	3.7505217284102295	5.525377221875081	5.6221506736987825	5.418342865606778	5.41615343941735	5.413900859721352	5.059713780499144
5.072026942006907	4.939500460500124	4.7978378644685336	4.961052414512412	5.465916138832794	5.169440874266177	5.077386453421732	5.0910716759605075	5.137694305839578	4.633697993429035	4.944060329854533	4.2068872745949015	5.43372955363154	4.124630203145742	5.264444908302925	4.704066736700554	4.704778149537255	5.593979166967042	3.647943081018997	5.439985223487352	5.596092835875456	5.4724935961028915	5.458380611171151	5.413624156412006	5.236319031877943
4.749899804844306	4.993795264707492	4.869752247986319	5.013715971281976	5.457474304746396	5.144725372143	5.196150433205459	5.028575910747143	5.179289964325174	4.336505413995796	4.942918208012452	4.76951677722838	5.325414570909598	4.2501668414009535	5.148022644355027	5.21390155164112	4.563226456584559	5.634197582053188	3.8291099876045345	5.492078857380438	5.420765977700079	5.569701277569625	5.529341036620254	5.44961029363111	4.097344997049217
4.731822737130428	4.951860792403551	4.764579865696482	4.995773640326316	5.403404140929129	5.2230490620372	4.955198845772237	5.0157788904092335	5.085208931574106	4.042093290332383	4.8703685907327	4.569411766914385	5.2831543411659645	4.2174712493369855	5.096890153435946	5.5043765592980956	4.559596379618479	5.63572865307522	4.593930371492021	5.459050542729493	5.412726454180868	5.428946567262878	5.592970978289527	5.377220975164138	3.748940232876289
4.5974717053175365	4.975147182041189	4.535474079815925	4.8690758113100525	5.297995895372639	5.06728380447929	5.047145232325758	5.169459564323332	5.119747603870325	4.157052229793322	4.615938056861729	4.53519112419299	5.209844401194515	4.1129747094259566	5.03247933009039	5.508215769043243	4.529011567907431	5.6693230450263	4.387099337631485	5.457305460986279	5.5030791794478935	5.4293632795950275	5.569773815955147	5.169480172465259	3.668706944281439
4.65593433862623	4.989097127356245	4.490713652428765	4.725096700942612	5.2714982798167975	4.932879102317021	5.053152108168919	5.263404403129267	5.099599580401913	4.498110999846943	4.529611967028883	3.9783103362655887	5.128632314603888	4.014943964907651	4.975738638577248	5.366869331647058	4.661735809424338	5.665929131930843	5.16785262883814	5.6493316756676295	5.461352195085877	5.4214431553415015	5.627624873171492	5.2477696001363	3.5741846016004244
4.902712469294776	4.968468957109415	4.435876028963132	4.471733439832772	5.259181951969895	5.022277956879526	4.768617239309168	5.339232487178645	4.864374305976423	4.930987178404233	4.613232315464901	4.020916247407644	4.937565144857606	4.098454770289007	5.098445768346756	5.361285572614704	4.788662583215234	5.550884169762086	5.196819419639216	5.556962830808421	5.584614799413705	5.424602585468878	5.6055818446673324	5.10534085008461	4.643159857922327
5.101123742392979	5.170088361269019	4.457025082652791	4.661533199811882	5.214676598689987	5.0816729973356844	5.157831580514431	5.394405884677225	4.882997824531393	4.465914352675724	4.461235325903033	4.6944818703077535	4.927459749272176	3.981027783932767	5.041220892407885	5.358231281473755	4.82436591062752	5.590343580251081	5.3915088986622965	5.552497213825992	5.416456808659493	5.432834175220056	5.66375300867826	5.20902301647077	5.233388020504602
5.086482601812805	5.230622211884355	4.498865605833574	4.53607366722931	5.203383095818768	5.093106063020056	5.214119682321664	5.406945817422617	4.839752211775251	4.207712300223537	4.49006329634909	4.47769747741585	4.953281506682228	3.959806123976203	5.095133564039235	5.149217951150886	4.387199357195332	5.59366715641127	5.488846045021854	5.360185932759931	5.233300422697643	5.412577625337348	5.60771165715071	5.381369371176204	5.079602823707499
5.016077687324645	5.311366427610085	4.471378266049189	4.765703384220602	5.253782120373327	5.061349877162651	5.045857249992704	5.344914355167151	4.703488317925921	3.8343269497460204	4.78496322224113	4.953775458584281	4.900730778695829	4.0025307945142545	5.18608431127782	5.2819969248218275	4.273284907707457	5.5571215777473	5.514266615638617	5.418757643817513	5.168892098163688	5.189514232764519	5.587233853846486	5.17050853844522	4.841820442845198
5.0004519996731895	5.421564739606272	4.510982328822566	4.87221362377314	5.057711379881362	5.179362558266487	5.2892085322533156	5.376789658547127	4.853390614459046	3.6280625054160573	4.950037923272658	4.70704477876429	5.248921248006605	4.1526375583546145	5.172873470640232	5.274121698379913	4.356385141789494	5.700525033106537	5.538874221772287	5.442916657103022	5.273668389779683	5.164831244077206	5.501216284745346	5.303552277390743	4.779192090553827
4.617661164893359	5.294109648731141	4.619058641114925	4.954707281857736	5.039227688312179	5.103608152144166	5.363193967548493	5.267866533156649	4.962275834838159	4.055748513848253	4.893362281303295	4.729153305183368	5.164074084839869	4.182965390634718	5.225458092866229	5.080744064648209	4.599180982048054	5.708242232196907	5.621450508190445	5.401922751536727	5.324398054563717	5.238008643254593	5.5233069205363705	5.313795327242771	4.358637791677823
4.894714777708739	5.28061230202133	4.694661239067276	5.1025238633805365	5.171659292336265	5.156048984236462	5.3286613725541185	5.304318657569756	5.134924292373543	4.61595275669084	5.024520467540842	4.542378650576802	5.176497109967716	4.135830651029226	5.124400620933399	4.828233614541643	4.709279433977966	5.673932556193953	5.505062883013475	5.453202586707636	5.304124555777419	5.160215043914838	5.56085297840028	5.352216184117425	4.383301470904156
4.834992746190538	5.277175418849883	4.6943948123934875	4.589214154832891	5.2829189846494895	5.151866101693067	5.413748062421816	5.312647584954633	5.151800023317302	4.816318920837602	4.875629739070921	4.318364316008125	5.220082079982914	4.202396212932273	4.9944956719553595	5.0142900801577035	4.888973277552173	5.709957507108584	5.430030763818556	5.518470233154091	5.434645906349886	5.3200283368484325	5.589150845589837	5.414127053910261	5.177930335096281
4.528455702345187	5.310174937595355	4.641062808040785	4.5837172125329015	5.400070847569123	5.195113671432337	5.474844659627455	5.291643166161216	5.0622697180027965	4.960161022184684	4.839147496312674	4.465879130454947	5.193949499208412	4.146440900334685	4.808351560984542	5.591981971276346	4.673997342336035	5.677750991433864	5.303782188403738	5.488273987406442	5.414386948850907	5.303491266752362	5.684090445149817	5.464775396650783	4.85771974417246
4.0477750785829745	5.347736574488728	4.699489032501932	4.742813620214119	5.497350115625169	5.335957174966786	5.3998222018679005	5.23245656823688	4.989251715192024	4.412196188819223	4.750768935636377	4.476667135812733	5.263835926898111	4.160762076168077	4.708461158666667	5.525293204393144	4.301753451109602	5.6153133870182135	5.1450084569878465	5.614672923469681	5.488371809473009	5.211272109281027	5.676359452394472	5.462879920466214	4.421427042502788
3.9235464111932137	5.411111716540605	4.726891336379413	4.602588437157589	5.378114131617456	5.2579823259561165	5.448653137713651	5.149721493928395	4.94789649365572	4.360546245792643	4.563097763221349	4.2411099846859015	5.287623839035936	4.280569277936032	4.99621779486035	5.608462272090264	4.082986207939788	5.737101709065374	5.029775977630247	5.540218180920841	5.372315880181082	5.263520853339534	5.628990654411679	5.502118766199649	3.928107969256678
3.7469739115248024	5.203347747780018	4.8726010642281725	5.059952116265365	5.375391287633674	5.206967249173176	5.2879297274513295	5.223875695668878	4.953509546851966	3.918549516009405	4.851739966855358	4.396340078424682	5.1818909895232315	4.284393140280084	4.80099805759023	5.591684144013945	3.9508608024842373	5.602574674785419	4.900014468383252	5.452101084866897	5.203233602202222	5.335553184929229	5.6058038430486326	5.301345685698335	3.1160917278511007
3.6072734061137033	5.130362624705325	4.81373632916234	5.162751223714616	5.387150288145111	5.215618055026582	5.3920228702199955	5.37317691010833	5.057625470371738	4.199820484948857	4.8928693342151375	4.677209031505266	5.050204466024486	4.20895320645169	4.836399355042982	5.3056543471945705	4.335307055259094	5.706035254314725	4.795717884758899	5.46656299954158	5.493993191000801	5.364943025101736	5.560245475403573	5.036272179365181	3.1741555306145557
3.9960552519754646	4.985084712071641	4.747791827441047	5.187800854557834	5.427830026039481	5.268774723939797	5.487385348834695	5.285163411657684	5.064173599546411	4.428728924974644	4.869080100085452	4.233163407384716	5.068427824709111	4.195154131772555	5.05243120602687	5.141283807314426	4.680422033449204	5.592184830948935	4.84037895046272	5.495290077581925	5.420264041505251	5.4935578378298375	5.512516569758872	5.03520738957059	3.915719152434898
3.9256494754555917	5.0254158106840645	4.774295051702269	5.013371613380717	5.4279021888164145	5.303349988646324	5.494463075293307	5.331771061057275	5.129931743008781	1.0409802824101038	5.14641385668463	3.9919630514793263	5.00581999887729	3.982771086826678	5.058784213309702	5.261263513662646	4.975793231112891	5.4839057169914724	4.911140390605051	5.463179095585421	5.363022277717335	5.493183760694151	5.557744820142279	5.194000278601802	4.020378939840292
3.529259017135265	5.115401021431309	4.765888846333113	4.938582831801045	5.278848056312608	5.322206374994915	5.49974102441772	5.210145130048196	5.069217545611222	1.1585455428104832	5.0509909825984085	3.9730546096886825	4.987878290062234	3.8983090100240134	5.112751557953698	5.410339830059485	4.888446544386122	5.556249399969227	5.343188641947829	5.488743145456784	5.482902244735873	5.472173365582273	5.556269735364067	5.554235169292857	3.5763549429786363
3.891893636488634	5.256079688461787	4.891468694227263	5.0134063515384275	5.133836845596995	5.284914357897823	5.4976004193474814	5.134318527732747	5.0981006765787145	1.418400259504284	4.983141778861964	4.038594872727276	5.274434262752776	3.9084029342440236	5.036437855584336	5.472869675757575	4.672274682005698	5.388272285142106	5.336063280786624	5.454126882981858	5.477371476917159	5.406872710899236	5.690401945371137	5.609413343933103	3.1968203369086887
4.12029059567466	5.363744083851102	4.819581782993016	4.949617930956421	5.324701438587207	5.3273153913960085	5.508083849008064	5.2684317048003155	4.92037444469165	1.4560988181643113	5.040041432719529	4.416421156965218	5.117444707410228	3.870808330336262	5.00489878267418	5.3572309052451885	4.687890235137585	5.633932120962689	5.171804074311143	5.422753581114482	5.371194103111615	5.309791933450603	5.616155844039951	5.549392130061099	3.3094475258392686
4.336545507973332	5.331591486724689	4.736557106108279	5.063437334098393	5.303819729356009	5.248673756892533	5.4984867653730465	5.401271987996782	4.845900908224463	1.4583653879627334	4.965191100111108	4.544066348129848	5.070811899126249	3.9012760883649813	4.980028382987038	5.350680931532855	4.68100965598647	5.589298648441046	5.221873008847277	5.469146345426299	5.491377933155582	5.318507268775235	5.554905474079961	5.440488493413256	4.022631592993527
5.070166843485396	5.431502143193644	4.894248297786706	5.180645934393441	5.324947820611753	5.396736687804555	5.410953171054546	5.42990920206874	4.729908052379051	1.4945530144369283	5.101760017805363	4.861427146364892	4.939339786633248	3.957652924678854	4.804608848202224	5.326649785916268	4.641773088561472	5.491469605068408	5.252454201053005	5.6210443149804545	5.567437450277787	5.293108397929836	5.504812407934543	5.487433605687851	3.431399955052749
5.110953172976371	5.428736014773608	4.699933757637369	5.250880278862118	5.341729987608506	5.237960264295331	5.271277797128683	5.413946752576357	4.752436414575317	2.081638165717345	4.853508676945213	4.723001242910383	4.749842695336059	4.168990784649714	4.922349963382442	5.435852037823269	4.6547540786154284	5.603375528210227	5.096685753195295	5.650969325027323	5.582432007264833	5.386212342238779	5.561604472560379	5.559460078245382	3.6794713014328826
5.156996058608578	5.398824403302362	4.720412203348547	5.178375616709666	5.137524427802771	4.925362651730366	5.454401071253267	5.219710251826253	4.850783830588307	3.3480448271128065	5.03262188153447	4.657877280684833	4.979727061892255	4.260982721852355	4.814272721991112	5.328554858693325	4.742065851029989	5.695966152514373	5.345061190528624	5.72774808340528	5.607245040520738	5.349540540376294	5.521420207006282	5.419237170304083	4.3513678804346005
5.245892872926043	5.295960807141347	4.618447373211084	5.160056602570163	5.023479064029497	4.995443454069091	5.570072297898631	5.094802741082782	4.838872564976566	2.43471810931328	5.124492502810716	4.855587142630765	4.901340980589241	4.2433465906045535	4.846453525859673	5.350929825379698	4.768843742771746	5.595845864188462	5.514734666756497	5.554927710120463	5.634555149791843	5.239638213956212	5.426181601627104	5.377200387415755	4.47691377122112
4.451894219885132	5.045667610524356	4.3607011929621615	5.18609409110867	5.046944521915518	5.2054179425813505	5.466170634720727	5.072913824297154	4.836715858231858	2.8180673723079805	4.885552688719149	4.83475393360008	5.092501610186558	4.335567264462766	4.7917564018025045	5.510333843081911	4.849191831247427	5.7385343286661294	5.387571470660837	5.639569412945221	5.557405487650144	5.314000603217359	5.461050018384482	5.491867905262615	4.089107706926266
4.284579842993443	5.060985781417682	4.35307482095934	5.3099540315105545	5.010691972603212	5.392501923242233	5.311789390970953	5.138116690735895	4.780485232431902	1.1723192518095582	4.9425434733742035	4.973864833656307	5.038250848633723	4.505613528286892	4.930958185014521	5.416772964528609	4.843834201478429	5.703675869190268	4.950305233877828	5.7154313726172665	5.612434568722259	5.4999105621007915	5.41260627253324	5.231391668759315	4.168939512450488
4.296901372429094	5.228487622261063	4.384141518168501	5.020860496423493	5.163938926587437	5.35094128130718	5.295775717328688	5.114635899662288	4.819131114352836	1.2433796369617922	4.875667025693027	4.944732053309286	5.194459845523266	4.725118064354741	5.026341711289326	5.244090990536195	4.808206722794558	5.594752424940839	3.8361440613966944	5.651695333907752	5.634993131402909	5.4939402016047465	5.46852192718124	5.353433291532843	4.923319437771767
3.8818193139886747	5.122830838188874	4.16430646206458	5.0649855778659765	5.219120119949135	5.250833135417638	5.335862606058807	5.212563446815703	4.8369998564112695	1.3116762259958772	4.9040520301278345	4.899435967243878	5.2186109717815405	4.960424378594546	4.918089428627909	5.114681724127203	4.742799411690861	5.62894445321898	3.771566903570334	5.710620525045021	5.518680600031925	5.441830412183927	5.4090019635050295	5.344585846227766	4.809581657995485
3.7998316524555817	5.1384853521076	4.152573323387594	4.957446894731406	5.241864306291837	5.197889376990732	5.370141000533998	5.294089247825749	5.007766354748049	1.2220934383291033	4.951106441156906	4.392879761670397	5.315365862157671	4.940872954840781	4.988243625240222	5.403919607482352	4.697277116085496	5.352952067520491	3.854606031721226	5.610054735647224	5.448024706105586	5.3885087213790275	5.510300247809722	5.41777467948828	4.740169883628108
3.522657855886405	5.232477092963722	4.368183618384424	4.999615130096042	5.2300722157632515	5.180517755820711	5.190909579435249	5.268193244600572	4.887404495416676	1.2964371042697245	5.099171055398764	4.151841612960914	5.305513120762313	4.828369460281137	4.84949642469341	5.082635473848539	4.73580123344376	5.409913023845199	3.794337838913232	5.6550312802442155	5.49835923906953	5.323353134572058	5.635416739837646	5.48220123575446	4.403931660922466
3.198819002462095	5.353062828949357	4.323687931283043	5.0241931057377185	5.202015178967763	5.264455988891727	5.132315370651878	5.274133768519995	4.964922920557612	1.6003851345979332	5.043079144809214	4.271164875218218	5.355079116980793	4.878132875110001	4.704888268530015	5.0703333111316145	4.6688338530489615	5.309266914223351	4.907520368570783	5.469518116062408	5.594427356971275	5.195100892592152	5.690847808004581	5.487087461406559	4.4085245571634974
3.2197518368564775	5.306943398908575	4.426373786735518	5.1480298379695695	5.331269946966583	4.940337434295955	5.098627729846843	5.356081039279019	4.892248239900236	1.5312732858934965	4.943226480413952	4.475554106167886	5.246177492335255	4.819370196910751	4.751170481664843	5.516857652962835	4.6556769071324675	5.053305565745925	5.386613737887596	5.5449363072749	5.596551502864164	5.349387728794468	5.735494802416829	5.420683007249285	3.774209697051739
3.444689320672608	5.239875364991366	4.5227149021126	5.061306692090744	5.266700360709816	4.822516374716433	5.147712915993045	5.375926348201301	4.86151085502681	1.617939055761688	4.894821481253728	4.744056528864718	5.250394900208347	4.772290108051645	4.655736935836775	5.330965770889353	4.665799811908662	5.2746264048152565	5.5268455821771285	5.6028957857382755	5.4896108207136605	5.484787022352563	5.5839309086991715	5.221246655925523	3.9715944677967014
3.656266675701388	5.309001959621505	4.5650705053540115	5.082183498583605	5.356890056868271	4.893968864344479	5.367385829210931	5.466760138529652	5.1042286371217775	1.9922136562770958	4.957456987421794	4.794555963010842	5.193887705777057	4.65589480367728	4.871648363420619	5.204299017475959	4.747851892390453	5.221512781395256	5.5031662543529425	5.68999226748497	5.492257842803796	5.558605309396338	5.660093334299308	5.1630068870687875	3.89366387224562
4.291637659987619	5.2656896170901435	4.675014567203975	4.953532244322669	5.317285307674955	5.179463699357614	5.2060337765656834	5.315529129418648	5.117378216366061	2.1442301524383236	4.781256704971365	4.750230254317551	5.198841723480726	4.6683705305639425	4.832586050512822	5.247199180090538	4.822413708657974	5.4826011316240715	4.654921082344356	5.736635989884368	5.431377059985748	5.495043672344761	5.626763789153927	5.285331208113246	3.4288648109736313
4.354710185244377	5.239614345006538	4.703609324045278	4.959398949894175	5.251192420803026	5.304628967526779	5.315351940152198	5.138917770170913	5.2097332186592356	1.8232387811587185	4.704803365327496	4.725926945473284	5.2061822439046415	4.176481286465773	4.770440040687636	5.107499328928647	4.816436195262115	5.513257436469157	4.165536388280452	5.663275385650962	5.421779340070014	5.380335075119003	5.647798504661052	5.073825240043741	3.5308185633943894
3.854363785272489	5.186233753903354	4.488114885565352	5.109427812460024	5.253179829560639	5.422237049441835	5.209967330145331	5.0677535017642015	5.132314341476607	2.268554310430867	4.694929428054958	4.789616611074995	5.103979648429141	3.8038888893448686	4.897952578755152	4.826413250748473	4.82240188736363	5.596325194027607	3.228489999004996	5.559803759107354	5.407773938141483	5.242210560148317	5.68902113123853	5.332791226428235	3.4153936019648876
4.030992865287365	5.159485569756444	4.268716306873141	5.269823528286823	5.269889900452236	5.232465490578868	5.253182896520783	5.063859991377973	5.163692327480923	2.2521485577196545	4.681376052731629	4.828473443480021	5.071794688353457	3.71441242137552	4.959358150849518	5.241060021217269	4.73409572510751	5.512235531114538	3.1973015860815566	5.6502478244535395	5.475185596068771	5.276444147058806	5.721937296403322	5.373473944859189	3.9142568321119797
4.043630336250238	5.153145593261945	4.246179842168381	5.074354051209256	5.154654561522052	5.113985106705265	5.308321883746759	5.083903517832854	4.873907484982455	2.8210298255932518	4.80583193107856	4.8603559426357315	5.057787633333839	3.7518554035429608	4.912875749609558	5.379185976658418	4.64972861333224	5.558521429945582	4.182868478690455	5.567035384727938	5.552066759999061	5.331345202518891	5.670712887358887	5.405093403782852	3.468206931510144
3.508246605235616	5.182266914269696	4.276371284140198	4.719714789127586	5.175042772702278	5.032505049204788	5.287039819628413	5.318003360437023	4.709432660935597	3.4142525595964814	4.9274678446498505	4.7800330549331305	4.999053218718128	3.93197529327904	5.0564137183708135	5.11353950934274	4.564170435683982	5.6062404741682785	4.346898530312387	5.620707208656916	5.4010646357399015	5.551718396446465	5.718987681893154	5.377434299436738	3.5447143529556744
