5.260787748425547	4.2632165474263735	4.490317426339647	4.461482320874775	5.507265162534525	4.917808562843088	5.2669064312196445	5.067347493007143	5.216600712495563	1.190733502557788	4.459217785274205	4.841299482632823	4.9166363565499225	4.8934371183493495	4.799544212147742	5.568761589205923	4.26616718871279	5.567972489025699	5.439859904036371	5.190342405511253	5.459168663925107	4.4181317766035555	5.648526847456439	5.225688454213711	4.906289757323865
5.22218147141902	4.7741007969470095	4.552932159685339	4.082299509937933	5.446020399137432	4.945976023058293	5.3725963012928535	5.053634119025453	5.16716857676325	1.2855610138166953	4.932843860830005	4.784324038719519	4.944767829130169	4.38845471775233	4.858383188807122	5.532213832295659	4.745148509691724	5.565440324712056	5.279489548488354	5.240403154523097	5.2835532267972125	4.328067298650557	5.651481424778718	5.210261219266665	4.968121263712045
5.300691842683525	4.932098702254587	4.6131804651186625	4.32659413601037	5.40262795623339	4.987814080731754	5.333098172521731	5.257895083808773	5.1560739079374684	1.4733717810852096	5.258438943418763	4.809806687889393	4.909668366202893	4.077773653198005	5.08076709906868	5.45052857072698	4.941546409099009	5.522104056830246	5.293574219470349	5.0160084496075195	5.370625452858181	4.703157153274542	5.567900474563035	5.198516067381291	5.114230886818564
5.327818093943155	4.7812080138363	4.58908988206736	4.457521319553583	5.224506279494266	4.645822022815158	5.457382751451826	5.281457046243829	5.252424552453296	1.5489605803725803	5.244988331075185	4.841485444323394	4.834270887399225	4.042113851419203	4.999076309333336	5.645321636827805	5.244955242701082	5.494040081588199	5.4027552122517495	4.545014145352429	5.419438126848426	4.513437557121066	5.673995068794073	5.20592027957078	5.12690196863301
5.342081001554033	5.031956120309886	4.701610487219221	4.702228978910434	5.290403595996898	4.526379509720652	5.392280296520133	5.115495208080108	5.357001328792171	1.8692282511080862	5.334724135575069	4.80660427209955	4.808164720185049	4.174187734346523	4.717407181615959	5.71396910727684	5.201434316653615	5.601167345045931	5.456314353150773	4.645406857151307	5.6970111643317685	4.775123093913978	5.63411390634588	5.216159847979782	5.27696021426756
5.405349014529689	5.041214548190113	4.826962308813108	5.1340778613636875	5.306438126179249	4.800236830666317	5.4453251549291215	4.857344848947057	5.411133508210081	2.0521598129326843	5.1703327246406925	4.848652893252486	4.777024675335612	4.70753287890628	4.777133841344259	5.735339456193344	5.3023126239275635	5.603708018675284	5.573027442257546	4.620262051333078	5.785446173220059	4.946750426264031	5.663847084740361	5.318906277936852	5.245913259582596
5.437433256359453	4.768811299087457	4.798574819300433	5.084878232513868	5.425739148616678	5.051590924755192	5.561852103142856	4.89236667710317	5.333433311411262	2.697936232666733	4.970722976507037	4.790772713442632	4.7843996334581504	4.975768873401637	4.822486410639579	5.664821670334087	5.296534587871269	5.594890284192065	5.571773789739101	4.713556654053379	5.7146740919554775	5.056424591271092	5.661742009088487	5.279642310272577	5.239751885817565
5.462113212097787	4.72918880411036	4.819755310193996	5.041559836760302	5.516517448324191	4.9947467688336715	5.5031238476427475	4.913256041447709	5.358594921675722	3.2641733917642233	5.16148974712362	4.84251265958091	4.963205608790285	4.951082995115866	4.808350617033827	5.5976999659749715	5.200074389546376	5.594939441307082	5.491391933261543	5.2798787226959005	5.753603415055835	5.057333775748548	5.66258171808207	5.281422715988557	5.251407141071586
5.4456045428884385	4.707755489967838	4.820039373523479	5.103576647843735	5.541415075978792	4.883638196858091	5.4966426256063015	4.946699408963335	5.343074716285885	2.919098950910824	5.196964675655889	4.891202920745173	4.991238431335695	4.738371894863816	4.695552293905314	5.656121285188816	5.202414886721285	5.582649551033291	5.460021197842277	5.148288514980568	5.718534664112093	5.049050145901619	5.651841686105914	5.223027496229736	4.708911785860585
5.4435492059836985	4.662368457776375	4.8933661566133475	5.13618829830917	5.437488088574419	4.257579959332936	5.510942623013781	5.16930363661784	5.4350151782573874	2.9043964349424014	5.076903545445811	4.820881048773949	4.98084507322749	4.744585121747395	4.855105863487744	5.55204609858294	5.142841257506153	5.520147393900049	5.351330454053303	5.200106946425548	5.728999253560307	5.060372099432716	5.666575660401335	5.295793404323135	4.379362642235069
5.35053253674703	4.427116201080609	4.871767719409202	5.159935527123331	5.413659699546375	4.27760772619051	5.470212166117375	5.218262847527906	5.380336226510399	2.7160043771316538	5.08605491235558	4.914900771135725	4.919588061949258	4.576252356220446	4.831657219317975	5.53143682283053	5.013704437441186	5.589181059744714	5.1983722548679125	4.983701160388437	5.717422105945429	5.14818850628572	5.686100706080718	5.274688312908609	4.142042060612513
5.475996656083028	4.208018205900521	5.038163712593842	5.327990136775604	5.477207301502551	4.444401674611118	5.395986887487296	5.264851155902382	5.3281826702477435	2.695191907525829	5.001190216162756	4.790858835745162	4.82408551522982	4.434889882090665	4.9548181515165055	5.373862180042158	4.971983074777079	5.589005413300128	5.121933883527872	4.9171890247977865	5.5796097079976885	5.172381802340582	5.706320670656451	5.302260476977492	4.245406303601033
5.40617137129304	4.471750793413863	5.006558764426392	5.243976774733477	5.464808319696752	4.314453787938629	5.37188888307619	5.129998286160046	5.168346372204139	2.2824629482840293	5.098663813053258	4.911358659532096	4.724531091052034	4.307368732227293	5.095033739208709	5.275582429073552	4.681605778283134	5.599357093499498	5.149270858301326	4.944074470055822	5.443037398432635	5.229793730978361	5.584724747033404	5.431209280604391	4.107117805074992
5.454570484514438	4.493171678289611	5.125532352966185	5.157264337605272	5.430057917431949	4.447305146364657	5.280675383035873	5.224634082918256	5.177867067728645	2.396750798755366	5.229401690670123	4.9101851894176045	4.627458460007152	4.396599720069329	5.047644928691326	5.359637452486591	4.68665690498147	5.499248681454823	5.130453732520494	4.995811382817568	5.366549633321948	5.312080689638006	5.667459895961894	5.314762707153489	4.320406816695761
5.397843268364807	4.621993950390165	5.231378685336748	4.976579281906551	5.462377742455915	4.589888457221873	5.2908092310884145	5.0501961337787815	5.163650305506684	3.0833245497075827	5.320468989010239	4.941703371700369	4.969043146634604	4.4055889522293965	4.8482149852322225	5.390902535087557	4.625303250700683	5.572714644071145	5.201698436306613	5.124404063328529	5.424927572257534	5.243504232073983	5.529085017778034	5.38724364001731	4.575396834202103
5.110476130741708	5.013253700512747	5.02771687991884	5.144811307271961	5.404447240820002	4.79280132328622	5.225575284035193	5.146662271980233	5.460644519009801	4.6136558624804636	5.3432223688581955	5.013260624254891	4.880231372197813	4.261367654210235	4.874284529035643	5.66790073165875	4.532528054643757	5.533646179075513	5.3843452036859825	5.072893766491616	5.418755898339108	5.195575051437525	5.5628833197482646	5.386001462571693	4.490914101936666
5.192112571193584	5.1428585197975725	4.91146731790828	4.984300691165661	5.3444421167004865	4.90895675215674	5.319855849207891	5.09337322632123	5.509296821008992	4.5633289893241145	5.005599635394133	4.9640842591044985	4.847896880018901	4.138796987910744	5.078174902949462	5.657910712111848	4.295047976271648	5.384057586366905	5.528871344097453	5.084044580438811	5.489705790225722	5.161781733826926	5.528959910718685	5.303031566374909	5.1321622444260235
5.183967122074654	4.997420684417778	4.82390340838313	5.077242306555762	5.415484861375011	4.864762306544972	5.341506080204951	5.025823147467162	5.302887474380475	3.9174418370532664	4.828481976923823	4.9110035882763	4.957439660643542	4.12713109076352	5.018368350197173	5.6639033368650304	4.06631463066372	5.266060139221191	5.519638810786918	5.238370122962045	5.59199490532283	4.972763155975766	5.59911450283122	5.422551087606135	5.065610704011309
5.284608551125269	4.951533538916496	4.701086028946351	5.184758768662839	5.411637977921125	4.967184782774492	5.185451974304867	5.121518553653684	5.378704713801625	4.511637610314375	4.757047500009261	4.80690643719605	5.0225337804753645	4.166049560915042	4.95911215114337	5.588221163550235	4.394600408349046	5.212379502284759	5.51996333391459	5.187161887390694	5.502613271509906	4.981651834998388	5.6333741291008765	5.365237262442303	5.138707937704142
5.397896086138497	4.919882194757295	4.684447840809942	5.067176185465274	5.438532934017796	4.945020161849432	5.199140154817718	5.257540576065918	5.346305694190666	5.009513537046672	5.035485680599959	4.790037806513558	4.4526701470913865	4.3071153559745445	4.887566977365199	5.666007784247309	5.17926730689777	5.378484728156298	5.553545303406622	5.181786867952186	5.5068269695480065	5.074586924792405	5.689432561819397	5.376781513363034	5.2585224375187
5.539504824669529	5.086756264477494	4.622812315844116	5.110204130919334	5.395391676756595	4.822560989003264	5.391905661760005	5.3296381558293096	5.275883875232746	5.32002508454543	5.032516541970818	4.772600554717593	4.377497169523314	4.665214781435584	4.861268293111434	5.69976827029055	4.763919210190318	5.404113507402285	5.4212389932538	5.168490175930586	5.590532553364445	5.0441418143825265	5.710317186802516	5.401178386065774	5.259897442741008
5.523751668639231	4.982461344132388	4.681445083065285	5.099820352712129	5.385207097072474	4.938139765025086	5.494451575387301	5.295217589063536	5.205207167106769	4.9698612422532245	4.723686527532126	4.821075256220727	4.300602928610431	5.104087029380186	5.070193071387549	5.7076451956799525	5.031717626598703	5.485075442751685	5.412833803397316	4.911229131528011	5.591484102819134	4.991509836525656	5.705105773714159	5.352100864676136	5.274339622924901
5.5316870527697075	5.190685129169077	4.729891786308756	5.063801002295148	5.435886363188345	5.0049635393187435	5.556836885522399	5.083412511502238	5.148207685385337	4.8033028759973515	4.14385550473836	4.933552669442485	4.46798928511514	5.05726888079501	5.031440514964381	5.691773078152053	5.00898701250481	5.450290635699784	5.456693381122767	4.95956220371033	5.543851189516587	4.9815993173886195	5.796984550418576	5.275437289382278	5.2351848199012165
5.643671828729785	5.03268415204506	4.4603341920355115	5.030992476774447	5.384664118784546	4.528060601166445	5.502482990489708	5.2622904792333705	5.134962270451897	4.468713265024999	4.27576409457606	4.789363648657325	5.036037144000046	5.107581285827987	5.23183365941402	5.566977132061431	5.018747294244892	5.394512512425053	5.3651259651565875	5.00512684899044	5.727823794203469	4.846254656228599	5.752234081093881	5.2594695100614945	5.0543212194162725
5.571297693046695	5.030336490692263	4.4155458572684445	4.933664023286211	5.478516210308303	4.702777630618444	5.406106656543855	5.294988288130818	5.175225928007333	4.559341992045975	4.162819179979286	4.723961231325917	5.029881854466356	4.992358160843321	5.331893400049323	5.532153264408435	5.052738741529808	5.37971853446255	5.439948783198428	5.175529466324057	5.715957607048535	4.675501106280535	5.824279908476296	5.262343261753836	4.810157593429296
5.598428958580748	4.8643917237556416	4.110038871544384	4.83022860370875	5.371777535749724	4.994451818975714	5.3987369511952545	5.066876622508778	5.245675029992859	4.465220299707484	4.266254396633258	4.636796691062326	5.062656924099461	4.966877781674996	5.387523481686972	5.554671147069743	4.773210284451843	5.528274600674926	5.433633862377949	5.206491637176726	5.612126046262991	4.744057878916123	5.779554645323698	5.302812023035487	4.749038380043374
5.562275619133952	4.968860737144678	3.7868242253787296	4.629791458948168	5.21640070256193	5.2784873638753025	5.251680872973293	5.202922510497256	5.170696102805951	4.354541515005198	4.687323453132875	4.592118907490547	4.904465546799199	4.934478979647599	5.3061089661477965	5.548767978788128	4.325857369181466	5.524186532538104	5.29117632706255	5.193268568621844	5.571930827476395	4.741429066818203	5.811118445997239	5.267194747733133	4.8674649473288065
5.471681501348282	4.966146573457883	3.6365662532613916	4.716028582179607	5.319919337813484	5.115730622384639	5.316242949755781	5.205355676721009	5.029109786239765	4.145356697905791	4.615119491759279	4.661534237523271	4.956921623360693	4.935991964654996	5.211745475145561	5.499651305171854	4.336579541480383	5.57190119724842	5.273351386819181	5.1525207319657715	5.615050338062612	4.788576759919521	5.733171727992001	5.267403975768309	5.3609015354293295
5.265870097692965	4.932484123920996	3.652104726610963	4.708436334975305	5.171169624059468	4.979111398053469	5.344292308285955	5.129324705666632	5.151954240501198	4.3376909527261684	4.6096686879853035	4.716567902675175	4.836758865237812	5.04354198462154	5.101968144138303	5.554026911318968	4.192559099791405	5.594931005675235	5.215440262869864	5.148514844713499	5.6742100473402175	4.870737031168135	5.783202067029556	5.125720101004834	5.389937375247378
5.401772698705655	4.587521926584023	3.9474237280395736	4.730425397227271	5.218321549232585	4.676451900682638	5.359083792755418	5.140821410835974	5.19331558491234	4.377491871905279	4.589050173580914	4.924037433685708	4.7832696137274135	4.952557130195226	4.946031074887506	5.706430430003376	4.7136700316539715	5.549746593564464	4.994399916293132	5.088907872111621	5.602574706964297	4.833212542569822	5.73390776072121	5.408803108552907	4.990983291482154
5.007631221004681	4.6850944078380365	4.3405556453621985	5.069162490292613	5.278614203803317	4.764477172460553	5.365683433577335	5.2339918433529045	5.215994984458481	4.4430559312093525	4.593229862091898	4.849783229082549	4.913222356883585	4.972807284295473	4.9626220672723305	5.676135708656503	5.256153308288936	5.530700981975028	5.108000195149902	5.048241405745996	5.625437340277712	4.967988188734235	5.713690977391372	5.071006209846728	4.106031419770982
4.742534399682944	4.758202594110801	4.438425395867214	5.115340947865314	5.2901458341343615	4.691848928348847	5.36848469040242	5.1725818774845145	5.450824190436262	4.4303246369342535	4.850858281242366	4.899488242982513	4.828552426207738	5.015315591072668	5.030145875430199	5.669802078938518	5.28385402517792	5.530215169005876	5.228000850528688	5.022706960575035	5.584183605694831	5.064412496670488	5.786142978931688	5.0339493688475985	3.9304549123587766
4.938832533892539	4.70845680643551	4.564941168809339	5.044673957810615	5.318309068584933	4.339031320976346	5.422519648335102	5.00546588996447	5.235088102138135	4.446519468883783	4.933511412971603	4.805022182563467	4.847072220681468	4.9407875973562785	4.848166447838461	5.646490178777804	4.966302971105257	5.487075938656846	5.30057397162737	5.049644853930747	5.52813516253773	5.132987596537021	5.754848059660025	5.194693483332304	3.953930480322272
4.873387729076411	4.478033271376551	4.527568843486729	4.892307738933019	5.374504186601836	4.546609094998727	5.339920356731022	5.183011880359753	5.310651817709095	4.625599836060184	5.095219002770886	4.895193426297049	4.996912238585389	4.784649212791941	4.841809604652675	5.598322221913321	4.198218226430123	5.459460927695779	5.473441142180499	5.171380166826192	5.4594639416173	5.304819718483074	5.740723284579873	5.155588162219953	4.1762309123288
5.009909899684879	4.601535513443988	4.619736292735277	5.065338690872379	5.435110325177036	5.064003256890726	4.902040531120867	5.224605010162783	5.200422384058339	4.928619169182731	5.124827195066016	4.790512272492452	4.918304425819443	4.879953379453412	4.773737311275503	5.661080258953336	4.1037940094199366	5.462307413473269	5.532434353659145	5.062544337907098	5.44214507814873	5.269768049145067	5.752697247095522	5.3211856733001515	4.824628935177437
5.273428321792434	4.544893345558653	4.547344033928607	5.00360330193261	5.500812409434557	4.726403631715873	4.786012738974217	5.329059556297812	4.842758694994842	4.924909581882187	4.80494467109241	4.884201416004126	5.014607866245942	4.730580701320954	4.816358355573255	5.761321652299492	4.330972062345463	5.427582835905977	5.544836972552247	5.0395031462886966	5.164798871466573	5.2065324316628825	5.827357132075092	5.29593111198993	5.133782072899689
5.339767903760649	4.4997389623456625	4.531667498148465	4.948696687684671	5.48852332436094	4.661502425062108	4.64590233180942	5.3195237273722	4.839707994468589	4.760993403307489	5.073508063175415	4.913618787481203	5.030405137822763	4.8621967978626905	5.107103742429114	5.668968639047035	4.4357385931990665	5.4954437590207155	5.312842977022402	5.116062533405562	5.202415727523216	5.291932515462182	5.791882161624072	5.279829249398937	5.081873173584541
5.319332202714069	4.330863486588891	4.509189123312993	5.0495843583414315	5.5443962462650935	4.7664003662727135	4.661084360861651	5.218145317153679	4.701792590643827	4.651096110044895	4.990220147523155	4.893393513192409	5.041139330132212	4.990507005059206	5.125100387468214	5.676757070846292	4.383562861506083	5.666702437164927	5.28163913172341	5.046966696045434	5.353621153995112	5.216580640701083	5.848826013273389	5.35581421157305	5.213489002950012
5.270414862181259	4.695454130525479	4.601381846335947	5.027079483080861	5.522289807550098	4.8805579599874545	5.066252920192843	5.216251841354354	4.846967776612782	4.71202538363313	5.110729223161021	4.883786624036347	4.918836539040258	4.673919569229001	5.103381588292726	5.650152423153729	4.202355070319302	5.621491843265151	5.242656958858508	5.070341618715643	5.428290274008946	5.163800823261139	5.691069537744514	5.319789184883472	5.225601030282875
5.251140048648257	4.701970894186867	4.596756541260161	5.140703547564468	5.539584216375734	4.52369958565862	5.3155112619565505	5.279313392718419	5.400137690947771	3.9714966554157054	5.3035192788170535	4.896520269495746	4.831244357151113	4.273200692787334	5.066268736733323	5.608744343366091	4.143262089857202	5.591291952328375	5.1130214433657075	5.073507084125646	5.379435425182434	5.261967660022385	5.659310381871564	5.29766906027647	5.3247778443671665
5.308101523291848	4.689396409105649	4.594513574528779	5.237728444761738	5.4996192732336855	4.677462629786346	5.349965901635757	5.314246427926087	5.293341334830228	4.102759794946667	5.322904965611742	4.712454755793591	4.745747660651103	3.608734684478695	5.154480614643255	5.634825614528876	4.380267067170463	5.4782982345711	5.242383002211256	5.0213603868449805	5.526810423809409	5.216643550228834	5.67112036437667	5.201123105370554	5.128557517668088
5.425161235699992	4.905521979079352	4.823358443902402	5.265465807551721	5.363566263257567	5.0553101538831235	5.032580838882793	5.284126458821642	5.246555300485168	3.7161979326782033	5.058694976096822	4.685530918776197	4.698944451905064	3.4733972303907112	4.952217197590111	5.684466721678366	4.9248079722444755	5.334007624007943	5.322961609792732	5.133462007915755	5.615067590236306	5.150831386324973	5.666019751557977	5.307526889009264	4.843255997894573
5.544020640470798	5.00027941259903	4.820014719462682	5.331270622013801	5.279599163568221	4.884701956602621	5.0740399099930835	5.311249295428094	5.352562359594888	3.147100373171548	5.123851956428884	4.67109429842783	5.227219437468204	3.418532601612779	4.8402896277018685	5.53017173980458	5.103223309978899	5.294537615658269	4.607927192888382	5.0363995301844025	5.409523562713687	5.175885069147427	5.794308170092707	5.123122855238393	4.916559844159539
5.515933354261851	4.91108881619812	4.6060171376362895	5.250637433367128	5.286843957338811	4.340676595080936	4.999768501224637	5.317675231003041	5.143575750083911	3.2001727511145663	4.834871876610347	4.6883385125426855	5.417281416351876	3.8557153185810913	4.692877947078161	5.518510942617446	5.17281813346876	5.351359662639502	4.428071903023816	4.994468958750396	5.453375771749097	4.786804242162358	5.67515061065944	5.201284950338982	4.64874642605137
5.404972455291623	4.91682413230711	4.6056319727070285	5.309011017082437	5.348938951679991	4.175607342965796	4.784212306538171	5.309572255731269	5.312647472084174	2.9587642871574986	4.700743728427378	4.78988694713616	5.314384845529389	4.480489858474766	4.597859784600453	5.534942861033289	5.129582654109558	5.41072280520324	4.402029447217577	4.966045346280227	5.309787387413717	4.761541547003045	5.699545888935097	5.313826346265312	4.687370882350897
5.359040913751749	4.996238800406824	4.617978729428293	5.313685197255353	5.286511131383349	4.716154666943196	4.85741674683311	5.304856697043516	5.398454635695434	2.9080913332123317	4.753204565217225	4.728288876182704	5.155352449840083	4.5778823985108605	4.795265112433653	5.517253725279257	5.295879740126967	5.436476889413119	4.670083638731758	4.910574296600505	5.518240263959271	4.906581747119441	5.6400033520828305	5.286211358476175	4.98987926652184
5.369421469163173	4.857602515969801	4.684620366066959	5.264993723646619	5.321332275076643	5.079979825203963	5.125286636269564	5.231628813394803	5.394335574293717	3.321712304631821	4.415167954725993	4.801552121436014	5.2450554458731675	4.483590641368071	4.891490755969961	5.635548860083446	5.201554171002097	5.525437744035955	4.8493090282990465	4.88675668601552	5.536451580624437	4.966387182257964	5.7540674581123685	5.458942812035203	4.91277996904244
5.422103871878728	4.809154948115577	4.781166026155109	5.175747749996488	5.229543669662193	5.051755787205473	5.133265085812164	5.0513577423338925	5.454025344372929	3.217872310551292	4.504929218796845	4.8002956622580495	5.192769828879498	4.530592096864711	3.893454627346047	5.600466653813296	5.176453393045132	5.506364380929975	5.408464610696264	4.889343438457692	5.420413886214801	4.824925973929769	5.79288426662056	5.4602958911266954	5.141749850720159
5.364769801514944	4.965856775371732	4.897147737238546	5.15318364851904	5.297940534171725	4.908373158804975	5.195635261578042	5.015433650396053	5.335249603062882	3.850458830385956	5.012054170043441	5.020224086020942	5.24741902798317	4.747717940877611	4.037964628432365	5.567938630031233	4.852468448961867	5.435300719073029	5.616281023816923	4.861955419757829	5.462816115316726	4.597551819661536	5.800064139596998	5.477098599510771	5.229826902789315
5.415045076005931	4.948185133186719	4.9145316954372165	5.04256440494386	5.508530985194597	4.085193327620425	5.304860846207939	4.914471145974399	5.378550532824792	3.736672646554394	5.146212433267413	5.088751600113493	5.04424586871362	4.6987546862796	4.146180363197494	5.729134273740642	4.76403442693936	5.416479690912774	5.644403682993961	4.9070740212479995	5.391124117966745	4.645723726912177	5.59562933489186	5.596507541857888	5.219852360606385
5.451956618079167	5.116917209879051	4.844910936047536	5.07857112779723	5.474908179471509	4.010723701256396	5.346031595861847	5.028859637936902	5.261474206151986	3.3501171904916123	5.395541946435241	5.132101112617459	4.873604231135264	4.836901786607829	4.230164999564459	5.778268604235717	4.814131073990471	5.45671975153433	5.313605729893976	5.051852829233539	5.336039980681571	4.796241246593605	5.719290133081771	5.469291098003428	5.436138553481095
5.406910626089513	5.060920244151141	4.762588401653971	5.09742838359143	5.570892934627569	4.03048960337964	5.379071622391152	5.096240417620786	5.186627533021674	3.5054769161178387	5.356346066271583	5.162292962748587	4.855785557012069	4.870412977087195	5.09808904511361	5.742781440123017	4.774123775498556	5.481673707066307	5.255874719774766	5.076247037397568	5.398515820279413	5.143077722707179	5.66672900957691	5.362800364828237	5.230426480637677
5.423441648929062	5.179522950699007	4.632381037205797	5.0268168221807255	5.591226941789049	4.0035255941245635	5.44579492941472	5.142653773637988	5.20941249893311	3.3671442011774335	5.357762308587919	5.018800207764025	4.968393171602267	4.835844991040122	5.215667474726408	5.712662568132366	5.171360098104335	5.569172394665417	4.907116210993832	5.185502967253051	5.438876880230622	5.284181474757301	5.7020175648453755	5.397617599402427	4.638893097920166
5.508511217974842	4.891333337229194	4.779624940048171	5.030524544291399	5.488615983998244	4.679067154195993	5.47081636527034	5.101845087617562	5.125965948063554	3.441676152049485	5.1138460422517005	4.890694197306422	5.056847850968433	4.839786025891696	5.239800189339247	5.6590187741548945	5.167456752873485	5.572004033402502	4.973043456881227	5.278202422263778	5.540826365431049	5.322371180819268	5.679610234122623	5.33624940507258	4.18229776684872
5.3564929683974745	4.820587430750532	4.817109211854401	5.1951842732510345	5.4111531078823685	4.952563419373847	5.438557372196023	4.98527347371487	5.11879257171876	3.5079556314256237	5.236678624208884	4.941559785068367	5.040659968687786	4.757914683358348	5.332008721627304	5.692583395774364	5.134919384439098	5.515847380641768	5.187745322837756	5.363423671134671	5.455121756970052	5.159502243165934	5.622075625959054	5.352983505947732	4.177937506255185
5.207757746031664	4.817933053906529	4.801118406498187	5.132789621688834	5.517996251445114	4.907997037110275	5.423031815069168	4.973221029236898	5.029634095951604	3.3270041598801554	5.306366112587522	4.98963882791907	5.088672410472449	4.686768392808412	5.311704357526179	5.652224899312473	5.183480626712171	5.551521102847365	5.2417472538723935	5.467293158417418	5.417718043128282	5.039353107245439	5.6593104908228895	5.349310772856167	3.899803199959464
5.006320357129931	4.864249534390749	4.866905994529291	5.21194115437437	5.487942433071216	4.861712856352694	5.3967128302397125	4.894168430943839	5.045963132398568	3.542799489634471	5.138458889025656	5.049342549765872	5.1308445332938515	4.620474659469897	5.195289630718009	5.60769382590131	5.118434203375346	5.413360907920497	5.480458834557725	5.273677213578305	5.423090866174908	5.064596801671665	5.7052018043830675	5.295050433250222	4.295460777757796
5.009006745716591	5.002005308711448	4.8993574172528165	5.36022293284297	5.558734528937754	4.893622255210536	5.346569892037229	4.942608272607628	5.22370140977686	3.5613694778641225	5.325103292870519	5.151885245051576	5.030779174842193	4.660551406280907	5.226317106476508	5.566493639608214	5.05580983272748	5.375943016001182	5.4940354875223125	5.324994805001666	5.352170222175685	4.976126096495878	5.677242530980667	5.373495230945199	4.879317821507402
5.291010224688063	4.9929433079202346	4.837006909006352	5.371048709423384	5.623835128285645	4.73238904028716	5.316590308607934	5.183980001972334	5.196490864980784	3.668398920051557	5.286358575479039	5.065895360253652	5.062309517013876	4.514987128069991	5.248365726316349	5.586827421005808	4.957910790417454	5.372541327052271	5.5129815097399115	5.355295766820344	5.2562848831569715	5.00916574118442	5.758518885145867	5.374298049362045	4.9958791421433055
5.318527213824058	4.891572140154502	4.704191133957475	5.26288664343354	5.510465946935989	4.5427486156982555	5.323295440786888	5.1383552544602615	5.428400259832674	4.180694729626308	5.402002246147991	5.164348602283127	5.158586387179143	4.688402770384405	5.169612270604463	5.607429875250271	5.22104163348638	5.403791934412968	5.2956592379134815	5.15346700682411	5.321835606634158	5.06518975280202	5.748736570431505	5.34227113506984	5.298412271274536
5.335721038839706	4.855509250923928	4.953942122893324	5.229472388666948	5.412861648530425	4.874893112205374	5.2920089856544426	5.128201273227577	5.131622829444606	3.557278180337168	5.343536354377907	5.247887049766481	5.069649118062122	4.69497589156053	5.086615945534914	5.558254696332134	5.219054103969324	5.438650391891502	5.307245461376715	5.010393637819564	5.357933374791606	5.095614519674423	5.700402550274871	5.4566629913659614	5.292835702538169
5.39256526744385	4.717270930207563	4.8470668625833095	5.102089649316136	5.377130762599988	4.941873557683124	5.331504288216525	5.1557128449657075	5.191404859676909	4.127583592861267	5.255790761904694	5.184196542759683	5.262589339932893	4.748378819993557	5.112824512408469	5.66689206213952	4.676466758998432	5.460071588323133	4.800694565989809	4.94472078414991	5.418578322389903	5.135931858723012	5.7222263840387475	5.4669625059736555	5.429606007327335
5.565946033959936	4.865919472132624	4.775370179136589	5.164889127356702	5.2704708299958725	4.67755812280748	5.302336975410763	5.256764356053473	5.341630252559216	3.2087563559613153	5.071896619285607	5.179885855694933	5.225357876334913	5.0445841793869715	5.098465403669568	5.67805204701563	4.0238147749765485	5.469139808464305	4.6875432793759435	4.808831224156548	5.519192823491621	5.06863238819915	5.768227178912428	5.436495669824839	5.4953918228246215
5.481325736638503	4.9722683711846445	4.921206771154789	5.019684751696594	5.3256969388391955	4.695469406325765	5.413007774190078	5.319799180534673	5.340149602897847	3.1382393926181034	4.804098834425068	5.087627673565448	5.120819296595896	5.049224229055807	5.056303125647651	5.7431259188627015	3.999965217005259	5.537204575516819	4.648139421201381	4.913549258282922	5.5688214518284385	5.0483354736272785	5.770071136195319	5.380414274821246	5.342189136803557
5.154370124180642	4.724565785760515	5.003676912672123	5.228899342004742	5.41797567051547	4.943417043520934	5.396264037154887	5.205865041756517	5.454796898979665	3.2280282249190155	4.923060426935197	5.230346103722147	5.082883159254561	5.010959060627261	5.104870549640405	5.760754253792472	4.029292451063045	5.534153379013065	4.847469453456435	4.981658610383794	5.5297739379680335	5.007721679433592	5.762862684813267	5.352208421976149	5.187618861791901
5.327551484225675	4.770523657120889	4.965069468937208	5.184673232126502	5.425551478148633	5.193094774816363	5.4126922364138865	5.182543683451645	5.3974134131604945	2.5970638800526906	4.976219848282331	5.122112931873871	4.966766535488819	4.949523776227755	4.998774430563212	5.757473270427125	4.6077297226523894	5.512254619506499	4.851901675972115	4.950777199965562	5.593354928982991	5.098835935873102	5.827190640626328	5.120679916455165	4.913402024280428
5.316506538757777	4.8668792955713	4.677719113183202	5.221291469962298	5.47816184178534	5.06146490441118	5.368173702450625	5.3040066875808165	5.291133174580043	3.146620801707252	4.984342881895921	4.986410371770843	5.049979368545001	4.8390832043431296	4.827135857969703	5.792770093254372	5.0797902751964195	5.526540892566831	5.096976614668814	4.994935871971394	5.497209733614403	5.196104994287759	5.761162589321463	5.022713113608565	4.720026168522683
5.207483396573019	4.690676421183693	4.774707408510058	5.1875376090538685	5.3616686505278075	5.071663140510351	5.4164101908121225	5.120609994315467	5.326788040761194	3.1826703382600074	5.10621472976687	5.071232335780319	4.974521232775231	4.741815228675958	4.815415043014416	5.771911876264486	5.296824921633389	5.549347339477161	5.296025831536805	5.225948796377168	5.302350631072994	5.160157096103946	5.707446829935481	5.1390377483854985	4.926576821849103
5.352896410647959	4.986760375389323	4.543353894147676	5.07452197744505	5.483051939376431	5.09137250726463	5.483425507624966	5.2159686517538875	5.213273637311696	3.2189944849764824	5.134427302146547	5.062168893566432	4.857178357315439	4.693120855122453	4.862895789991726	5.795102529204985	5.130921933936243	5.4844817575067095	5.355631189894025	5.359515283989423	5.504134000266891	4.979802719971463	5.684866426266554	5.192779495444208	5.107662097974012
5.404961808873151	5.015713034626962	4.555521765748696	4.965836711275939	5.485405029260599	5.0709214116972054	5.348685707555831	4.800029500359507	5.259024929983009	3.45246100531313	5.141683005246541	5.020764222737577	4.901052440348601	4.916527304015318	4.988547205345047	5.706403171927416	5.062334305739118	5.394605806576232	5.413261728106828	5.410331615484719	5.510518698900242	4.860316072456265	5.737396194220744	5.350296235210608	4.966346713391115
5.447008934730856	4.9538297168544	4.708690647401008	5.051503366595156	5.4295742120511425	5.19980918537642	5.150491867465344	4.816554054413611	5.173258780056369	3.2956926949717897	5.132444831656458	4.979677028156973	4.975627346568793	4.9197496544900945	4.853674496436315	5.6928340965262585	5.190269255598503	5.274121666369978	5.542813548397219	5.190956098719659	5.4818138710875255	4.947778502798934	5.571144288329726	5.3306613540192025	4.433943109349218
5.499452020356942	5.075527924681847	4.661988331146957	5.048511924802242	5.358462485072514	4.987445515005111	5.157961607565173	4.786307818405378	5.288294628571147	3.3495330818135534	5.179647931348905	4.9785183387471905	5.143947608640312	4.768647245459684	4.846169008612042	5.699784949536468	5.164312505879328	5.314577699773433	5.522053025389248	4.96282102307392	5.51656131015904	5.041730164987564	5.685199981679108	5.3323699215277705	4.2650876558432795
5.306529261914217	4.8969365632158635	4.676499573387682	5.186108082091386	5.441551303625182	4.993464493228877	5.208853255095649	4.903429058603049	5.330858930904454	3.8490983839534683	4.8872141838672665	4.832818109129818	5.029824106192507	4.741138379029223	4.950299479692357	5.737001463155668	4.633265487312984	5.090736708806899	5.318456554309432	4.851132730708904	5.592640311343457	5.237712843379638	5.636048722327271	5.420742015136255	4.262298054335231
4.920683959939452	4.8300067805429725	4.70836462971713	5.2898221480132355	5.399078182833067	4.9582001413340375	5.157319883567341	5.039806863088129	5.306742137980255	4.108930120200808	4.627931324974759	5.0306695330558195	5.02951918513724	4.722792343731956	4.9216545595786405	5.728640525293137	4.5319074077938035	5.099016184990342	5.2612412913133975	4.826879892802773	5.471029953886847	5.245788545160412	5.678090808739458	5.376315820351719	4.809269950266154
4.912399954791903	4.810390839764258	4.683297720498252	4.9877922147655305	5.4264344576539605	4.77945965368112	5.395580855698118	4.962647433280907	5.207123551702134	4.801349858004917	4.717106505532723	5.01906979617394	5.039799293829619	4.447084412657098	4.8895725365814275	5.763576319488585	4.338934526124154	5.237034615523656	5.174088535315748	4.981852253763254	5.540313175102828	5.151102972270516	5.654247229983294	5.3697613406649785	4.662694041884083
5.045659391012899	4.742851364073658	4.59677731035916	4.982901756717159	5.424341499314989	5.089773614086307	5.421417636987043	4.977833399354029	5.225747027920269	5.069862109907321	4.537968903485067	5.03604426383148	5.027281639577347	4.362607801182643	4.462994619199815	5.7263242991306615	4.317706438673505	5.1789502466265205	5.125535777933236	5.093665013003299	5.598112156951466	5.017501223210904	5.688489851911878	5.264298411048621	4.149331321420858
5.057683759696805	4.891289623389236	4.668837778175963	4.905218589055109	5.41472886547052	5.112890776944505	5.499494479067311	4.9396845646406025	5.4318389051355895	5.084945608693108	5.111716271096766	4.97511136161651	5.203572096679924	4.555662084888309	4.416330050212868	5.7268667731609515	5.130756022079744	5.275107050889576	5.339828637697669	5.230838318112909	5.634591374378416	5.044051114530625	5.777465927774871	5.285888363839628	4.01397135362294
5.540116186251111	4.942334123451006	4.691921232561039	4.726467708905842	5.3956635186358195	4.954387197373407	5.478105978769906	5.0310605862296525	5.036851972472133	5.115010277478803	5.209168481722745	5.020596381519706	5.111981840336616	4.522988791351713	4.210629770105966	5.782255370814835	5.071989538498055	5.386336769438267	5.582010470286903	5.1666583092760145	5.6704359331571	4.744748335641446	5.735859844591625	5.184805239619048	3.991987313644989
5.576314547951185	5.103381888663621	4.7300662957194595	4.792707801014643	5.529254372978973	5.020818650484563	5.5131602943477995	4.903042930746356	5.106839563811044	5.143643636818493	5.180827835617343	4.896323672555284	4.936717818993072	4.945633545890854	4.876339242460243	5.715679921743015	5.273656814925416	5.364708626699539	5.589321878896699	5.080977342129713	5.585432730918573	4.762387676967304	5.702660939337233	5.348724703571938	3.8793473254594333
5.6176300853861525	5.060766888484224	4.68297655011889	4.826797591519544	5.456124186569948	4.636713671169686	5.484014437903396	5.021855871406923	5.159366193519776	5.119257810209332	5.15798650628394	5.06306839664704	4.942297048467164	5.001966748877771	4.768244069337166	5.732931547457	5.413410217780347	5.472172775914737	5.378972771482106	4.931836570990721	5.455107734135039	5.020289572731747	5.668614678785237	5.448913705140035	4.0266259956283905
5.480749886602014	5.28192543891548	4.616684456717314	4.782580439942961	5.4374884664766086	4.642036284120851	5.313518339069281	5.133351068308067	5.1893701081799986	5.08106495408881	5.213471520342212	4.48125137211554	4.919229216540662	4.906320662941116	4.740336549235809	5.6169100395401905	5.1654890247830005	5.523187838149041	5.294071394875006	4.856447456943141	5.526963345723809	5.168150793623866	5.594053743449608	5.510194069817869	4.314415819498612
5.481306459084193	5.398116446355272	4.660328850152814	4.961241041504649	5.470796459986828	4.394295929499956	5.3344777728717725	5.247131739502241	5.384857574385302	4.596323861934768	5.120012877111056	4.581489615250037	4.916597845931443	5.087919238181231	5.145918603126443	5.6417554200127675	5.072997149167641	5.496544343052018	5.254626612368003	4.997066433385098	5.476523862654316	5.081629170877921	5.5526852664274005	5.421836815790714	4.361238910502396
5.256327487949465	5.174741201541892	4.675325990942181	5.094842088900954	5.500090741478819	4.062326603501219	5.233656565664003	5.285832047204535	5.5351769788557315	4.319837738850369	5.0572271385896626	4.504330768286677	4.973701444672313	5.102246030432394	4.983849954114706	5.620824511816433	5.01200787076542	5.515095441441602	5.262587530265342	5.0723814564262435	5.458985827129434	5.105573616069964	5.704951050107658	5.448746498801581	4.308998641806919
5.192070048078635	5.024155826764803	4.694537748395625	5.189478844534272	5.438755800180757	4.541074363423011	5.301502633142895	5.242696305180975	5.4601626932450955	4.5024084048152195	5.316687659684401	4.5160675997616835	5.11668044951503	4.943127108103862	4.962177042457158	5.46190057427531	4.884558090216094	5.4543667003537415	5.399844619884288	5.167367718099806	5.387270911585651	5.087706942753198	5.727632102676087	5.325013989174351	4.22269375900092
5.138421535473902	4.956450980869957	4.809323730897714	5.205083493229705	5.292222441396324	4.9293098541531135	5.3588382000388	4.868061324818017	5.415661603329477	4.39062651936549	5.136767807691791	4.822656307773162	5.087813971354296	4.160703337863299	4.899587279519707	5.4214007901017345	4.978114504666423	5.401554700356537	5.500570312369035	5.201341248477402	5.400776668983838	4.986722254131393	5.811225767611681	5.199035676063216	4.237959894987849
5.316592942943552	4.746475527973352	4.7821991182007935	5.227611550250301	5.228466046758898	4.656268696536834	5.31440000264843	4.612857121184867	5.209443896022432	4.604843583838929	5.080660873361196	4.950532474180856	5.008789622891674	4.032432044878619	4.634490432003422	5.433200878826778	5.171677855424196	5.388674344094702	5.41137710898084	5.030343173059387	5.539749049994507	5.033255629033193	5.775602088318643	5.404940488101162	5.0403590218448135
5.396026438574855	4.605414046032151	4.694634932335974	5.302966002242397	5.233659346588803	4.512558389972607	5.401462215964005	4.632913692761399	5.180739403160276	5.1036418288044665	4.996383386560749	5.01453390479935	4.955446144415306	4.0724751370491	3.8827898673533805	5.368169540874084	5.182342598953017	5.321289265433789	5.492883879114545	4.82086066116768	5.4915132845144345	4.985067927333407	5.8132080541446935	5.21416291957363	5.008641408820757
5.441300181252916	4.872256484355927	4.792627716172217	5.2437173845282405	5.27371518690749	4.774735693759059	5.3909230864103295	4.779541671677817	4.9962726974580995	5.03999217968058	4.643313904876006	4.9609256380090265	4.987064214484424	4.090305959182283	3.95193299721215	5.560301649027371	5.321738569824716	5.436805087116708	5.418156142407963	4.862606256783211	5.5149293598309335	4.975045365337862	5.709378716216134	5.386903962201204	5.0583837370023295
5.401828544975347	4.976418508711197	4.682300131188939	5.145038478911777	5.454907403217343	4.983387222320041	5.560848395904893	4.681235200349355	5.04431484764034	4.783267030353605	4.665269332491758	4.850703332277756	5.028696856558908	4.979243327155245	4.593082327736181	5.64485953985908	5.151057325977733	5.599451450037521	4.94356773235499	4.905454628493554	5.5162942444998	5.06939398338432	5.747206122208723	5.53174805908586	5.153210628998756
5.267731920784564	5.052044626831163	4.913816229491332	5.103076779711796	5.570977481842326	5.033780729739696	5.504267446332118	5.217925503941221	5.285456209963653	4.706837935480581	5.1244872556674	4.917204559142137	5.11733746975377	5.126421233897771	4.731434122857638	5.722806380081526	5.239648734674594	5.579549730688153	5.121585733610032	4.91463792974466	5.480070536812136	5.194670725893803	5.679092681979748	5.395910729210506	5.023438999984055
5.271179402991344	5.220549288640904	4.95070344569478	4.312799018426671	5.566163722914291	5.087004219648553	5.459096490617585	5.310549317747254	5.353955793685767	4.9445648781890785	4.792485596789993	4.8715243049846455	5.161186179505405	5.08503636754288	4.832925568159415	5.744421383723174	5.257954338568091	5.536329126507249	4.9706099121722875	4.992057630688413	5.528391672015499	5.081899129854468	5.7460999514109785	5.4618276806056185	5.164764296241738
5.216996066131311	5.129611643981565	4.9082449406845905	4.429806073508438	5.565059984311708	5.136918546920922	5.352206772797315	5.145040686635987	5.133276203101029	4.481507431071104	4.894765579486726	5.001607430601422	5.150524995745085	5.138171923429702	4.675674538522031	5.722182248721708	5.174572305251054	5.607460231862007	4.963812296042733	4.965445094117321	5.692643510523497	5.14242844421619	5.737171070850835	5.272993630173357	5.277572805131576
5.479369261399927	5.032272534938882	4.934168078375381	4.213194546585762	5.429857413897257	5.180844651165016	5.297249568700253	5.027422543154502	5.283711498730251	4.798915424632507	4.99749417396685	5.093372771908825	5.197886037179673	4.944248311688717	4.557068917749602	5.715996342607499	5.042388211437909	5.542140997912013	5.2501982823708255	5.098018661115558	5.580513252323201	5.001415734055635	5.779341354714231	5.3591367826738745	5.3441223814541114
5.634745787078176	5.017580104083835	4.75287585254322	4.0511730495194165	5.322346448369566	5.1812253826029595	4.933249857521561	4.9551794698778355	5.471360831186811	4.454785248822582	4.810474541449694	4.776742179792682	5.150150000275393	4.82173687101493	4.509250784526648	5.750699112120637	4.9982977645948585	5.586220835021622	5.32502401480963	5.1122296246814996	5.458076485832603	5.062724387135228	5.856912804762977	5.3487820511410415	5.454982642754754
5.540599591470999	5.154829078293905	4.760577362887845	4.419746852398204	5.3436119345782105	5.18363956440895	4.674087671194529	4.943143494587466	5.283151570077658	3.4217694312576317	5.092079395443881	4.760754779549147	5.109309285761374	4.793288128207326	4.688554540469789	5.706252077869785	5.057006790048814	5.612230482283319	5.337854018999957	5.154111441983844	5.408303976715983	5.055654334691161	5.846744677051526	5.405096228120222	5.3888036043420415
5.571431524403631	5.149593304307837	4.793985743535687	5.010885069177282	5.310307489049824	5.018147214403965	4.6618489591016115	4.959505957159471	5.360748216575668	3.704880824271409	4.850315883097062	4.701857754232276	5.057239080136897	4.75733593805416	4.6926645819473825	5.497872004652741	5.057134614770738	5.593710915698559	5.546055836852123	5.183063115575033	5.424569254377025	5.001172744212433	5.907834814311394	5.353663465313119	5.212093883075303
5.497851275352121	5.1012116404607255	4.832785657771679	5.221918614554515	5.271648757966216	5.006076414998185	4.870198526844817	4.933989574439593	5.377983523212238	3.4475206292081073	4.8484735732130755	4.663447785204972	5.113503931188189	4.592120000559818	4.700562216592098	5.416221456724277	5.181726919589248	5.573853040749901	5.423509980783918	5.16215522628357	5.378079853805824	5.054463989608246	5.770095290130454	5.4445689133678155	5.261841257446632
5.443324629686207	4.9919534997125625	4.813066601144239	5.286861214906126	5.354905328943166	5.033890244833231	5.0317946658203825	4.971605893525137	5.231856402534348	3.7038002456719608	4.789703648589149	4.692765670634708	5.1543745775709215	4.609257641746317	4.779027827448082	5.49628602041028	5.103829286509246	5.521877217852543	5.43747970621269	4.930428155592721	5.315597211797003	5.1225257345097255	5.7806116395876055	5.448255592294919	5.336232766281612
5.463063611742758	4.998565822662845	4.776718303372374	5.074468920516792	5.295241375058096	5.155855286173948	5.30881623615132	5.082249762870459	5.404428761877037	4.833177176211458	4.9996747985617835	4.7749926949408215	5.171630470597116	4.694047545879007	4.683048130234501	5.433620643680883	5.113064827778578	5.479143022738266	5.407191819226552	4.844594632896701	5.551147385766579	5.063146382379452	5.716673518267876	5.351248062619232	5.183603567557768
5.274143988283464	5.078408776606743	4.835052632338402	5.058449872676889	5.171782138045268	5.140568353221664	5.131802582282082	5.140825856975831	5.338332988703712	4.111528372104829	5.1207321063302675	4.754806285482378	5.264643796508884	4.805359228144749	4.712061199597001	5.629199381482173	5.1371720975807476	5.487372349350597	5.421462363917608	4.744191025530168	5.5880104294223445	5.0340149993613945	5.6764852354860995	5.484836064762951	5.133203123848986
