5.449493591049666	4.00593976015709	5.205250011839503	4.699021633429473	4.7639367926602505	5.149175768907013	5.6014716739416786	4.738633307132126	5.373645824831999	5.559297604065569	4.987750475246207	5.100516031648829	4.636141774543693	4.367614284552009	4.16912367720874	5.714548083524966	5.150659597356755	5.584769004740798	3.176718565742891	5.428129561419453	5.8267877313945124	5.295048099353222	5.392438861168765	5.135890311907916	4.197408759741371
5.491645593989274	4.098011485792818	5.208303193561213	4.724422974974171	4.995797877935607	5.0874201449443115	5.311070588859875	4.62414630394324	5.438073795605555	5.448076182528447	4.741742948095011	4.812585255295046	4.947510043041825	4.5508694829386505	4.600170824216063	5.660333516679938	5.312133538786426	5.464456662933328	3.225495047661469	5.638855099969219	5.768691599448806	5.379095286774095	5.428302864153223	4.535099838721456	4.665562043475714
5.492700067833546	4.416344398216575	5.297620578035762	5.301471816971917	4.743454608573635	4.925612813688878	5.311783870304514	4.790668327202753	4.975128379052745	5.4276259055787515	4.851630987472391	5.039618388740554	4.448197708487017	4.625585881031324	5.0406250821260885	5.538100191745072	5.290771999306319	5.5709920633748995	3.5527457705160175	5.523793311730102	5.735491972748097	5.223601977680045	5.340665336414497	4.651331777785781	3.887083465256138
5.458947695419635	5.064038251896818	5.113208195237945	5.224306467519734	4.795561182580789	4.938451002709244	5.098514348432629	4.759607413757137	5.1072653370198084	5.5276934913075895	4.782768403960677	5.157833666330411	4.736838433688519	4.68765262699447	5.111477372700127	5.285264786136329	4.973253446565414	5.492516825984073	3.6296539871949087	5.528671652538713	5.745861759753556	5.091802054736075	5.42223533818605	4.926376215822362	3.1048521635894732
5.636465373664378	4.755173351359669	4.984542826794713	5.275020537582129	5.004584994691319	4.986028256686727	5.20193746328971	4.731414943509228	5.043258606760582	5.478018183251752	4.781764456701416	4.719389251516973	4.510456225640488	4.700322168916046	5.183018611214365	5.4784114208105406	4.501097854533506	5.379540990318938	4.428803525295131	5.486390619958998	5.798788521625094	5.183222917736203	5.09996785947038	4.81764526806462	2.3426561789629567
5.556463195534442	4.789633936802202	5.143943875536027	5.163745458830384	5.381024718329726	4.962423453644746	5.4680325130685885	4.85980445802908	4.996272419148128	5.24087183192648	4.754627873469433	4.964925122023239	5.036767379256511	4.111115030351314	5.299418349264316	5.448214028910128	4.206249972400466	5.293958680039118	4.717452256764806	5.455322584109408	5.73637486612317	5.441920604069404	5.341989315604987	4.886521187593595	2.2773113285366926
5.601619132399334	4.603507927082771	5.0461182649972995	5.36546834194802	5.489360119536184	5.3638807280182474	5.56561856962863	4.856757463375492	5.4658571319047216	5.145187273657152	4.9609579838179485	5.050954052419736	4.698389401506032	3.6332229251227695	5.169947525887744	4.63872805509596	4.109033081010139	5.3159279370721695	5.153891213711393	5.413988608583216	5.595423593076916	5.412402355868846	5.341150999977219	5.127479714792346	3.1290113503072385
5.5527945739500595	4.546768568773603	4.88692096745285	5.27936515486576	5.441136286026171	5.289735074618594	5.682034176007182	4.914369197720421	5.431501521799706	5.112279779232074	5.2139604027251325	4.941593910840979	4.1334708733087995	4.031096829637838	4.835939830758408	4.702486454649382	4.229758617592101	5.352895406193053	5.009856504028319	5.356219890590663	5.531979163523036	5.167409754540402	5.3697916652489495	4.834307531966214	3.365747304706028
5.439748944022983	4.9199692996629505	5.004189787008413	5.328933331907596	5.2532080132018075	5.211255658610763	5.619715865135908	4.967603927730467	5.4381943604558325	4.910924753745631	5.281004011553983	4.622346536562552	4.649915472783793	4.206108780868116	4.7858684152839315	5.159045223606884	3.9517509787071465	5.242511059856644	4.859975544979895	5.325924082139836	5.378578511321743	5.103154743027742	5.413354343187282	5.155300131863081	2.3819826470022503
5.3034892630295865	5.147525239810802	5.004552630745515	5.268881178822139	5.290372924151279	5.156706910440812	5.399115283539475	5.082144498714555	5.381150933128525	5.015161102048843	5.331618428706465	4.604697122841531	5.0407823735011155	3.503455743068108	5.235408021419908	5.708489540047874	4.082051255791287	5.348827188184492	4.992941263368915	5.364485572260648	5.272205455319075	5.191861901840089	5.275435420677113	5.4479990509704255	2.51100761724486
5.223176212980365	5.082007737326088	5.033180773557825	5.315299343662988	5.310439546259485	5.10666353652316	4.967234983303665	4.958517293288829	5.283813595634828	5.059094244410835	5.442791257870471	4.464478261202377	5.033346989532713	3.729527436392462	5.140001771309238	5.706390525145046	4.127339420666126	5.368904505205255	5.06740614125454	5.229906194379829	5.380893813701284	5.2460792937842555	5.291529706458657	4.865373142486318	2.1447799390418534
5.31717964818802	4.233161968994965	5.001628428168427	5.411929403245706	5.212144544764291	4.993058741537405	4.776270598558146	4.995717229512048	4.995718626505811	5.105674150812188	5.4141516537907854	4.407387456110441	5.035097369336856	3.44964792888519	5.27057522845131	5.705501378247004	3.705223692483759	5.316957231515956	5.019139279375412	4.975890474942129	5.551437745067689	5.2578596121287635	5.20173880244632	4.760179635915032	2.5696222494195426
5.3108221273405904	3.6259484476700643	4.942005090029314	5.434550634829505	5.381588060726619	4.99037202041773	5.03404573431286	4.9060395973368545	4.649413648376132	5.5312106847424065	5.514254686911864	5.104348983996593	4.985272133262271	3.893788485184676	5.181739388775717	5.519932615313941	3.972622594613297	5.409299352060998	5.214620820673163	5.32123237680778	5.741064292369524	5.182418620307832	5.162119485575825	5.207870322982661	4.074337691154131
5.548814370197147	3.753901399815752	4.78761294545212	5.522991149045597	5.388359933303624	5.067123363827326	5.118489408866381	4.857995569189338	4.672108036328671	5.593134619111502	5.37861707192251	5.19684381453265	5.149644150571707	3.639443992626625	5.261582806811591	5.600068216481284	4.113831639860085	5.466484750727075	5.069469496181616	5.5238648071928464	5.7802737147155465	5.045803540584456	4.871867885821155	4.83035580570134	4.85339709347476
5.523763115458144	3.9027505165869663	4.928817012100775	5.522346597075032	5.236303506815381	4.9217253783591195	4.950524554334938	4.640934157170137	4.84554783894729	5.506017772304997	5.457608712701693	5.035079476891773	5.186128962506195	3.8595913869701635	5.269451777403578	5.610784184531265	4.140893997114139	5.5433883395751264	4.934287538555147	5.592112399158794	5.792868764084244	5.0128192013593695	4.907856667589252	4.861425973907151	4.387780604832476
5.4228424815667555	3.687415621063718	4.978745410490135	5.495950734706777	5.357482280764118	4.668637198848361	5.303604219475023	4.765982159765904	5.106348729081112	5.490102445346447	5.43103517875705	5.013786685669755	5.448584701443911	3.794601622051581	5.116723893697965	5.5640973662522635	4.761739458252771	5.65957955756674	4.7811579276770635	5.43778336666791	5.632064937607947	4.7472567813569295	4.894823992021423	5.015373576636509	4.393284465105131
5.460874977509863	4.236504511442819	4.941355017421286	5.445332227676903	5.399021601403479	4.771551138678569	5.308394839902887	4.578220183686784	5.5492733156380245	5.3951370228399815	5.20780766930069	4.843178381704025	5.4123252363223076	3.9650029512331786	5.066250959366118	5.569289704663278	4.701752655133332	5.494284049637047	4.254467753723077	5.2294822608109035	5.6387809756770055	4.921675511041145	4.734859658413519	4.736346819297061	4.513004468704843
5.433244489508367	4.313667181451778	5.121289268218568	5.399534669452001	5.407815951049823	5.016027921669135	5.432183710861563	4.721809734766172	5.630928223463926	5.167871189771042	5.2798727856454795	4.330898822752801	5.352504049227515	3.740300173953388	4.962521198694805	5.622084573292766	4.739315018486747	5.537063515033774	3.805806067045484	5.296990040377473	5.716175902252357	5.236833508640979	5.309054463448097	5.306188653500278	4.3857440372561545
5.512279761510651	3.9221187622559435	5.00347027148056	5.5056162555158945	5.280667261467691	5.017516421784201	5.113831933595227	4.661830947116381	5.652100959980551	5.12224201768895	5.156264021211805	4.448397340311094	5.219376629180672	4.207109769473183	5.019435076166363	5.577043805175946	4.661050341564094	5.542784129171503	3.6738332806231413	5.492290864149006	5.72799834995411	5.0695750822025625	5.5108687396559715	4.9357830251486865	4.0505221458351155
5.573053562877059	2.9837274626282513	5.113101627666895	5.628968184295799	4.817078544460101	5.15957029521005	4.6366419203980715	4.823299521626845	5.626027087126553	5.189904967794455	4.709191287062319	4.341275946533826	5.125302422905009	4.461178891713474	5.066510130830922	5.509202439511128	4.5230782265067	5.47675742388062	3.145696156044359	5.4807212595213075	5.707663123194262	5.067878029009725	5.466792834728798	5.14008995074034	4.042636476165612
5.632900871730753	2.675196579182838	5.185032628446735	5.535848388658804	4.702786803813993	5.013327415969675	4.851510545822197	4.621832996467747	5.6522366869552885	5.038441372257451	4.73071585238616	4.849480935084654	4.897616303009016	4.7488802364848315	4.8350150747151925	5.378695754893941	4.4878170288730965	5.496399061975049	3.011379649394174	5.538589084812277	5.644872268556838	5.4356487537030125	5.31915974208717	4.781013545961641	4.374616368405864
5.700425335181585	2.5282105561897255	5.238799660550607	5.65288442855711	4.841324071103235	4.966416685882214	5.243761304915243	4.496340708051758	5.576139173661561	5.181633009611331	4.442526547492768	5.0984553190882576	3.9112180209510785	4.532909035915964	4.821170951528195	5.433297125247892	4.391409002663999	5.393933984444764	3.5800035722696504	5.569664946807979	5.7322662115758485	5.36223061324076	5.281931575459311	4.085309396999539	3.911398937326137
5.624995103039142	2.87798167040844	5.404996448796768	5.61046130394925	4.776452560551561	4.980371029911636	5.235790945855235	4.531228960780421	5.3322690693592625	5.232991013605608	4.443326868654026	4.700255560556305	4.1200749655789135	4.866817338834416	4.810502225322459	5.390078699710986	4.674579817626732	5.426986180661085	4.413438207488675	5.585150750883316	5.560885682664372	5.1459797581274005	5.118590420773343	4.6945902528193315	2.973011767570837
5.70895948960059	3.674249108949153	5.37386737676767	5.604927287410089	4.833308599362986	4.9189400921638695	5.184192790358186	4.292538261389838	5.469288336413105	5.188771248133574	4.977492916899723	5.070370277071378	4.150611654285352	4.674962773081241	5.099011360468211	5.475165880292202	5.281846088852274	5.513429952009113	4.8920145477884684	5.395377061407137	5.476613265283822	5.260690303084273	5.203104670443365	4.656122555732482	2.557386191984622
5.664053117259825	4.070106435596253	5.179323748393562	5.573136794921057	5.192326295949063	5.183182258086941	5.212127836486219	4.375169456626185	5.570004190920761	5.244095101624427	5.2021272614946446	5.174115840467277	4.198276911765354	4.848171377841033	5.35089412741765	5.732090257680309	4.599765451680705	5.490104471243256	5.299151398096323	5.355833787425544	5.488647189720051	5.403977547514721	5.35196610306087	4.752603238689076	2.22804131627234
5.6392482674005	5.227485248158926	5.186417826330991	5.41400938340955	5.37261518761704	5.1114049124862415	4.763259426189831	4.484518582378896	5.501125145857842	5.23249754007795	5.2559833412945185	5.176793251777374	4.267240101023236	5.165934891972223	4.855347041455943	5.722144818626093	4.357391777648383	5.3992232317520905	5.157908113344378	5.268066300278009	5.449003631704701	5.109024430766009	5.347149301626019	5.377917202262094	2.1739436998629826
5.725772384946961	4.916819753393094	5.315324464173976	5.332759344687704	5.439849854208734	5.160980072579236	4.857589087163213	4.722619468660289	5.572428812288966	5.457241515744216	4.784503592508646	5.174349524683836	5.24804391485887	5.225972405828894	4.763388159367702	5.731299743182904	3.8342384865168477	5.364242507826363	5.202208959216259	5.1123104129215635	5.62158767142099	5.2823671496854985	4.385317781945888	5.3645274919308275	2.808597439987011
5.7498702906898735	3.771912644311731	4.90452392110656	5.106848871313369	5.403054759777296	5.287965047091525	5.05739264526672	4.61381649242339	5.45606187696031	5.307702399439398	4.613034292150239	5.274103346073277	5.3864703833083185	4.945912207072397	4.646662029143827	5.618162533394383	3.806010203792978	5.291337820470326	5.1622143161165015	4.887561019880786	5.570265155455252	5.034295137396583	2.75080010824419	5.41155758106937	2.8713591931098175
5.628658460464533	3.0063861951559026	4.842988172354734	5.182323643361747	5.278068772964837	5.2034745219051874	5.225951812693478	4.7279662796775135	5.4185177509961235	5.265514233413785	4.393026094403061	5.43748259799985	5.098104162440752	4.878741813769642	4.77656549386472	5.582332268071824	4.103442016102084	5.01451574004611	5.1483844800581995	4.897696316057616	5.571802877366462	5.114529323223203	1.9367404172702924	5.397836040488175	4.202204345173282
5.6039380043263725	2.796222628711773	4.987057103530031	5.2654816865112855	5.202527992583349	5.242563717907754	5.086504912076977	4.571652711854972	5.331672845085961	5.1913890202326405	4.260759732638771	5.455828178829616	4.827539016459161	4.946847980295353	5.004559518780912	5.627273634913327	3.887636887252759	5.068264195676233	5.1390458500261875	4.759590624569743	5.643138621752063	5.07337144903096	2.409163104592276	5.480600407694618	3.7165173828570968
5.395114174469271	2.64904387936765	4.604415374404506	5.226613194825476	5.296162884664438	5.1556933082526	5.103738683660685	4.320715813465641	5.335038336867449	5.207726147946003	4.597380760867545	5.443470459142941	4.704657047319574	5.133784523478361	4.59904331379729	5.7082391600142595	3.93790631478738	5.062336720868459	5.063437542288111	4.948923323518322	5.5984180116984	5.294573613543477	1.7740916854016822	5.348757111519426	2.305186336156081
5.395064918571611	3.25673820018073	4.594316639484561	5.40965654376066	5.44962576378557	5.045211354879541	4.810349722254386	3.7735232585801164	5.266116327265445	5.151336746294901	4.967167662674683	5.45420702146092	4.100820260957588	5.228722077167765	4.3860576108526885	5.785698654509754	3.9378758474149897	5.160157620506197	5.184973141220404	4.978629993905333	5.765522428704966	5.216182289314018	1.6745707433419335	5.297009557630596	2.2269999067157387
5.3700117505699945	3.5220862058316373	4.884334614844044	5.466091654266258	5.36991553277249	5.287595076865534	4.832656568143084	3.604989107218462	5.29747777952637	5.181057324485278	5.192053740889761	5.118684296410281	4.310612033070339	5.242363334828871	4.704013823331961	5.688728469445862	4.152172988979247	5.296080420832951	5.213803240992515	5.171072200015003	5.720967035408841	5.313927420557189	2.932993756228159	4.906315548648641	2.1403255050885406
5.291108027587872	4.055599499553954	5.127160234096373	5.313660622317445	5.368926106146237	5.242367322348528	4.840192607356014	3.614375864354401	5.1742383162110785	5.351480374816007	5.3551642466388785	5.159454391234808	4.605190231133038	5.42390644978167	5.104017123415264	5.574346645898707	4.71251833040954	5.336841617362189	5.121668036855803	5.311711602859528	5.639890008369511	5.4089551376228995	3.656394836585904	5.15171605667237	2.9170294082370405
5.182648274878746	4.370226626738465	5.100908342321424	5.417522622000485	5.298964327551977	5.275808814430381	4.921274925750399	3.8747524809504004	5.123218608535426	5.212745586371344	5.365446424143176	5.0696442065947585	4.880675614471882	4.882153840701474	4.382343203052278	5.56207830032398	4.879696982870183	5.244987043954834	4.86705091036944	5.32543246096339	5.524336581369616	5.311641918131379	3.205530658854117	4.934869404030578	3.5223321356699926
5.19429354315235	4.56493173818369	5.063849482055351	5.410728253695802	5.058395281607331	5.184023094672025	4.9182325525907	4.251034965419981	5.070044005103039	5.106894906050164	5.371623828611855	5.317632083040501	5.06446791778563	3.3638802712035165	4.5373881260506295	5.6674504416701055	4.691766110560038	5.180816029630743	4.773732853786433	5.2857812403782285	5.410805654768833	5.400075301227264	3.053974641906356	5.083908735015457	2.546373944431667
5.459710815001609	5.127613099533687	5.182963520696604	4.929485663906878	5.035089731742076	5.078988350303006	4.6793750526399185	4.562731096737601	4.938918773951874	5.062657608938978	5.173382496353416	5.297334382060824	5.095202437268264	3.334925003943123	4.430518100474982	5.6433508661781655	4.419803090759569	5.344600721433243	5.053568975469609	5.210300723940211	5.395700868785772	5.357169274921653	3.906736309412693	5.4687717894867784	2.503454688597262
5.541290569180979	4.534319731346116	5.170819873903592	4.465640268438529	5.0015407624704995	4.918178196560146	4.860176613172904	4.636528557362607	4.851037887974436	4.926331989925381	5.1719418911539075	5.276768041807233	5.073224167791746	2.8874719942204896	4.206182054647002	5.4174265364322425	4.17444410740649	5.459871689446112	5.204417934915381	5.598583346519993	5.454133197601841	5.3725717735845056	4.784748063172219	5.541125301140048	2.6542503100565598
5.524746799617022	4.289366826393603	5.15463565671685	4.6371862749280375	5.158573007906575	4.923717261842434	5.346338697439887	4.670767818323089	5.305322913293046	5.104002500640902	5.204664639935197	5.501440261126971	4.864804778915959	2.996731782458302	4.445863581587365	5.33342854164678	4.564637128837182	5.248002310130685	4.85380736151863	5.089313227976943	5.562392351529374	5.3105009633087175	5.044151312854577	5.567592154752989	2.8323812814225557
5.542413311512892	3.541480608986313	5.025310724420959	4.986028763051078	5.225652875463055	4.943610361756955	5.227601846162832	4.825979302484602	5.477254221675445	5.1508427791575055	5.196380074122024	5.548392352042639	4.739714870413844	3.3048374580178095	4.645580425357207	5.374997027852527	4.575409611481172	5.160136292696919	4.853180817856874	5.105547658979458	5.58582000449813	4.951521472915164	4.908586661069339	5.456093468276148	4.0301831304946925
5.622244032314891	3.0660038218037373	5.069798698497922	5.020495805203667	5.163936642371733	4.796091314572863	5.200671202463746	4.859291102275494	5.454660308124121	5.070606963929965	5.485200911360424	5.652035978724445	4.756601936284594	3.6339313956163424	4.591075095173881	5.573738703816893	4.59334151837285	5.2227873398230376	4.933613479638246	4.997750983665118	5.494415759450226	5.074554884651695	4.905856356409405	5.457972272098205	3.750910060131523
5.489402764476598	3.4200638569619275	5.199467412042383	5.247878359239837	5.096909666700013	4.898101459355725	5.1105388721072575	4.8183058905490395	5.487990788138223	5.161967445386251	5.233391825484024	5.441966740793904	5.004972111342989	4.6882537010184	5.075422365816795	5.748608134094513	4.869479742657584	5.28933643764344	4.842771292811395	5.08432185694673	5.620209968608652	4.814580038249408	4.651709709699609	5.270587001248746	4.111144330864342
5.507881067722158	3.478710568517385	5.157469315472132	5.459597514162064	5.2077561388212334	5.02275172019476	5.0974223225361355	4.85013417998046	5.597145051035938	5.104821576105496	5.355642597240579	5.133103700077474	5.092680580773506	4.521649819696855	5.187510697179392	5.65939118652614	4.865764834985044	5.296406566986738	5.059200978179051	5.4255389443557815	5.6706180581692225	4.7364980098538005	4.743881598746729	5.51530250526317	3.6008605529825415
5.449015064035103	3.847439783868366	5.224310120139881	5.457021778881229	5.238527030937462	5.090659493950362	5.05991221427682	4.833624695089794	5.507657833975531	5.090522452461379	5.077811703743137	4.643719165237807	5.04686612190704	4.10856883598571	5.041938576264515	5.718679134365617	4.545283281297525	5.22107520938654	5.096289643651784	5.578078226175586	5.645142103367663	4.8108434093999035	4.4378164028420555	5.564780758468235	2.616171653881825
5.395832489796443	4.197192926661907	5.264980863102345	5.456357857029357	5.3836167764290925	5.237314871920886	5.072580391034118	4.7159818079872355	5.576401285406891	5.116614829616811	5.07497100726428	4.088440307814588	5.20514659451089	3.970015536600294	5.076386006490921	5.7630830490872516	4.462953075267482	5.184443877504164	5.221392008294824	5.4912257389915835	5.657247993411621	5.001353926261428	4.730449623745427	5.516370676935892	2.2044537839025353
5.511149943390278	3.928543300041919	5.237242025710454	5.508254330667385	5.4089637048115895	5.22031663274702	5.412630870357542	4.752053675189834	5.5735691795869515	5.209734753003125	5.065683061040426	4.696062969343007	5.3469969598693305	3.9907078455976612	5.148534238589618	5.793330257954759	5.024707848268908	5.238493528605574	5.186668199094354	5.546443704168173	5.502799086511007	5.253449735048847	5.078639376849665	5.587646094486161	2.1651138677732322
5.493282883972167	3.588465476492253	5.179340817451969	5.519299354063946	5.5444015897752985	5.145603617003187	5.306859788029104	4.429262074624125	5.5080601105642275	5.183399328738979	5.143049868235346	3.7280055779305585	5.044781020450098	4.564670671109544	5.218827679684082	5.701442373557512	4.784323140559738	5.42838520984942	5.352713108952262	5.491157942871639	5.3704626680933885	5.399315723937197	4.899951337466017	5.470852519476878	1.9003983876058061
5.620588117181096	3.6989227171844266	5.144193851246223	5.403353766056879	5.521207845756806	5.1216368444307605	5.2572298273524805	4.1861511433945	5.553198779573373	4.949963097930532	5.206855938055576	2.944104153704711	5.03139874447708	4.848451122254468	5.115881588092929	5.811340288237795	4.558686124981765	5.570650273442061	5.286131984243204	5.467215749041414	5.257975380625558	5.439165265294976	4.920728973220304	5.511004665289407	1.931070438289592
5.454896419501554	3.682026870402966	5.101513734673932	5.379741074875701	5.440330700592846	4.650036340723341	5.366879774570688	3.949422180315395	5.509264047545542	5.171094322696561	5.185890211054669	3.567447530982667	4.824907654564011	4.252627947752458	5.086568264849505	5.7226688444688305	4.7582292108778965	5.457911744912771	5.212350160160491	5.483354920877262	5.250699440384994	5.314657691172726	4.853749561514183	5.497579128987747	2.1111522799845788
5.555476375268362	4.200244134071756	5.051032339335431	5.316447146403452	5.276786587996806	4.3564403503134725	4.925038557904584	3.7640204494405753	5.563267920969474	4.839364865704034	5.234010196109617	4.513798814956903	4.830972474607398	4.444645278960117	4.9084141610229555	5.74376371779998	5.028402421617531	5.556024524241631	5.076796167698576	5.365067325959672	5.402656104764666	5.449991238198645	4.876723463767549	5.3430608808507545	2.4614670110222243
5.360223920105093	4.40607310149867	5.180876346980252	5.057174456957744	5.288724232671172	4.656073693678771	4.71378201509722	3.857779445720812	5.610422434262841	4.260873801538046	5.225106563697509	4.114312207510183	4.816708284534676	4.3094528593972825	4.927926348440112	5.72958183261982	5.023110624822759	5.569475781322806	4.855541433848068	5.44989698496377	5.601156241958345	5.416959468284472	4.942358793613795	5.138720849627523	3.8538609258158143
5.447932554469299	4.053872617670515	5.051960771874293	5.1509782326676445	5.407422793831309	4.924470244105993	4.581424918943675	3.8409141024924827	5.764599704144718	4.0791270183043915	4.986038537852886	4.649059353360798	5.016513663787391	4.981194772298919	5.0739131792873104	5.660756735966898	5.289155600104905	5.345180049550115	4.890806025387523	5.620852215632672	5.6178305109527	5.358174380018395	4.731624439146751	5.165981569580752	3.3738705564916702
5.514228388603826	3.813221694452942	5.081120129590828	5.250483206495168	5.245581162624941	5.235533524369319	4.764778204426554	4.3142232188820975	5.666136232096111	4.505370339673976	4.728414275648385	5.40107445954195	5.417764987763234	4.391662730130822	4.963678037349138	5.656969393652737	5.081707910592213	5.393948739935773	4.9815291350230915	5.487836580328062	5.623801600798017	5.112317268286233	4.538141535163964	4.551620848265105	3.6907052090892885
5.523402876310673	3.7465103107866824	5.135288136066846	5.364521716283065	5.1311130275685235	5.32587246896106	5.0226668074003165	4.550565635982236	5.691020662059708	4.731616971608296	4.331325423063643	5.460456559811786	5.508071408886141	4.253801597241594	4.955298819899516	5.359140625334896	4.39114631199973	5.221828481320113	5.105006183511692	5.508742355420511	5.33586756164069	5.130199191614603	4.584564016800517	4.131628934129149	3.3726817463675256
5.661632073841464	3.5942916064910255	5.132744250659548	5.355272102877506	5.237254996650527	5.380765605898547	4.481384838827915	4.5665696046637425	5.653368267867118	4.819634682547908	4.062703458647355	5.428371769184435	5.370273244588907	4.2090481789176755	5.044303904430918	5.568046342519935	3.991420849271239	5.217050372015955	5.14835192276025	5.200844677239886	5.248434436779632	4.634754368210484	4.846751155527579	4.990469554522662	3.2645449436721896
5.649224081723759	3.7652543685185624	5.054748253695931	5.3914887676728185	5.152699057901516	5.458271879722048	4.30351944692199	4.6452429153385895	5.615643997446711	5.1689668588271065	3.898307987135054	5.411856440583553	5.282329375571536	3.6863956557584077	5.071175815420323	5.44228892323527	4.568875456946833	5.249824618645049	5.341155465132653	5.2508769430466415	5.266190012771188	4.587956119370451	3.5681787674538565	5.152544152553799	3.3870627152788817
5.707796484593556	3.6257712977495244	5.039392708632852	5.365682278336559	5.1311943926002686	5.269265379967989	4.729657660108525	4.878860966252971	5.691289507860909	5.2594993894769555	3.911226569514712	5.4139500101157685	4.303946340614253	3.4625046055622875	5.2534056179934225	4.575275459576831	4.213202529779484	5.178443719137041	5.010492519160974	5.041670766891033	5.190179642151412	4.576100028434184	2.4243120656828276	5.242767150052507	3.451882641366483
5.654843641605267	3.6320739152982817	4.868002677126036	5.338475270845316	5.324040113833293	5.16306336317963	5.259784708260401	4.794993572752249	5.6056674357251755	5.195896770999576	4.5374503337461025	5.3892160314673125	3.815178177365816	3.9754502377103362	5.249374820199654	4.890371441066002	3.7052100621362665	5.365021665310088	5.0383918483269285	5.370010640648138	5.140412306867618	4.800946157754111	2.3084918170678317	5.379882788140383	3.7516670874677454
5.675258749309371	3.5842636774622862	4.835893451028066	5.184042364127215	5.479096805771384	4.990292479817394	5.362131177785185	4.767791262026309	5.621545056626376	5.2922844589950016	4.096989311386811	4.720089719903268	3.9315198252573005	3.8282850333490064	5.070336251118418	5.2330227542587675	4.270073420231243	5.384242357512956	4.643890366797069	5.312743887342016	5.416068848090399	4.873708336886275	2.023484663903281	4.908290598980252	3.725602516815636
5.560840245280118	3.583571891197748	5.014564834416759	5.224563702214052	5.45085810091768	4.756038646278942	5.353207687247743	4.474628799009061	5.4761825663703085	5.288081361863877	4.892823719103749	4.6026139423724945	3.7337529548012065	4.3749195878964	5.177584377467515	5.499286644087825	4.571468358351455	5.387078252907171	4.544994397670531	5.260527167268639	5.309852040655003	5.367425096582064	2.1217284665418332	4.522105843236512	3.863150839671083
5.495542705686766	3.4517824646240762	5.079102419704708	5.233060873079147	5.530224215511857	4.802728766344208	5.2542395863288585	4.38958211209637	5.291667356533973	5.232992377048371	4.619234839607726	4.807954500681533	3.826181435691769	4.927473162686549	5.368041664351583	5.367324588252209	4.28405119429865	5.442714978484171	4.550780897327937	5.21202305545327	5.322014874847772	5.317121555236286	2.4002432573131927	4.0823988503730915	4.1337114253142175
5.464686675427502	3.2070944650887725	5.19169523770524	5.16742739927918	5.431934301268218	4.637321622917972	5.472636048117815	4.515425659625294	5.358139299242997	5.363701064680505	4.645637342991385	4.42941334731455	3.4872692807170638	4.956326339798335	5.082932489785076	5.020648235023292	4.774646532826211	5.367422763386272	5.026996649424425	5.4531133384545205	5.354924772190717	5.164938384569895	2.240650377258903	4.420967979275284	4.002120852372401
5.347620907383651	3.4805097645735352	5.008845991820668	5.159181808413222	5.414361220847525	4.639702744043668	5.44206269197493	4.350472758967609	5.533497440691724	5.40714954830507	4.718264689818973	5.046357849440178	3.674480574535673	4.810898120835461	4.7350981349904036	4.983343599978714	5.137234436531624	5.435797561212711	5.004739281450396	5.434299359195259	5.100803666490654	5.296608225662079	2.654876685075534	4.6095368292515255	3.7203181270360313
5.397019789238652	3.730274484164219	4.979082222137894	5.302919445405638	5.355622176343962	5.09929231972984	5.541431530313329	4.526585214275246	5.286500443673655	5.309894396459492	4.900151421378966	5.1835600727051725	3.650575330347406	4.734235572637939	4.664903363620576	5.41189315301539	4.927173136702443	5.563701671149991	5.093972888315396	5.443680713563177	5.188424211629152	5.2679015446599875	3.2136944419697815	5.124663119503681	2.703316029267065
5.4550563753805275	3.811035102543531	5.167649250011241	5.261506195722138	5.060547042430444	5.166515332898413	5.2686606094785535	4.788074151161223	5.341766811556041	5.348131181173393	5.1911694293981885	5.229724809115276	3.7043713924182504	4.824831387793508	4.537140714078284	5.265674283647334	5.272468596097823	5.595915557909472	5.327509002945207	5.410234617882227	5.2915565421840896	5.214672423847812	2.679757578825819	4.677182115235411	2.3099533059915354
5.469897721774655	3.701182934462709	5.0898954941181715	5.307650705731045	5.035421805350523	5.061837937508295	4.763061924425207	4.612186225207758	5.283654048696262	5.2147972157371045	5.181315420579853	5.066137192391321	4.262103104273031	5.090272147038909	4.800981780464685	4.746199276636505	5.377915593786003	5.531407346253687	5.3819823748056	5.681248039977886	5.072366613504048	5.319895502591202	3.2442855331759004	4.596279402077089	2.080580011677341
5.608393185381175	4.042245814894403	5.287726873861289	5.42458263861026	5.055903027083694	4.97640437587993	4.59841877097035	4.319056128318842	4.924627437300856	5.341600206306932	5.01876752236701	5.242728950233225	3.955200634607598	5.228521450819122	5.121823388803539	5.0051707502184675	4.875703199683402	5.431780377488508	5.243923478930748	5.572507061528314	5.083793182496788	5.3220540477222835	4.267919676510325	4.694976875375288	2.6846007445360938
5.520836044066778	3.5284877262937338	5.124691644897196	5.363661462722677	5.322743195604257	4.971129080359746	4.813864861134317	4.66838579664781	4.935927057157208	5.340162599025383	4.866461115065779	4.950953594271352	3.7282344222070796	5.195937175100168	4.924798338305392	5.451873665266303	4.97005309135316	5.441223381794558	5.230843060053814	5.518013517461954	5.4084891803166215	5.196030363541622	4.877404681625957	4.710940632728594	4.015198386745975
5.604435553884917	3.207260801272399	5.056702518732956	5.320546377435335	5.464590876023342	4.854181274625821	5.112018577716132	4.496217688686477	5.2619883553556175	5.154141158707301	5.177116040634572	4.82674051113102	3.871051702997267	4.484148905169357	5.177469189805868	5.4321384275323465	4.7192514019124525	5.393271921057804	5.007089947216006	5.438274551422061	5.56541543618138	5.28144564170246	4.776795475641078	5.0870750198315875	4.2753051259108235
5.531836702539994	3.46283685459116	5.055408713699076	5.468647662621052	5.279076666369108	4.899349007087283	5.072131719506042	4.307816091998363	5.198205677319554	5.044356898860933	5.091480557037415	4.9881187473948	3.887378267567236	4.616186195433754	5.19075852009868	5.593465822715076	4.721573840886762	5.4737191361086035	4.845233882944306	5.265086735515455	5.659822152853739	5.383535334461024	4.873633308755638	5.20741537434066	4.3498447532350015
5.54666664142115	4.611933222333577	5.034070325147929	5.286076962343457	5.319810426249307	4.944410201968406	5.165608842832721	4.554547910650857	5.417270045039392	4.880321589526247	4.846577782549477	5.114740208023447	4.400183817819224	4.44112029624192	5.080993398348566	5.596529166945855	4.954100377414751	5.25280933070627	4.587375159510964	5.2050218767318475	5.693780950654899	5.4400411653064085	4.737925850068468	5.203977430002761	3.9975550927063326
5.449877555837225	4.590642433146874	4.947761331186545	5.26689371277582	5.225123053896053	4.997828336881913	5.3821376509442	3.7375988103649322	5.426442823328246	4.6856208287734145	4.19112369790313	5.275199830380611	4.283565382478923	4.5118911305037175	5.016708929115511	5.658242945404378	4.986024588378272	5.319683876355278	4.473620445812265	5.226244931362387	5.588885723952277	5.458845987440792	4.775252063795952	4.917924125568326	3.072650871996436
5.405055289647209	3.637150602266027	5.04860463624886	5.3638560341433195	5.388203216654587	5.203828028641408	5.531929466370168	3.5655351649248033	5.4460981606568755	4.74387742636696	3.7030343441417286	5.276967824951013	3.8973572491892146	4.702818369404554	4.640425453722082	5.646781184981608	4.652182825700581	5.513424929594492	4.597965540213916	5.121396445343467	5.620485804437736	5.543728005750626	4.5598869935172335	4.804398229882207	2.218837664948707
5.556863865680864	3.647749117713445	5.014518328159296	5.289812336187376	5.420634461319316	5.160386444144943	5.423826197651387	3.9683671149080397	5.341683652889879	4.872126772566045	3.318194664210735	5.1067866676952836	3.495130661090289	4.006665112476335	4.7183207108888325	5.693538573046366	4.609028941469944	5.539230830894122	4.548853020984822	5.280372789356798	5.521228424455952	5.544556062181283	3.9502401784323555	4.6480272592347776	2.3283089457055124
5.53754573486023	3.8133248551303605	4.903238551623445	5.2940655863545345	5.281814458110257	5.212185438120662	5.452064834490331	4.177317915064013	5.28493815786123	4.887590908482423	3.339166823668239	5.203552890753194	3.844829291667567	3.932910689106064	4.848238912911074	5.725755624751751	4.779597172327415	5.581005204215565	4.901139973098801	5.341577947860138	5.434322058747584	5.511883191750008	3.6837989274209217	4.396563445222149	2.725784216823898
5.607057376753266	3.9878539904278223	5.035416100898158	5.16856220008539	5.225554220725567	5.182138305485573	4.9752260003062645	4.613480933517337	5.173496053967745	4.87621145367914	3.9160852703971587	5.070375722698744	3.24872987671628	4.050491684179406	4.866738649530402	5.669022927649437	4.405569218422898	5.517539066171776	4.903999310924152	5.534409518448439	5.277446577763812	5.62271603872719	4.941378301887572	4.530362273401316	2.7566139097323754
5.555812106104938	4.7194631273747945	5.073380786588431	5.043219745561858	5.1730901288242706	5.115323450034663	4.865689667681836	4.6971463104544595	5.098635938102667	4.936725662463797	3.796169908067291	5.337134292705218	3.2879645866963636	4.427960002111508	5.1808409315193185	5.246737102650104	4.677282933403156	5.416177596519544	4.94003062895089	5.448856081787099	5.2547257240929435	5.605749436534311	5.1362918224124225	4.124623483382514	1.8841410164625634
5.510638453100924	4.85512996127559	4.824905556387658	5.462662610193499	5.247841079176573	5.185028766850008	5.0837550493022965	4.917636468633904	5.230673024637884	5.003368225229076	4.30867386444935	5.210406198402916	3.4143949962900675	5.052442138329379	5.198966436042503	5.231140439088182	4.210183987511973	5.458035659679175	4.941700043289813	5.509202567132196	5.244152871913722	5.548199414050453	5.0162541390710516	4.351847652444893	1.9788415150836305
5.645168414806106	4.732988658546503	4.986619092431914	5.454965163520675	5.25169489741577	5.100344774088071	5.164348236657116	4.878217506839256	5.426920916300138	5.275355895955271	4.735355011902609	5.385311958404247	3.477647595048941	5.039824714165802	5.250767863389202	5.037058020401206	3.987331984462162	5.491187683877538	4.955247753475241	5.5017756218664635	5.285549182009831	4.888609623551195	5.492868514711922	4.503048722637221	1.7990613552875545
5.5081162898426745	3.7403720660360875	4.718109554452792	5.242043659119514	5.346197132637141	4.989318587563764	5.1257868581529245	4.847801181835364	5.270299143247814	4.930965385655549	4.863709350411894	5.185564718962729	4.45040984998693	5.139701155899516	5.272219866344935	5.4257587431539065	4.0043111470008546	5.403967736127459	5.321445379053271	5.504401878348206	5.285250235041765	4.544799585004261	5.470549329712135	4.8172715742527865	2.5718021606585117
5.574331253958066	2.9476890730157805	4.842097416276859	5.422326366298209	5.11992652979041	4.99802300690161	5.236103293498821	4.8291012497303845	5.454535520277538	4.946397648212959	4.932002685344304	5.024845786852058	4.625469555179313	4.942773524423561	5.128490429887416	5.598362980030088	4.439446725838738	5.311320069327659	5.415299924460898	5.390328731346693	5.261405533376605	4.558212397291223	5.7029504778270494	4.661392931174594	3.3524761405901193
5.6657770631251445	3.0799854236418516	4.86438296451795	5.414842689244508	4.92376646711698	4.96710418085387	5.176763349683509	4.926063289791491	5.541827852130463	4.452504645364623	4.857332418324356	4.978639887447587	4.578123230733501	4.804317686779546	4.818888789937785	5.296136660117492	4.442006481442227	5.394337480622452	5.34465978043076	5.3030708026861895	5.396098414153061	4.696611141272184	5.595532617058447	4.651213736548315	2.9655304610927993
5.552990534519621	3.5991197130354244	4.993248465350626	5.459276934020296	4.889770808916539	5.307659784845886	4.883497850193265	4.90111314308218	5.335510432378211	4.4133528184057	4.100638077199329	4.679739133288484	4.809669769342822	4.744555878796365	4.803820476985453	5.443869352379147	4.921961074857176	5.2240008529011215	5.341641112007903	5.457034327685461	5.4510467487007706	5.263302356805268	5.492747793456335	5.1342138216156945	2.620188960032869
5.41826022518934	4.673122291131422	5.298515708509699	5.367525041102281	4.9210850109661655	5.420423868394089	5.0418423169541295	4.4910118138615465	5.493236627990909	4.415704847312829	4.043978369654372	4.614569811631134	5.147791934457361	4.801387688486374	5.08301850130314	5.302492529172836	4.650371254838712	5.23694352440342	5.4603861506529565	5.435169152426976	5.4084979221571805	5.054091123421098	5.031620112494417	5.069113365312738	2.6274995978764486
5.338603339107756	4.678628324556174	5.171881128557598	5.560883104233068	4.940495550542475	5.269556131315057	4.719168106064181	4.408343885376936	5.304950408720824	4.518050217633597	4.178916062655576	5.142496146203695	5.180490364192677	5.09030182871024	5.03051719285182	5.500897341884581	4.039698434734317	5.415547459794445	5.5030828241692875	5.356305277445948	5.423354607044787	5.321465812088108	3.783475660860303	5.317303781161158	2.3489130082887164
5.328024958339346	4.670095919134544	5.269040637807618	5.586782223723635	5.294349397059741	5.067755310517193	3.9401361548712983	4.402795819653191	5.474350194254625	4.645373906264145	4.27375252633228	5.188881590872257	5.204061537291101	5.084962268583964	4.959654140315907	5.538911998198944	4.028867116658154	5.3465303114974025	5.263304573037421	5.432051533048769	5.553951773485919	5.4018447865991455	3.636005597757615	5.341501516336994	2.642306558164499
5.276679007264824	4.9539317121660025	5.360588906771812	5.560527660364684	5.336342044621244	4.805908619862954	3.8166756256217145	4.410442439318484	5.620075581504649	4.30152828210685	5.305733753195485	5.26221723568206	5.007357779050189	4.871565884626789	5.004222711864079	5.587115146371365	3.6940988730305357	5.33095806204444	5.245350054375658	5.452383889829221	5.604151077408782	5.374861092621095	3.402685956421845	5.176750555889889	3.605373783661892
5.61778321110729	5.081890709384914	5.124801873785851	5.480536826707736	5.379855463596656	4.834486441568606	4.268770566899094	4.341974968077047	5.74930609844479	4.319056515598985	4.998044418406501	5.448130663569635	4.643491613757747	4.817451483401814	5.21827277204771	5.25919201769996	3.409209259427747	5.2200903755862385	5.356757587243225	5.294333550591741	5.587667950242521	5.274158160146166	3.667510409005659	4.868337921033267	3.5637502564781727
5.628160162799574	5.111191791812528	5.193803822607139	5.484155672628086	5.419084352097485	4.872237766592458	4.427772604644915	4.615428829406293	5.7620541573101285	4.345956374045289	4.939414037395102	5.359808873870559	4.726357431014997	4.683169731097692	5.1138447839568375	5.3382600304681445	4.010245861451135	4.928668576892924	5.262371096953807	5.392873805710616	5.527913575461726	4.945084170913511	3.8716750937240674	4.839841643157263	2.3114466720785516
5.347035799289299	4.789004403521988	4.874160897674761	5.472872646110712	5.439611896776719	4.973487080112628	4.177328990396094	4.708393813594635	5.781863738225167	4.153234990603356	4.791645457165429	4.990737237873955	4.715194314473424	4.572603827212782	5.195401535570583	5.005875461290856	3.877229894565388	5.0451080659223	5.360601190426189	5.350278437529864	5.523313105767018	4.624181421475241	4.0360160698999925	5.1948408802929045	2.116618826657293
5.354072241645241	4.266913081707582	4.642603527046526	5.129667393890772	5.35981286178991	5.0857044904198965	4.955159774872145	4.853687289096029	5.704606833598838	4.453216019595909	4.753504961997579	4.886715441059995	4.425347079656066	4.128063867372111	5.040487829187655	4.5085599275841295	3.8029010954375027	5.204152217655398	5.417153571452446	5.4962000711463554	5.498569060150787	4.614102174073817	4.328564414192	5.045741057135932	1.9515373473737894
4.966138401617342	4.1751868326170465	4.754875954764754	5.149585173803868	5.377397355669358	5.137982995807531	5.39780960032396	4.860573768982862	5.623365718301556	4.480081824323965	4.988418770179133	4.762707159557843	4.439423981934695	3.830661939335602	5.028361475132059	5.032365478442043	4.348355682763344	4.975745936177157	5.44878746930301	5.24188071468328	5.449306256976519	4.727813256735084	3.4075035314308066	4.980730648245097	2.33438533260495
4.988382567294527	4.5759186178297995	4.77270387475423	5.249746995717136	5.117561275600745	5.200028896028787	5.481712520040851	5.119903104934013	5.616538219442777	4.54065592214196	5.022544661879069	4.870001311615908	4.45700301548555	3.768103961296593	4.951833708033755	5.563340930567204	4.306589470300121	5.208266325491751	5.178239279216396	4.8313701725946	5.44658344863586	4.973268405907182	3.7276580419074232	5.066170104070936	3.107904519181662
5.343770083450974	4.309642294747299	4.98126822096816	5.299184164145133	5.171416884074949	5.059931641035988	5.240336845630919	5.079580609731167	5.682076357948422	4.771096411546742	5.158804975509581	5.078963415774861	4.363708210290012	3.806498478729875	4.685864829864477	5.636187268756906	4.285567483888648	5.202627753839093	4.877284153944016	5.090385979834595	5.54901554958203	5.297157990498194	4.140335316145063	5.237380068719691	3.1522467323742918
5.399686911845238	3.942061691440792	5.176465602459366	5.37049105976834	5.017793723653828	4.98591504099545	5.1307413961336605	4.945779760008766	5.668708928877184	5.178307064959962	4.84306844263293	5.170262010819732	4.580043173802615	4.40381834417192	4.308253440452805	5.390451157854792	4.646086900164142	5.345321732199261	4.881604026842451	5.375824693989771	5.514512250668921	5.37291681617257	4.310692678839915	5.13543402094105	4.269799302732937
5.6039860072576495	3.8970027833621255	5.149678832490682	5.329382512308954	4.991154507100795	5.001040471048082	4.922095683341261	4.7883986264289256	5.636552753443927	5.320184678331132	4.571204623648516	5.460225642653	5.136747552063999	4.809711922318685	4.050536691123196	5.42063353828337	4.928997071061354	5.279753761137818	4.786878164220477	5.297523426248929	5.379326946350074	5.438963487328356	4.425371877058421	5.362981753678077	4.2143561412991115
5.6772212633341566	3.3529872971788346	5.144765487498983	5.345919203047432	4.8642903523503245	4.901728468686288	4.6406161374421755	4.6964061403971815	5.586394101068144	5.4352159811016065	4.448809473680733	5.0895447802730835	5.082282181524679	4.92283464810658	4.362235785006892	5.570964251759699	4.891890253965613	5.146495021634743	4.779670688650598	5.628290480358331	5.251814613271962	5.41573456386037	4.799135184189896	5.191149286827693	3.2203157981940094
5.682495357615484	3.8105715574012278	5.307651592331928	5.347076490184792	5.078605442906058	4.817411806657344	4.88571816708873	4.872673198817156	5.597729712465787	5.620709492004103	4.3213576092235195	5.058513924118449	5.053500621537407	5.014486215433748	4.7673783282178075	5.660078668181277	4.964264349270934	4.999418728356053	5.042684302887446	5.52426085184957	5.340609826516484	5.446193613447516	5.331022871199568	5.172207579972119	2.6318290340239145
5.531413542541052	3.649058699797813	5.2642372964198305	5.1716511796743925	5.191659793751893	5.1559908244768575	5.365987336850235	5.010416378322227	5.575468857465053	5.534812242247033	4.4669342068145825	5.067037278920794	5.049696988742622	4.9608918106864754	4.89993486698663	5.622655853053065	5.198030115115839	4.8108176971198535	5.140142801880373	5.509566971387171	5.462174474654086	5.418724127641762	5.4199982383643395	5.06895690887559	2.312864067051598
5.525102011281048	3.86472246425677	5.089414935699995	5.181136680001325	5.22825487631916	4.97392209141435	5.436347794717272	5.224001581670849	5.5817342866570225	5.238822138729991	5.147511510603963	4.993544919424737	5.036663644785623	4.044113088493013	4.960711589320237	5.403307956763337	4.9881221663420625	4.95359633360529	5.053238905751774	5.477615568028615	5.381242221648523	5.436396299177412	5.125532159811703	5.252559437730728	2.885046178847214
