4.9524861498982435	5.400634345073078	5.013904411505765	5.04642156485876	3.12050661824672	5.222718033851653	4.768740651240465	5.21778056340313	5.4348694532486705	4.531910565817961	4.125803538406503	5.014069118184319	4.8828777149776315	4.494283993900935	5.198177895316191	5.412033483193576	4.934491243888769	5.363976292580835	4.248497700475849	4.914615083806323	5.540612507686072	5.482124796839434	5.018720532609381	4.460675435774117	5.002862016947768
4.983713056929284	5.4076363774433105	5.1089798437544065	4.973261753862802	3.0423593836931677	5.10223448503463	4.832105344817439	5.30489041650031	5.5164327858468125	4.341748222388071	4.097849784595476	5.072561193647131	4.722833424576208	4.497662240025188	4.938997663130537	5.480418929025376	4.92661002944564	5.450590642263801	4.331261079523948	5.049286214269606	5.452314548426441	5.538319744414603	5.035181002595778	4.557011852966765	5.051009075106628
4.95248540143001	5.350809137938966	5.241692733116603	5.058436984623057	2.971892824940675	5.301849335899959	4.959936833359707	5.22478607212511	5.442630564758614	4.126358030328269	4.010659037103789	4.915631838316774	4.810379296639821	4.611822609137447	4.868692066164941	5.534317281766239	4.517443371446012	5.232161809160968	4.320928131003404	5.088526437961242	5.467202549140055	5.586587702610079	5.026422948951093	4.6709223009122	5.117619498891809
4.915544984796162	5.2448845241530675	5.192161630531917	4.9662080149972585	3.055926604142283	5.35653819861616	5.050675713388796	5.20329303095256	5.4895928656962125	3.992715718943318	3.547373342742819	5.005967446698881	4.714653281515627	4.328130094537405	4.693462313893599	5.776134424586119	4.475368921501234	5.299403429676646	5.022602115652568	5.091880191287193	5.321112582888713	5.5913748417476326	5.17370878527078	4.448317742663907	5.3226058283972835
5.053787106041508	5.240841504998875	5.18489347009333	4.95200103284566	3.0387232178352583	5.4131556097415645	4.6095457036723255	5.12781277024573	5.569410401624082	3.753626278302503	4.188631289207257	5.158801383472372	4.593996392213189	4.616265339257386	4.712771460690146	5.739647766694491	4.537616244389983	5.363467882412058	4.8133431542615375	5.043723070176488	5.56181663668714	5.649475826777633	5.1838513594653515	4.330906144013334	5.098428841010821
4.771921929590662	5.317122399846943	5.132019830463902	5.417594324227158	2.977266683090342	5.408865589755931	4.619676397018017	5.083170022087731	5.519738142096814	3.68756137598789	3.5520112084670514	5.142850477719631	4.600349633899786	4.599556408994127	4.8313756980566565	5.78561977098815	4.818712841715155	5.320033006441421	5.1230885535945365	5.254085162500821	5.60321886128946	5.700782203201038	5.51498126003188	4.1896962977657415	5.065319612285659
4.731001759660462	5.395414662924923	5.130016135943309	5.150749047745002	3.1259307140957104	5.388914438312474	4.543505024816538	5.07702932069539	5.392363058052202	3.569783211814152	3.3772235374664232	5.144691776741276	4.610377808828651	4.612307475306551	4.709733310009383	5.788659379785382	5.146730758076193	5.349202568949868	4.997787258577788	5.30446274540487	5.6673160271095675	5.65572972628775	5.482950802999689	4.112489282000299	5.015630965529028
4.806095123085006	5.502922277992	5.054601298468706	5.060058140377543	3.015830480279364	5.166513951352525	4.583001545157947	4.934315876031015	5.25113023129463	3.3913018645209627	3.8032170562700016	5.01302210964197	4.656647674239385	4.774696887853234	4.561470405283861	5.778344335003758	5.040371396574096	5.380133125757627	5.106398599415411	5.28397198971463	5.812139885864077	5.5955863043116025	5.440299812633746	4.056332185483179	4.82904350823461
4.991759543790815	5.539525194623422	5.088515546187536	5.1458785859750185	3.0665302944751827	5.074203767471566	4.645964886626346	4.981023819742782	5.245201628510585	3.5062786416954634	3.8877203068703423	5.033128407237809	4.7907480970849505	4.883664418657005	4.590170076515935	5.7092353254515675	5.200079406808793	5.487729970064255	5.092462427659738	5.257848334977398	5.750678258904182	5.502303208257969	5.572141046438925	4.10635907115895	4.966666056247603
5.202810624898544	5.358073106066552	5.1977733652650775	5.038716568814382	3.105522194787881	5.276353597904044	4.645322668496323	5.097269432634682	5.142414302464337	3.4423445913529855	3.5611639771711325	4.993589172555797	4.871064332274139	4.867543477405192	5.187959007777457	5.730697791426374	4.985543670628619	5.536894230623745	5.111645821787226	5.310971072922788	5.724250671211927	5.459558671830304	5.582586520142942	4.141338657522164	5.125432288800297
5.141207647135179	5.31664139446282	5.065139227126892	4.896532487855102	3.05441561223563	5.308287670692394	4.499582789574563	5.00454232737945	5.341201597007848	3.8131620830987667	3.4474088886780425	4.832228695461364	4.771542513965842	4.917992985868274	4.73727431146985	5.6928336951329355	4.7838480982969065	5.532335710740374	5.081513128591006	5.221816848156171	5.644855948025533	5.51695670813158	5.19788581081774	4.2786357698206645	4.983972380360532
5.234087786679037	5.34207433022219	5.081716001694579	5.1373248610234805	3.047735807099657	5.432582683541494	4.554018674042832	4.823870855639282	5.569791474524018	4.325632160996261	3.1758067607133125	4.458331427076204	4.94066528392014	5.031452216046507	4.928156791855442	5.725994963692443	4.989818340197147	5.360783370125728	5.041868195539155	5.401967341157955	5.641515805828519	5.577096449169668	5.146409131745008	4.438559613302145	4.997492063180704
5.065437029227711	5.349360772336297	5.003734767717969	5.442847770489699	3.087884971219559	5.280383397084803	4.800790347228099	4.918505380888662	5.507682941511636	4.080556216664431	3.0428776623964042	4.37311766122854	4.756458258183647	5.010921070974162	5.068678452902345	5.747690258120099	5.08486486093611	5.294736741386469	5.054522299715553	5.400090714780675	5.580934079845328	5.628384788333177	5.035542876919452	4.491585758745248	4.957722527743882
4.811792011820883	5.4735734624113945	4.8610787308912045	4.953407416970132	3.058825983053678	5.286484414537966	4.957793693722242	4.873339707404309	5.518153610155423	4.085638599596496	3.518703711844272	4.522424295115991	4.780326369540763	4.958149924403571	5.187915009858822	5.711088819428909	5.1149727865376065	5.151679064356246	5.057255013153508	5.427861590543784	5.583381948101597	5.5701583967777735	4.973111636680979	4.575890943694019	4.924480460260655
4.719768588519839	5.294695012188933	4.908781899141626	4.313495682589808	3.0699723675890516	5.3021845816911695	4.965338458991627	4.905534813458613	5.556829502534018	4.164340743033569	3.7665659006482812	4.2620304880061175	4.658902773433589	4.740393456030711	5.213237321926584	5.749173743582095	5.034663816605949	5.047045428935625	5.026999668374456	5.386052774551303	5.459263151605485	5.621926447198757	5.123597872961695	4.601726670780163	4.883054131529123
4.825818034852654	5.2419967550904625	4.9760710916291115	4.231265916019001	3.0452518692352584	5.3697077802674835	5.067870404103531	4.886951700506862	5.504048546354179	4.115079658617956	3.2744677564593943	4.707753613411361	4.608961200976115	4.672382449601145	4.701996690799201	5.807164223326572	5.14320431664562	4.8948133436789085	4.545011257939057	5.228230183390008	5.403713096181409	5.577390325333188	5.096215457801489	4.710385663256344	4.773426980282716
4.912707600838843	5.230971664117689	5.056062516189853	3.9696072181838984	2.9466072932155827	5.442908046270836	5.179421033032696	4.928755467460236	5.390632350703179	4.19933740128941	3.4643018911310195	4.786517904508795	4.536155261810363	4.692561036226212	4.629144954720149	5.6973458012200515	5.05163572552716	5.001278128441578	3.2850143199172823	5.2803514229005355	5.53416608868967	5.400575266072219	5.251632731013276	4.70245993793351	4.920660886159665
5.176208879234332	5.247029478753439	5.06543653743118	3.5411535177396067	3.0096609697278667	5.356176786797548	5.132022076187874	4.934460029316374	5.390876195548928	4.056981914418241	3.5810490059320945	5.059765811912073	4.56788751655806	4.690899909131039	4.641282701980981	5.67697151333305	4.83220165029524	4.777967942352953	2.7501708881098272	5.228957273033025	5.565899274176231	5.4647734057933635	5.127716513049887	4.60273483241474	4.988398090829185
5.223873777786259	5.342327334588263	4.940771737156504	3.703793367527093	3.0704666696849228	5.33091145330038	5.260092651203549	4.8984544066611155	5.416281961409024	3.737445869540115	3.7625873634245	5.169097292177419	4.697248038660161	4.767840635509159	4.5605884048204075	5.6288399984897	4.794909634186972	4.921728099515197	2.263913414341959	4.959734462670806	5.516780061264512	5.280570675053074	5.244215328209212	4.743739228776768	4.760131720018765
5.169323300809648	5.439501862534959	4.900868341193819	3.476449327302297	3.1961738849286223	5.219249927218485	5.234323930181999	5.185783889669445	5.434929445460225	3.696614740455966	4.398329652348433	5.225329646310148	4.762220634676314	4.442081024803859	4.942005779544574	5.637176349031356	4.892837964572928	5.239645403246801	2.378358144765555	5.007733397383282	5.469700396849043	5.247667444855774	5.416023171630662	4.514815290442863	4.8064911471402185
4.9744570674506265	5.37232893471783	4.843126892234267	3.425524761869915	3.125371464823335	5.226566397384951	5.160641197831449	5.325663222257317	5.511838748325396	3.5512608532569145	3.7102238456605727	4.916060500395751	4.797688581711065	4.392310560027629	5.450110365798816	5.68146595060476	4.972734451261124	5.128858745171632	3.2946720642228953	4.917417041814105	5.583653913259639	5.423053909893734	5.290613579649304	4.477714007838898	4.679831809381374
4.570494464897607	5.278025310714648	4.942773893797282	3.8145967711193234	3.1791351516413693	5.187267347861529	5.158019615322959	5.33456879612431	5.650829045729333	3.4035433948849607	3.38026507955802	4.920688759917504	4.735578297524881	4.416107866712502	5.475379040974067	5.639100922517877	5.236608783947381	5.425163177544598	3.735502484631634	5.0161579845591495	5.469033733839403	5.420797467542954	5.288123476806556	4.54403944073343	4.484866740147657
4.7894289358033655	5.32918360130942	4.77846553419496	4.283954120558621	3.0771451368538476	5.253107021471408	5.284520845394192	5.236069548778413	5.6097367997097	3.964416719941587	3.529288215739821	4.948869526218471	4.676699533468478	4.311188992517849	5.356650599732933	5.6946412278965095	5.124483522711989	5.364857400253429	4.682072564888914	5.0716494730868025	5.5525688813496314	5.399679509282461	5.415779140465194	4.531109961719551	4.236583006463518
4.735709754497969	4.94376991788538	4.846598394491101	4.690934893388693	3.096532457041253	5.3496336516991425	5.372151184486504	5.371631313803624	5.515248021042526	4.2600001811157115	3.0388789113828047	4.93437254345493	4.796864407411058	4.4348105900938055	5.311419071688045	5.702851402011236	5.155918361114018	5.332074139525657	4.988821838510825	5.1542275676764655	5.506159027822717	5.518292063590881	5.161013761637008	4.486922235428635	4.081042440045295
4.930441080039687	4.723107497507684	4.831553661804538	5.093279154852434	3.123607772026467	5.554853144497378	5.260669962435878	5.262568310532927	5.488885217061548	4.100909283764811	3.7445951291420396	5.142944257260265	4.9031473391338345	4.327858848308212	5.145534463741831	5.7506757196595455	5.248691267754909	5.253239904321285	5.105755513341937	5.271453741753633	5.4175231860637965	5.47942119207066	5.0527243628730645	4.708879113701229	3.980862203286466
5.4152300673188085	4.280009584943445	4.667508306756271	4.641963257674535	3.0679192578730463	5.236941796920337	5.084481116352196	5.248149964735681	5.429602695433832	4.174842186244392	4.021384066814786	5.149111237282929	4.8398163014808375	4.210395352475161	5.023100594493268	5.682817617363	5.230956109608241	5.171527699426784	5.158863189583208	5.363250720695104	5.494017262582178	5.434839075456864	5.108313455270803	4.617927117561652	3.7528398839396058
5.338805772542368	4.271981401387749	4.67450156468128	4.583549894220892	3.224041248080202	5.1687318282923425	4.901273196164268	5.209092127020924	5.458078098495231	4.061417347682562	3.8077079046497295	5.306835104411273	4.981211183358341	4.147772659108363	5.028346030655162	5.638121101601544	5.145541842547884	5.3243556092416515	5.088728947815101	4.963594605920087	5.490524111483451	5.424220069086708	5.0625411276544074	4.709190744337851	4.261993403868161
5.369593776980893	4.6780956943350605	4.721812061328958	4.604064752694848	3.340955260643751	5.2512821589896514	5.097690037077158	5.076541556121251	5.4125159874921565	4.088339744431835	3.859215784334559	5.450280917402565	5.088510732638164	4.246117279346026	5.055791747127932	5.61971481339121	5.261104249112088	5.143152493565275	5.1341237761712755	4.904661960524272	5.592562994192211	5.313760290927727	5.379214213907898	4.50801823172723	4.184725158028766
5.057864524460221	5.0300048307103715	4.586159365453086	4.508094326520714	3.284007068072407	5.336224361842525	5.276136311714619	4.9018659890770735	5.38408351633099	4.036732980983687	4.2298645393089975	5.328681899045686	5.201558284262699	4.621303927307154	5.248959712712766	5.625070270796632	5.066704221810332	5.107921761193238	5.2009340620925135	4.909787341592588	5.61250846399147	5.240553118083021	5.383530415802216	4.466104943025246	4.328064986147987
5.073005543348988	5.36747975272971	4.534265154517151	5.238494354205165	3.155837006839652	5.501978239085193	5.143784940844877	4.966627262125791	5.43520978147087	4.064929411440177	3.9622899793300728	5.365450831214698	5.3184684590251905	4.776620243854014	5.343584819804964	5.753488215611621	5.240554531104774	5.2949424921765536	4.254474116588869	5.152728758162859	5.673380715679847	5.327360101218805	5.394919292001451	4.363918692947836	4.53734726775643
4.7270472287581535	5.578732057138744	4.5453907901188275	5.366955789599126	3.159178570012144	5.6192493430942845	5.2944971709045	4.834636154505187	5.491946785130031	4.236161059454899	3.6955585631780123	5.211461239776208	5.312496596078584	4.828771092980821	5.375769383923999	5.6940812078972005	5.134598002062532	5.252865079303573	3.554526733555846	5.25382226820527	5.555934355368899	5.557456826698789	5.4614472637253915	4.21876364744198	4.954458379189285
4.586259907932915	5.528190838118658	4.493164377920952	5.321189386730368	3.169588703520935	5.467513212715211	5.247770635025362	4.990543829898957	5.6315663867316825	4.713510357388011	4.394940098076095	4.624443161907835	5.097378078187961	4.874776056966805	4.824742870603048	5.632789536571044	5.0401640368645415	5.327420397758849	2.674337152273274	5.247289922616773	5.475815942601529	5.509602804891127	5.414828337692044	4.227713451058128	4.837442363184621
4.569879563926322	5.418932517592633	4.675088164974922	5.323626088542726	3.14583994623416	5.363662261677942	5.124406341861606	5.001431165596082	5.6497595036471555	5.000499904622328	4.83629617402148	4.302711871532359	5.04137496385816	4.919542182331938	4.918085340711014	5.7334485349014646	5.098621165740093	5.2772585213490695	3.3518417937946037	5.265937420923534	5.365448200568881	5.53965209959827	5.126814521711161	4.167284254658835	4.861283800422521
4.63823472683581	5.396811743447997	4.865156369342061	5.312511238014475	3.1156098946608743	5.39446266299675	5.1710615153571835	4.975661480280963	5.55397622289841	4.979088408759225	4.602309655924778	4.673693956032159	4.893335755074641	4.786063371283169	4.766617038924041	5.790292516995808	4.887153255325463	5.20120263694553	3.4052114446694826	5.21441035298069	5.4588384760959565	5.590314340207208	5.179671016909429	4.27064468461762	4.695603439053122
4.608336981681197	5.490094389437468	4.772813727739075	5.12018874854509	3.149223431786904	5.385250926529054	5.137452488345378	4.905439668497422	5.511550656254095	5.103695432846473	5.064233696285623	5.00093514598113	4.951140448434001	4.468768371422461	4.626946538418971	5.802203231390939	4.8553749625199165	5.019119412408811	4.216297272646647	5.140551583429837	5.3393519918890675	5.575480472119723	5.129034543317289	4.1908773712524345	4.7984914194766475
4.780069432277871	5.410182050118052	4.905514965021888	5.090750464030927	3.149480629488728	5.355412427260146	5.109904652773085	5.017557029153036	5.399400222904427	5.117535669459558	4.386681909008377	5.198717589877106	4.968621166211062	4.248531762166549	5.136603282675078	5.785672822008848	4.808586100337236	5.014438637682082	4.305184982646794	5.101799496228649	5.445116582486306	5.627615166578768	5.042917555648703	4.25944576566349	4.570343557770841
4.69262526625058	5.369201227619372	4.88896649355843	5.004167544167232	3.1563450200742103	5.075426171062227	5.0415547164383785	5.010820445866288	5.4074634740382015	4.432071111065792	4.073132426316698	5.189739375157801	5.12662137586775	4.307379246858891	4.892685898573109	5.683638691821913	4.772774899309391	4.998219237519975	3.7998114952209194	5.152798017263133	5.284434362156935	5.6730940313138385	4.8597881334247734	4.434763363811477	4.702642288806835
4.607064797937943	5.291921880501778	4.731833413881251	5.005950186101985	3.135786197710945	5.310987480668778	4.967076718592992	4.938446359827973	5.491383181221795	4.4777548822102196	3.8359884772511714	5.010724013488666	5.060496446412358	4.329381548948943	5.057131483824343	5.69102822186982	4.865853302862623	5.2122012574080605	4.0984214676684925	5.10618301079846	5.477629551060157	5.603838767015339	4.5948681006057255	4.597151945502505	4.570251677097352
4.688090239270288	5.156890256616295	4.690804462450138	4.992398365319999	3.170028953010713	5.525367133837933	4.958575986070506	4.919333090558716	5.6047688629142245	4.443949715841612	3.539431298108121	4.954941768937375	4.955510784990084	4.481664652576589	5.177734098470079	5.663647432503613	5.0242147760709965	5.157473468407001	4.068210812294533	5.239806160671573	5.527384464899126	5.529846363874984	4.633305700346233	4.578843621226727	4.374340245663731
4.721333249520614	5.212694028167023	4.68343369900635	4.874286692720411	3.184348102914443	5.547747494426632	5.0287546450034055	5.051856288753461	5.499512110943029	4.150619395125777	3.327031891190479	5.3453776841075715	4.578984401563178	4.608587197772206	5.21702699825854	5.693488508238897	5.146850617406031	5.347783802530002	4.2511062256796555	5.270616635160802	5.146609648062281	5.432441300556651	4.8554589002105795	4.266041897517018	4.498797267007906
4.80743529404943	5.236926740572535	4.958689757208214	4.625187198702396	3.2925346139308105	5.649083707780145	5.063335780294931	5.154393184909343	5.4006395096074735	4.16571468269518	3.0217846457155324	5.52937048061717	4.123074814823038	4.726028649790208	5.324370323113906	5.727567808974224	4.170756220780833	5.410487020935562	4.611036344115845	5.280372550632239	5.306242643796331	5.043934922615032	4.939125280271935	4.189576821344095	4.150620271575823
4.639632092441201	5.273343470909566	4.802867252218633	4.699915264342294	3.3516700421730574	5.550284014315819	5.090594430996729	5.2273723794485765	5.449251624824444	4.557500116021948	2.9995343878640077	5.455803774732115	4.226190375918136	4.52403946790408	4.824790216234895	5.617096693349431	3.7022888403299903	5.226838801750364	4.406959799211294	5.2006112721198905	5.294550723158682	5.117048997545353	5.128913110412907	4.052318980373272	4.057205888730763
4.661553597972772	5.343134842295481	4.830583894460815	4.159509046475472	3.3614862977626907	5.350524568437454	5.150514684330063	4.8353562507798475	5.4944500617424925	4.357014622485528	3.020952126190026	5.111563095332002	4.278785279851999	4.6192817947935065	4.849701389433191	5.691789143874365	3.1850692855208216	4.931193782529261	4.719983372208796	5.186819408960441	5.18772356188404	4.992043498955675	5.176624723435563	4.191162373989023	4.297154139877569
4.720245436709235	5.320938252396913	4.782740494935225	4.480337208176504	3.2800013235224403	5.311014916918346	5.209554409138651	4.915148442765622	5.642667472345308	4.628146418754156	3.1343661087369843	5.094011919541209	4.481085798625441	4.337519251398971	4.583656354140825	5.724909380046288	3.3856778045593137	5.023875474109161	4.359548343408359	5.222850940393943	5.303977293224539	5.056966544148481	5.294340262316317	4.596785853825122	4.368331945918625
4.510717403876693	5.274727598209428	4.832659403593923	4.503964277514926	3.393218159102379	5.261780358418034	5.186639716235797	4.921859266592557	5.619322800070269	4.984870905637423	3.5082147540891633	5.162189258457613	5.009846698450215	4.250096340731787	4.488098542184436	5.636116120720534	4.624086318968374	5.093906380387011	3.4815875609264024	5.242633864077658	5.340403351916296	5.330677642927158	5.4468747325044	4.658610075655426	4.441859888889155
4.434583922531896	5.245699760523501	4.952898986261238	4.512304686187742	3.447998428861154	5.298221413229862	5.16031681786339	4.975388238258511	5.626461249458552	4.955153176551871	3.6180391172649773	5.141470358647585	5.023249895312576	4.2580338973086365	5.020391890370888	5.495804885608117	4.925069764034337	4.85643260590696	2.878542478340297	5.292685003347273	5.32281592206461	5.251802566341794	5.568012287112507	4.392071317483489	4.711780049633259
4.430996057636955	5.2075651304699235	4.999951658285913	4.570147408810496	3.494908569207656	5.306787341583929	5.127392290061719	5.099048235050552	5.551564121066064	4.94844196228546	4.301815548771187	5.27134465170109	4.902320065273132	4.3391039389507675	5.035800044353152	5.49990012989533	5.07495739593028	5.008843624606718	2.434379001376728	5.004547411236886	5.529127289244019	5.416133702541907	5.582590987434819	4.267475999389804	4.600565235958005
4.626477268302203	5.131149332456537	4.939959448138349	4.781047829384001	3.2200673387563516	5.23398139619235	4.88555898662596	5.12867290360585	5.611039220955937	4.647412153209459	3.9913698672321014	5.2643492896873125	4.893057468723987	4.450443503282579	5.381758099287379	5.618434902047799	4.952919119112761	4.921405597875763	2.8626310367341707	4.922194505087066	5.523998959991892	5.464725550233277	5.299830978485414	4.056394949002126	4.538527484497797
4.360694604806923	5.139450988508472	4.84452464497229	4.242449070427783	3.2476322723401307	5.2776583344508445	4.811082837060005	5.036874582074384	5.493545549259586	4.03851122470862	3.831240533630394	5.32242984464283	4.590145494374599	4.472874715012683	5.4322787387790425	5.818129290317116	4.652404203048914	4.873052020732519	4.157352560111064	5.0847650841863175	5.453652876905169	5.534040452997194	5.298979495407755	4.108964054418909	4.402344884699736
4.729755594627713	5.042761187830091	4.702864238822336	4.21593478733416	3.2195089673144297	5.288198742131896	4.90182051280265	4.971322340389405	5.28685026487672	3.7094971723230206	4.022260161670414	5.270709547909262	4.613493563328354	4.593560542621617	5.188021154950292	5.816429776423038	4.892782710087291	5.048403401849472	4.169265220711375	5.023148770512754	5.580991830549262	5.487307150585708	5.117819289393842	4.063538707277529	4.6271684216379425
4.927359119948567	5.0967214054350976	4.907099126461831	3.6647982391709686	3.2658029723879713	5.384378963094272	4.784871329114028	5.125380693416064	5.3452769392138135	3.4845873765101443	4.049165171068562	5.338620584152957	4.661652418069623	4.685782462213485	5.109701978531018	5.718514607766121	5.0457401384171465	4.954652767479805	3.3233392813262213	5.154264522721329	5.431267757472264	5.428597525695223	5.133354012606322	4.065653136804594	4.729315300896311
4.87995705119543	5.174846820436387	4.858408624535698	3.592683325926229	3.2627820844002726	5.316070121087746	4.72264866302932	5.1779830789526455	5.38859358106373	3.7360528567038642	4.352787306340248	5.485435544341548	4.6871140495612185	4.680429399218301	5.158636563603465	5.828078800685919	5.0638475147379785	5.107334854671246	3.3076576187202833	5.240960359670717	5.513805382124698	4.638487351117502	5.14805280982136	4.068302248215016	4.512470442900362
5.0992186993165936	5.264497376443699	4.8802013223887615	3.861953782809232	3.4124293700616426	5.231526588411447	4.789122661430154	5.292511341717966	5.448103006207864	3.9242053994601838	4.451219593118474	5.495160548924248	5.19307655146282	4.6761234088912005	4.544952109069562	5.7813409228885835	5.310755526307355	5.079486809578006	3.1352869986718805	5.143910019842667	5.46125866367429	4.261675182399041	5.2079358858195635	3.9748605951297127	4.599993741137752
5.2131314660422925	5.403590897372915	4.864622843408277	4.265904946731819	3.3243755809852513	5.073480456736679	4.9101565890635746	5.401378016660477	5.5007188243893195	4.171743862891452	4.199038621236118	5.426235200374308	5.205364854274025	4.934177335031426	4.505055199789711	5.783370108443516	5.481044599766983	5.127677120003253	3.13820516801464	5.249313378411787	5.496068259835214	4.230989243636438	5.276898953840229	4.0355302307831264	4.610146311042005
5.127440643128866	5.399928474591674	4.806176058205463	4.512019375177087	3.2401002964741927	5.029798685282042	5.056440527700635	5.267072248672377	5.514811205733317	4.312957137236081	4.237158178861175	5.357252070163157	4.991546989198005	4.804199789391956	4.488635343689652	5.850693290178494	5.3470365408084914	5.226163355799001	3.4329956348497825	5.259959769179799	5.316241634570688	4.234314763698225	5.294826498536637	4.0240533384968185	4.662109531909984
5.210682900086041	5.331468536373476	4.819095911817669	5.321910786919822	3.285291081927322	4.977265732743366	5.240822866972364	5.1276693726081115	5.4357175493081025	4.30320064868275	4.220470538073426	5.408049276360434	4.979285352261106	4.750874976201657	4.314580985435876	5.815023131617132	5.246738835219115	5.1616796690704465	3.1776553481074297	5.147092951806347	5.408173636283292	5.207646618231631	5.263906764406819	3.852353577356559	4.988409022358268
4.937520179869119	5.363075357302164	4.9173123667911876	5.208545362424242	3.3167262398976476	5.259960244132467	5.279743197816897	5.123867076727847	5.460723337581997	3.516363954696311	4.373459931839796	5.347393731031153	5.008721365456776	4.613501166694895	5.02740434073526	5.783900869331848	5.255402350607084	5.306121799555426	2.5130082445607593	5.197665490655589	5.355592226343347	5.573371997311138	5.147553097619255	3.8299368709724098	5.003751952761753
4.727249566320648	5.269507194048743	4.918833380955548	5.341605325016317	3.2214271101209677	5.06432507267046	5.1969268283613985	4.992295319780983	5.518478595845941	3.6945102312515603	4.896824582215382	5.41722683353536	5.014868671020409	4.285913012395458	5.2516763618871645	5.705239022955377	4.944535936228815	5.30660711417708	2.481381789656716	5.1984844258073215	5.2160908081572535	5.443741646616041	5.248391067912267	3.8455678564035565	4.206170882146323
4.759409064683147	5.301315487461923	4.704533322872122	5.152041522334173	3.176832926904373	4.898826170284287	5.330555959564828	5.222029965736886	5.507459721596728	3.5974787194691165	4.28798412069899	5.413810983646677	5.10566357684579	4.264410213878104	4.7208151303454216	5.784918378420041	5.059280487150708	5.399657745600308	3.0673858452364993	5.208697714763554	5.402788804654134	5.5250419599398235	5.204154793226497	3.849056253861339	4.1476083241336505
4.507056936774768	5.304011437050633	4.554560752657811	4.891513223760608	3.143293136384193	5.035347123281672	5.287781297512684	5.20923466930924	5.559904801574419	3.852369796572444	3.937182242239847	5.331239136166785	5.155820238378705	4.365816077108591	4.680842883375056	5.7592247041732145	5.0807083656187055	5.373561159957971	4.079028020265793	5.299410559105322	5.501176839037592	5.418788081711216	5.349778947457808	3.752596314375459	4.071972316584666
4.4916836527021875	5.283581154650508	4.510789199851732	4.537804173476333	3.107389666139689	4.995114078824063	5.211051745874397	5.155103936097195	5.385464391002123	4.396827180774499	3.6359958795097485	5.249415474255031	4.879433635408121	4.3931116992066785	4.6898582200862595	5.624983699248029	4.954952842228965	5.262792897742828	4.054081362946773	5.415109146681083	5.613001235323018	5.188707047201793	5.379857105679796	3.547031921698646	4.321096301907957
4.779805641167043	5.17314599331348	4.6011604499098055	4.045064538430329	3.3870190318560356	4.808910175330344	5.1618014541158885	5.100942168053958	5.50459669026527	4.934569883591817	3.387066615816101	5.185195337512655	4.31144027791335	4.448261192792151	4.750323128370336	5.710879128978905	5.015258390301392	5.258630743627616	4.703760741470591	5.253543637547542	5.58324055063858	5.390871103210469	5.3614428645317345	3.2877192514364344	4.990307012031153
4.725412572760398	5.205578177217585	4.647812899112809	4.2725775886127515	3.430848641457814	4.9941499438957955	5.127767781097598	5.111392971899094	5.4562327019442005	4.2629760526198375	3.348123218313439	5.221794874640545	4.346786219415641	4.350092566753921	4.648978426951543	5.701292616206618	4.472259649117274	5.311120479515727	4.379210949502736	5.1763092634209045	5.452634584025553	5.485927404371445	5.413132181307147	3.4369267698504133	4.845771129606929
4.853000750399523	5.270077908111255	4.848309650367234	4.266249342294122	3.606440986056172	4.929559698231495	5.128532837169453	4.933470743206862	5.553863696651874	3.968534064440181	3.7388659644701367	5.522852006590757	4.425748821541784	4.234085096993361	4.986869425544306	5.786377408775074	4.208682553091304	5.439705378313777	4.360039840861068	5.076315705639473	5.284792480524525	5.464110508279846	5.37712385696531	3.5483062518380217	4.674643308269438
4.781237505549052	5.463394945410525	4.780967209030043	4.691181249876611	3.5341076322453633	4.731635169711719	5.181397929075078	4.942633567668754	5.596159273537164	3.590752469786671	3.644716947593727	5.624161867532674	4.679812309373426	4.138316121120665	4.945596124988656	5.825355548299184	3.7057754493765476	5.516015076900091	4.755689348337959	5.016084796916204	5.368002031397332	5.4915711760148485	5.32080962294668	3.7308337114326395	4.5433039854623924
4.671678406290536	5.574489717938626	4.761313866004382	5.003170937926381	3.6443784382119193	4.901429629617398	5.150820872757187	5.10979054690792	5.680087419518836	3.3381679854131017	4.195820429183234	5.552804329110688	5.163944508490983	4.203878247441384	4.689275914124846	5.800016531876378	3.683200595599991	5.386570821878992	5.038059018910432	5.113810296497153	5.482125528390683	5.500219834725696	5.167711422079125	3.640672818123269	4.297302662501674
4.5080684963930056	5.458314642506821	4.787178384128912	5.21719825515998	3.489690774704749	4.871470811707491	5.108086436449019	5.109617872901986	5.709033647301537	3.708736720832741	4.251495629549698	5.5632068511979815	5.276241445298337	4.259743566260179	5.300103643774048	5.836855175611394	4.367986943684538	5.256615333720764	5.090232599767497	5.2375882292669775	5.507039609116436	5.494352499759509	5.255785692444726	3.5868117259504464	4.486670653077232
4.508695693554716	5.5654803501719075	4.804676392960165	5.194279539556731	3.289745822943761	4.83075723026505	5.098040599982385	5.050515427844357	5.6432534994663675	4.230076258396384	4.045357553088852	5.536771876113068	5.030765333365677	4.242810414894295	4.8952244703161645	5.793741252804658	4.647820833563644	5.267467303259905	5.333420412202167	5.173001174589717	5.60485626266871	5.512592627670803	5.349697072173131	3.6702569887763823	4.731684092337451
4.57225343607903	5.364211719875503	4.682416346266631	4.801359930077119	3.424504538682416	4.795987041998268	5.117302567432069	5.141643951332048	5.63042341341006	4.381113794545763	4.122905505654399	5.418974658490326	4.884385762157612	4.365699538805313	4.464498951173271	5.7983329761256845	4.535504902465049	5.1203794285681115	5.438064615337973	5.095695091613468	5.459877170039575	5.574175315774725	5.201598744675923	3.5567028781994035	4.7890321971651835
4.607555754731658	5.331349396552999	4.660463686784735	4.481307539469502	3.2584062197688457	5.233994817439642	5.021756032531423	5.13420970789944	5.509970252091881	4.298630591685467	4.420145580469514	5.44372806971483	4.761025378469093	4.269099446776386	4.586582212355912	5.784148660443018	4.50823301606731	5.247585559807498	5.124610019987954	5.115277366647111	5.621815264004824	5.613707829874465	5.177539820573233	3.858026647155401	4.832828338612116
4.630391788456179	5.310058789379305	4.620813441211406	4.492646561918367	3.241691638117569	5.413873283064286	4.980233350822944	5.053363004507174	5.4504054092140235	4.027248325603485	4.350740581539236	5.434684957821675	4.745787747622768	4.524593667481704	4.60696048784724	5.71582652880561	4.063307395698934	5.069291605260318	4.9481720434192065	5.129194074129184	5.49536959767033	5.561543910730193	5.128551789118445	4.001789886242963	4.352899876867812
4.4697195769960265	5.225112592358235	4.83615067920663	4.3653691416416365	3.2978644163977173	5.437682546419635	4.982000831426281	5.224490825071326	5.417130604288004	4.1005808547843206	4.548338211879466	5.3534370046028	4.981601029276649	4.700533845668566	4.5510970046373975	5.767000178956511	3.6663023325823803	5.126049822598871	4.993664577049066	5.177629966638549	5.61499893769518	5.587476237904286	5.22259525936298	3.8703404054964077	4.461063922875123
4.571593328630171	5.156067306075913	4.913984693448267	4.79564683996209	3.4408093007515452	5.275419782109932	4.958442930476809	5.16219663512005	5.354204076462945	3.8530403924713443	4.158593932384897	4.950270277737518	4.845856498146749	4.5275887762340385	4.507746613323994	5.759201150209917	3.6954719843096737	5.194565747717359	5.191958314426702	5.274315922782149	5.494108031473161	5.693997222902862	5.332032934974688	3.416887527118899	4.364552345970804
4.502618796522882	5.104399650272439	4.773706499157323	4.891259838117137	3.5473706582642452	5.193121087678281	5.015957116896341	5.050150747200787	5.486974196124507	3.8869707555008195	4.168531447502733	4.859028983696277	4.738525465512553	4.428543322471747	4.166892131469496	5.689672942323011	3.716543959068009	5.218647150127336	5.214407612068146	5.192392262920262	5.6608809876637505	5.532440324423135	5.463146992149922	3.3649386809864907	4.344637274840059
4.982844016279094	5.1220377795808405	4.947375306878771	4.931122800335618	3.617518412072513	5.126697745253278	5.0656647407523225	5.0150693496124745	5.4654833293584	3.9440111667800237	4.305470912764233	4.8954797559748595	4.642057437031449	4.393732733970769	4.011625176526713	5.747185737329517	4.885620031601679	5.3617911625214	4.788930903741704	5.150156076029862	5.613607331177003	5.537746128858965	5.462674359306414	3.3254641796705946	4.865622238057573
4.635997142191704	5.139841532054572	4.858597452184265	5.066736383512456	3.5602963292729686	5.296226550902345	5.007392862173248	4.9321888531503175	5.4923668102769945	3.01306362005109	4.600558615267021	4.84984268028325	4.722342893213971	4.297104475160476	3.867657792467677	5.702955730852303	5.103181599904476	5.334515472376329	4.705769776447103	5.3101453599702495	5.6743207806128675	5.530274371826606	5.357511366438553	3.434120506567432	3.792494150345006
4.682749404556972	5.0088467749133	4.859018627505664	5.06244751092598	3.557890698235593	5.352427544065529	5.138835089875473	4.969331074264182	5.559328540510989	2.8548253328322426	4.096786772575985	5.301167596469782	4.588448440924552	4.340582927752055	4.1732335219635	5.742213046484112	5.180572867610518	5.174735386760857	4.843652433968775	5.248531316940527	5.716639311044841	5.4808257406279175	5.013172786467213	3.8257751056304232	3.8382825300895846
4.769759882388635	5.198457716748541	4.76108129882662	5.079377450604559	3.402635592827119	5.313103854622743	5.4015505092518685	5.163708177081406	5.540549459102395	2.1637059866289787	3.7489912323617256	5.462666393030138	4.783209833157166	4.378444232532697	4.619769364901038	5.772137372165441	5.210842849546128	5.300114778204496	4.897489807905269	5.303843440826408	5.688812348075186	5.640550977347346	4.712464185476856	4.063563036195743	3.59443473386406
4.701308536533123	5.062184644071997	4.895379200088431	5.062855459114159	3.4716888441494316	5.206559201797777	5.328844648105264	5.146119281259483	5.470288480557395	2.501718008483085	3.413418614087153	5.512731045058049	4.564122770455833	4.612498912975756	4.635966174368481	5.722167007080442	5.155567047457431	5.298497886753689	4.595791075828311	5.323414982084469	5.629984870207495	5.5929097662215685	4.498275216539176	4.308558477663586	3.5897228817891706
4.866418412051027	5.203843835219293	4.815628481600032	5.128000507259062	3.416949743761833	5.0092031706861055	5.372650475069819	5.247859189686018	5.549796556125016	2.27421552683343	3.3468079415179592	5.455142430065075	4.191626720160836	4.5961973548005295	4.720260802226246	5.774410314168869	5.088141179896811	5.322781980998916	4.854300634634997	5.379464216519044	5.668339731661959	5.56557658925	4.367738810040871	4.025190945209033	4.571049641061835
5.044424444139685	5.18257175782276	4.597822343977636	5.214469025917963	3.5849539952454452	5.2023463045161105	5.318060650762669	5.375507037010086	5.505436844215691	2.9666965554235856	3.1732746616871412	5.5193806338308224	4.396423506240171	4.669092603580914	4.6151947197828695	5.827560917943149	5.128728044806172	5.441675996974265	4.983681902266553	5.347390559875969	5.781868978957196	5.535483254125112	4.9349808691833505	3.559723630877588	4.023369654345442
5.183115859680586	5.1727113328435586	4.540635598885378	5.30019049517442	3.5540560925370506	5.495270548196533	5.17552620669327	5.205767573575843	5.460101355040039	3.7095109180483368	3.4055887383302776	5.280806911015462	4.616658300005834	4.522062717095354	4.832989851084654	5.796211957203878	5.207172099982999	5.366393117655271	5.036312804199729	5.267170949502115	5.632672848984833	5.462106278217749	5.013097026022289	3.441100163008002	4.065787389004014
5.091874223283023	5.201272382029087	4.721231942970302	5.324887704892899	3.4970839578720816	5.382236549252064	5.33309628423201	5.156927846043066	5.511829610768327	4.010056160438743	3.526338886673757	5.145505755734391	4.630460406611784	4.431079826284392	4.840329265389494	5.742679174781196	5.1526190522449875	5.32325706503559	5.190523801604324	5.22290344931233	5.678709016535594	5.5234837815730575	4.911650642192071	3.45440172957273	4.579559849221408
4.9491868367292815	4.994566448423281	4.768345280865033	5.268409844153645	3.140034226039149	5.384812234788695	5.374685702630047	5.206112804969758	5.550816036038335	3.9635065335750324	3.570065553885527	5.238931323784363	4.804858252611817	4.461459489411747	4.884100174319625	5.613439838420822	5.2159240031990635	5.147453570195249	5.53466609046982	5.158779097360415	5.765703194093525	5.485398365620809	5.2098747895138375	3.458144164478669	4.557329639825851
4.951155538700486	4.7933408502241965	4.625988926016609	5.178608134290293	3.1279446738653727	5.261150868039222	5.378052216385598	5.038100268636395	5.533454271914908	3.558801925528562	4.0104532966964905	4.772967516481842	4.573464918324003	4.39872705191895	4.9798671662971286	5.715873223064325	5.089798792929054	5.178422135271142	5.36865936987818	5.359007914734898	5.621299103646625	5.486160024556146	5.22568396249842	3.5884325070291814	4.447120035891422
4.830824453746862	4.7870482560694505	4.557670029139603	4.644404353062837	3.1019230347351034	5.221704083681687	5.33972087703341	4.986793298814772	5.323821473814569	2.59766451201114	3.6343625098816603	4.7832340500226795	4.509605576080519	4.567248901238498	4.711852320256118	5.684432913379571	5.132360623527515	5.094346448705321	5.0864334689938815	5.302223789152103	5.718952966375933	5.500044524598035	5.13477435582587	3.723028325748533	4.706698325491265
5.0073019218195665	4.7687637840367145	4.488443600004961	4.554086226361417	3.0716003255382383	5.372617449211603	5.261023769961142	5.233231458442439	5.470548675691562	1.9926873409010297	4.06004551131528	4.836697008760004	4.634116560298991	4.733414103931263	5.073751770459285	5.694313836947422	5.286747026541203	5.232525717622296	3.7391678268817685	5.316787028550247	5.587455551775775	5.382092950068824	5.305293355345201	3.5742534628919245	4.959371546865604
5.171210428580283	5.2720179250445	4.3654856621443185	4.652032045438261	3.177037769743038	5.411244715638297	5.235328019500972	5.190580005678589	5.328360526762676	2.339170950708292	3.5088099189228155	4.9894782442171275	4.6981234466421435	4.746703517720479	5.108055613114343	5.773912268657901	5.223428178761347	5.3235408428132285	3.683882625193645	5.3272653508243835	5.721280046824083	5.418747757037441	5.2999508580134895	3.6637427241708744	5.030581430605328
5.000572694851304	5.240446688980655	4.528997052284244	4.705747068498355	3.3726057545092116	5.445298836253382	5.244992290026508	5.302552070696034	5.302094081758582	1.7805184414543223	3.60862830727779	5.1887631912541305	5.049499611543153	5.0427138532016595	5.266194150047553	5.719919311144153	5.30326268840119	5.397366161794352	3.7200978567440113	5.425653169142169	5.585397838148706	5.325124062191483	5.243205370403073	3.9363044848792876	4.9733049277056285
5.080476556882686	5.2436204059749505	4.631428133414794	5.230172267161801	3.5477545541211213	5.326384054538709	5.337492367993902	5.375773023096562	5.465822856187517	1.896543071840834	4.302439153438117	5.092757590754162	4.976140799188977	4.792427530225689	4.616159135585884	5.6993306372274475	5.263917539581162	5.109549132826305	3.6357472613944926	5.44054773970299	5.600140334548041	5.135885788173035	5.320620437314683	3.9723434226272967	4.494039232662378
4.815243154319396	5.307783697803885	4.49772246823607	5.421280983693626	3.54202439785635	5.271955441387263	5.327469963764838	5.34031359019959	5.526075687047178	2.1606065562286494	4.292720519528729	5.195272473167927	5.056865655943129	4.681368518646596	4.5090632379442805	5.623948197843301	5.3306807227108886	4.968597844257034	4.448173383226158	5.322486313826129	5.654114364749927	5.368752504306124	5.44257064549535	3.783118303802919	4.7154474513222775
4.772389025615278	5.143914865256935	4.599738269192446	5.308756708465573	3.4096633912420375	5.294245489391101	5.362428489182868	5.285353980516481	5.566335724668173	2.1535049033126517	4.501617114239412	5.271574654661871	5.162279525009382	4.6506375977392675	4.513542763774548	5.635013532928324	5.350254049523885	4.63926861027061	5.122543238997443	5.252526341708556	5.5951772427028645	5.465657565863801	5.3094652725942675	3.394445837927581	4.419231063772071
4.741479101645165	5.199441343561149	4.711093834671662	5.15614193713664	3.3172466476098057	5.232335722542357	5.398883257928648	5.197004491119898	5.492322874125073	2.2907585788568103	4.4237303414476745	5.36086775813239	5.143446784236195	4.688194546903501	4.7790691139899675	5.766796077681168	5.212714370365594	4.745811439328339	5.064625576111975	5.362063810132963	5.680939812706992	5.316624561332044	5.378285952029724	3.2162879551864365	4.149669394229608
4.784101251828732	5.363581074509809	4.6950262608449815	5.0855547553489835	3.328039520451947	5.211626870615143	5.350847016465119	5.030548828696618	5.506334833042692	3.4726913906005548	4.070572307020279	5.4241583396765085	4.969295420801881	4.675445144835688	4.925121689533695	5.634896001125741	5.204250544264934	4.731872985898091	5.10803138313813	5.34231577656254	5.596585353055926	5.378656142979786	5.3891113301780456	3.232599295003767	4.133815800212332
5.059570727937217	5.396819986224832	4.539714207274874	5.102543791163989	3.3658231874562325	5.325501725094773	5.3107458953914035	4.986460593300343	5.456306052694423	3.9475258389008707	3.7804569896563223	5.2915586002999735	4.925528865130957	4.647350321277364	5.153300328744371	5.7158198026171725	5.189328728344333	5.105440909481492	4.1831048633078005	5.439336997170121	5.479753439039941	5.387522783583988	5.283656488439438	3.241122644703151	3.883832794345198
4.8822634587352	5.3861133289415255	4.462523691799556	4.992482522385739	3.30666058836602	5.284425203029594	4.9324049856909	5.069906980075484	5.396305715045912	3.771136523734499	3.3278245397863526	5.152828991720472	4.918672735785116	4.660142544498062	5.266470352025438	5.785584680964461	5.178257122199633	5.113974485995233	3.5199659334087166	5.418543428704319	5.581660510442794	5.2025495088217735	5.138034853019808	3.2210028603129763	3.788028579890251
4.924074477272137	5.3483391167097745	4.648805859600415	5.06560051138798	3.2090682944663595	5.404883673409137	4.68758487468425	5.135294855423386	5.597805076775033	3.851520392772341	3.3058549003716324	5.170498092215169	4.960586870158732	4.712650473612419	5.1308008590256025	5.83447086153616	5.2783076730250515	5.112531875454893	2.502956645072845	5.273133747578357	5.523983126990662	5.1371774110462365	5.183536789498936	3.2764612218960956	3.9177649126439213
4.840933111038813	5.329206941959638	4.564606905283438	5.282585379528933	3.2158029593704827	5.2546034870036635	4.8519499674813975	5.043776102628792	5.638692145023203	3.8903462058598883	3.1767567553065637	5.230141157342335	4.745943767673553	4.718558846905992	4.950704128849635	5.797183477312223	5.222398107807372	4.931826817925581	2.5656799500682883	5.23498901822055	5.482629387379151	5.307832177483983	5.086496571646764	3.22331282482744	4.241064010959923
4.99745519763938	5.204793819478391	4.5425032264028955	5.00719105540906	3.1278483161514545	5.253107839997536	4.898108132523402	5.204041975436458	5.628867056100498	4.262544836231717	2.965011072740255	5.17436236791425	4.7940410830036235	4.675421723088956	5.064853654095545	5.810232118096323	5.209199937400998	4.942506670834958	3.622340113689624	5.284541280188349	5.487476107711814	5.3770052602454985	4.875359403637956	3.4001198432260864	3.9424245469321417
5.016621120063425	5.2143246272722	4.4460010608152025	4.978002822994993	3.075131450357268	5.230943800595667	5.156123296612376	5.331780845857207	5.633598747049455	5.113326607522697	2.6643669431655748	5.267517807289152	5.0005182624684466	4.667874905543185	5.189706830466266	5.84883309570254	5.079681314823717	4.98868155472058	3.898403571675428	5.3689732159767205	5.422625122840557	5.434044206491088	4.944001717352366	3.766590565487492	4.195117707044183
