5.254684043471397	5.3540318762338766	4.909413193284911	5.386114277484568	5.4702715065391505	5.185610291669831	5.542975925533928	4.608259755261711	5.27037449160775	5.2678997925152435	4.0515493738830735	5.562738769957142	5.356976274926054	5.398662165829916	5.091653174043512	5.702683612405188	5.264757065065977	5.640212387587452	5.484529618474512	5.399762260450307	5.688744412652773	4.538765441573018	5.627221873274017	5.359237223294198	5.186531131136394
5.2341867897515195	5.439363160843808	4.959066653953159	5.3577618241572	5.532355955284909	5.126326313764256	5.611421005563421	4.784549044526206	5.269903469307462	5.430740459605255	5.302972817267479	5.529140500328779	5.41770043137674	5.150680369737319	5.053613092511584	5.593305959445885	5.29275669714055	5.55941160279067	5.394136855352825	5.318865798884568	5.64576616907069	4.7240943922432646	5.644870343259112	5.235500638424144	5.329354699027108
5.178370313687968	5.47737250950395	4.9749164659527745	5.344191726638428	5.381477145617779	5.301344277073693	5.355542189523888	4.827395924355308	5.368458974876903	5.495975462299853	5.506477373061932	5.426014036968111	5.474610116937299	5.003411722871118	5.12126621424015	5.615042164440788	5.219708894772576	5.595427530943313	5.435554175876126	5.250147427772095	5.5268418706535964	5.181778645764977	5.79578036387071	5.048969499968312	5.295967328780804
5.146810420336099	5.426993099366692	4.987484840955948	5.398442289586718	5.372503584565824	5.383860506124623	5.32929294646777	4.995276356558447	5.3066158247734645	5.586639635056634	5.5702199505430645	5.380543455798816	5.51266809318821	5.01931961847536	5.249031871362165	5.651534861727258	5.234578549426698	5.567250790267097	5.494733339343894	4.7730020264154165	5.572205287721817	5.171381231613977	5.764978034495866	4.9961280601858205	5.344804021914883
5.160242564938996	5.617965061715611	4.9959545326542845	5.339003792499462	5.216607054854773	5.368541373395715	5.258269574600679	5.07952514417019	5.344542625817562	5.6122752799801265	5.446308217258337	5.461183918572037	5.489196897700576	5.069496216104531	5.320603481450456	5.645693042366491	5.044363484183342	5.545508471282268	5.484652870268087	4.817472869016124	5.620052583015991	5.382379526257239	5.690383559934304	5.2427016704811855	5.455985699133057
5.132170192483928	5.229954167876813	4.890609974217106	5.379445190074641	5.2009929801733685	5.346974230908399	5.370067337992001	5.076880054887252	5.213748180961691	5.450809735787521	5.087624221071896	5.467575692031663	5.469572320119334	5.254687182920272	5.198580964527496	5.6786634790287165	5.0413604092168836	5.561782719814725	5.118439018912437	4.768035262056608	5.662983523303575	5.499811009441102	5.708044719861592	5.35565389782522	5.359243540365338
5.139962830639776	5.153231549300895	4.93690423290501	5.321600241258739	5.199386749040183	5.282594089994952	5.35825994969913	5.054775317684688	5.094582269803085	5.391050570221003	4.861997768006881	5.533230452319481	5.451834339160048	5.302332841239946	5.205417045349697	5.646486536483403	4.985260561793835	5.470423995845508	4.875617468084486	4.652605496938946	5.734070605451693	5.468935751473819	5.761550284095137	5.5047175986579076	5.340048570406851
5.191687110923188	5.281848226849357	4.854590379199682	5.321923594637682	5.200122724120363	5.238712165168202	5.438482972117908	5.1853102066912875	5.1338785483290055	5.446803299378358	4.770625464456334	5.4163317229635535	5.4300060748079915	5.350035485040501	5.091916126214926	5.710468403175076	5.0645040059364	5.425120045172972	4.683484849466595	5.221990158541514	5.688704116590687	5.478520061953393	5.699298385524724	5.491292070441695	5.432624841743441
5.235377974210502	5.189657061980107	4.850096620163662	5.296084917776963	5.288641349172603	5.331191465808913	5.4440820528697245	5.137531472380878	5.416927603824295	5.327839786816019	4.903775789436481	5.360531120308816	5.384859511652902	5.305257653224441	4.858331539692504	5.720659302667496	5.145796125050633	5.475142075044397	4.7118050360115165	5.147648906333396	5.69644097032389	5.396142178515505	5.714810387906403	5.265934947506362	5.335054274263237
5.204896141928562	5.078491605854207	4.881891874943076	5.3516597586382035	5.489088377311214	5.234233304538726	5.453217118766073	5.159744964701585	5.47950625110422	5.386919467376957	5.463781572617444	5.444006123385964	5.451396484178442	5.09407208984756	4.635351720576642	5.748745103135716	5.099056629630043	5.46977009372697	5.061423125168602	5.055442267410049	5.651386327420296	5.469335924876631	5.619861830700948	5.39220148376358	5.326396593089208
5.200718858633335	5.00220987055281	4.823629609037881	5.354982401998851	5.531030587217759	5.264929634320102	5.399097766695251	5.145842439711035	5.55306899776652	5.400444661497512	5.564782560589948	5.414146672032079	5.448370043029837	4.917394149754288	4.553853429821124	5.773030834022705	5.198590095661335	5.5652404451949815	5.3322949098791765	5.145686423008441	5.574367431018017	5.583180164997579	5.410968718095697	5.395305592917993	5.406103623611736
5.19815756223594	4.9635182201518635	4.894934817052416	5.3861329325041885	5.374743917247991	5.17196396007708	5.225402405608102	5.092401171067647	5.402449914306546	5.372436627857071	5.398656237834928	5.378583383145723	5.335970979964067	4.929947723955594	4.413007981150348	5.694311166577236	4.979811077258016	5.456034629306782	5.3593576180047435	5.220615618643126	5.683277596844885	5.536123270433441	5.4476143224214	5.418771001158294	5.219280546013262
5.060110994554937	5.372154321960744	5.036081590115187	5.400739831681316	5.449866352140415	5.141966937655061	5.349140430635511	5.20186560584737	5.517208860195522	5.448534090185887	5.064418352093083	5.48995041620453	5.299113810770822	4.94331829490163	4.346143963050784	5.64203223376732	5.062788668752762	5.367869917823695	5.371104990792178	5.152074115330619	5.693840934605253	5.508820481791818	5.419079847065079	5.532132996874994	5.198556285155509
4.842378754341201	5.260069348294353	5.119033460596795	5.469132171494068	5.33082557665125	5.254914779098058	5.258872470806297	5.356299692071291	5.441400815899744	5.4084381859509065	5.063711461507266	5.482151809992813	5.270657674301888	5.06089975312111	4.509632361006909	5.594395020633096	5.046047822058133	5.166157263476216	5.403844353108192	5.100019864211572	5.654496110634092	5.516280196668713	5.443572435706616	5.55868022399749	5.214020037292747
4.87419258673759	5.060143748384286	4.966243861850066	5.450758447080632	5.412607493546015	5.1710445024097496	5.294621459479244	5.305482506027197	5.515479209634863	5.310715253393608	5.104830244700873	5.477977266521792	5.395649293112884	5.202378410046445	4.538890811052389	5.5245459346694945	5.042445613515759	5.20301065267095	5.524248345417245	5.038089376689214	5.666677587686399	5.49725141692657	5.624608934482588	5.6057021622166765	5.289776474597614
5.02301753281533	5.060551120348999	4.895281956076046	5.482964602665139	5.288086647607426	5.198888610794586	5.557671803828615	5.141974629502143	5.678457761030356	5.350505137714289	5.117043082626125	5.568687352503156	5.306367675335877	5.022377368432957	4.617582600770099	5.538499044191744	4.890710335547748	5.27111350290662	5.603638968525166	5.038675423694015	5.668124612487141	5.482415094576962	5.5672686882887366	5.560888947663546	5.357281463631879
5.047107289458989	5.127953820446869	4.763459654766317	5.288808224938108	5.366008831666151	5.307196468894292	5.321673499721523	4.927015018044083	5.6372073525093125	5.381401331023364	5.220406704514782	5.639981740260506	5.276987534906264	4.883379644642814	4.61754493189922	5.624635421643253	4.981102294050331	5.41818154224261	5.587679616176959	5.162264326880716	5.49474306307564	5.513479794277833	5.584866158800716	5.478427156351569	5.526958408126683
5.05727319289623	5.155113263351388	4.716330439821767	5.275158223946322	5.375947552826813	5.32274269283	5.165936698384228	4.944780447586009	5.667904647805634	5.423040496665651	4.366166550243367	5.548376622279954	5.137445874320692	4.992731113828409	4.713939551018554	5.4923740327596455	5.0956942085352654	5.396945152349101	5.546975164994093	5.166785241068283	5.544331360066637	5.539494482461368	5.561084377801001	5.516683973186778	5.557552239121748
5.095861828802571	5.4018149687304415	4.698022398835963	5.213707250033376	5.217543723923571	5.227244179406228	5.122636589586097	5.032812937977554	5.60642461177555	5.443483953669566	4.401396667256308	5.491786343546175	5.243214159024795	5.030180387105979	4.224261338077841	5.6711395195671095	5.2050088315511855	5.405515044266516	5.489355150148859	5.156043326538744	5.5808566751873085	5.465049822362003	5.593842365449962	5.407758005351307	5.523522693176379
5.118920295254081	5.42140060592959	4.638523019656628	5.346543364555206	5.256927739318562	5.260373981633046	5.1832245379720785	4.956206152153009	5.4128120769878585	5.515154972188314	4.537910763424195	5.470488785464891	5.141142524002423	5.0849726425929065	4.406111520605327	5.638575753695868	5.1979866573015014	5.457298385238778	5.419644625161152	5.171512437600717	5.502383220974914	5.448274126586792	5.616527483158998	5.459125059640905	5.4449001797207615
5.194208099649859	5.462434662066885	4.661302011079382	5.1744659920114415	5.18242447103701	5.24632741685921	5.344164230693714	5.236138718123425	5.468500219449251	5.502172496198414	4.602421272332678	5.46602119209032	5.209372838747081	5.219855693887687	4.811401326104494	5.658397080568695	5.185695463709753	5.400084958530461	5.437239547006366	5.160381103677853	5.595390738268974	5.41525062053843	5.702366226614257	5.403891900310209	5.300330163759091
5.1253630685407146	5.564286215415109	4.783973008919818	5.252666304746581	5.311536047499819	5.1992624203327376	5.478770697047862	5.234461312696143	5.4210905568267505	5.485662088793619	4.398154729690761	5.4494432497556335	4.970629644268399	5.350047539671467	5.124751964208718	5.774198005513319	5.132176676549707	5.280497750526	5.407624090473051	5.124934964976526	5.608421520395275	5.425177621428977	5.7028395183931275	5.589988481165972	5.3389263026304885
5.116976269511665	5.546704279241604	4.750619781096688	5.200388980448299	5.327273400074864	5.230641245592308	5.6776845978102735	5.249003579887358	5.545188463504265	5.485441206290761	4.232260144331898	5.480029159890387	4.6517318625814585	5.419838750802107	5.082056003033998	5.721543662434781	5.069703701974518	5.224337215326857	5.484314069107501	5.089193064220731	5.565253362427538	5.429621954090476	5.730493242302344	5.538984493802558	5.35753954082623
5.083350228796441	5.664660486503531	4.821308770844502	5.175104634995735	5.375496794590198	5.134667409329625	5.475170519612304	5.358504824643476	5.622652422359463	5.511166655211249	4.334863226330087	5.493913179787076	5.147980687163184	5.343935057658114	4.765682540724556	5.815446183381758	5.167299586422812	5.1881919121408995	5.44382149242245	5.076027246386969	5.637709804795339	5.445015669030907	5.689565343279281	5.506968428471677	5.335133685762777
5.145875864036229	5.618808672807931	4.853224999165459	5.195526487414703	5.367941431238999	5.167442103914948	5.32380998568151	5.340951182434484	5.57890475941379	5.3772805955688785	4.337448719432226	5.352876925393112	5.084118819400246	5.3378932761735225	4.73711196206692	5.705578468526133	5.195716841862867	5.381358998629953	5.422672226035013	5.017591114898054	5.650682864181655	5.47465361819654	5.800602553897382	5.450666433483114	5.389854242695773
5.058896639959704	5.425480329843524	4.796442816611344	5.449269948584105	5.1704728368140485	5.010243100127848	5.470384305444633	5.221111760820931	5.481113278308009	5.344066560731584	4.4733618751765265	5.401823752498991	5.141359623861214	5.3059878035151	4.979418492408924	5.674623792389373	5.052776705351962	5.496044954214757	5.405444235392679	5.183297416407768	5.724153430652562	5.43115510973697	5.608831618546813	5.330363990096569	5.338882639607869
5.108890797186335	5.399068688436675	4.754639822925586	5.171498191419051	5.219690356765451	5.081897840665599	5.317128582608414	5.032923891192153	5.388397674136367	5.327272916461154	5.229104418357145	5.311957252850709	5.4101409722231955	5.349731733546463	5.035968131720858	5.66635077541632	4.921473330320311	5.45385841437777	5.3389202150591295	5.0805342021681925	5.698091096671656	5.374925432300818	5.610251523359892	5.320475667710416	5.443033091080749
5.127486581377649	5.366744251733296	4.614215121110314	5.233002750682314	5.125245960887523	5.1379723432532165	5.415279291222164	4.9955454004084485	5.398206749513537	5.343584169104153	5.381950919079649	5.181346508846968	5.477615146682125	5.346320410032899	5.130247586207872	5.65237737568675	4.9656137154169535	5.4596134054752286	5.507819886787776	5.15205745731105	5.713270621780327	5.178907639544529	5.678538829334928	5.36160367145516	5.351189362454207
5.078184691556994	5.313722747354398	4.632026239275703	5.215576629518891	4.912587108989088	5.079398789583996	5.467302572964637	4.873634418752189	5.355285588945922	5.4506910982417285	5.024559560045414	5.363004796439194	5.414813270423373	5.414865496337225	4.983767005392596	5.660870367738949	5.064110162553111	5.317402057091616	5.411885675604087	5.087277337619847	5.705442483804777	4.990975922775275	5.718894290183264	5.495077653951774	5.382524952335031
5.035954871694823	5.3073636379795675	4.712370874211009	5.287676641086269	5.0466259586551	5.2122759013421565	5.45530608193226	4.795276142068431	5.492585303605426	5.3834998652925385	4.4572308893704475	5.369414092617083	5.435709618906911	5.378986925318177	4.6996522920275545	5.682575279070737	5.186645470702694	5.423168466074412	5.342552744748617	5.057395359100521	5.684753613597656	4.87496944591003	5.770413833813381	5.440651432542583	5.354333851498193
5.116260918244783	5.5318445243959165	4.892787658139291	5.494549662282058	5.28568744080287	5.243842164890177	5.365931904282987	4.885193187604744	5.60802312260247	5.408948934923972	4.524820518228901	5.335399817377796	5.4919146864145505	5.298664490005719	4.685902144358739	5.631793101544253	5.448494865435302	5.390430623306769	5.339219658929278	5.12189824270544	5.719374315049536	5.118148020788369	5.678219023372833	5.250717451958573	5.173359669333477
5.07046065735239	5.558979547234879	4.975749658555666	5.508460576097666	5.339657601200396	5.383511943467532	5.407167028751133	4.80096638903419	5.693155633880844	5.5047950033030615	4.390655929427801	5.422133896575378	5.440858339400341	5.320948034002545	4.836265708657577	5.649641767825083	5.268060842726886	5.370077178284318	5.187814024136799	5.055314269526565	5.626574325356669	4.899929394340907	5.720095782738284	5.33573774581467	5.250934783814745
5.058224513095179	5.420199979675614	4.851811865145617	5.5189763191982255	5.353734673507919	5.320324080639184	5.51283682794943	4.724631988353251	5.617621551502069	5.51297245681147	4.844257956289455	5.374299440448124	5.4236775912337984	5.275965101555247	4.911200246710587	5.7123941597553545	5.231510729102693	5.38210006455927	4.895487701259193	5.02123796069735	5.61414493326031	5.390796399180017	5.6929202784693125	5.28683465297015	5.220324747974039
5.167859992843852	5.2989530102630615	4.8964063630059025	5.4474831882558705	5.473595793614144	5.3302832006756145	5.543575936272288	4.886973703519966	5.593975536609151	5.557752094103711	5.531492809494517	5.416449675837847	5.432212034572757	5.23734485340494	4.889899704361323	5.68626923759016	5.017488186909537	5.324576420210808	4.931172183447159	5.018086080717345	5.662974978344172	5.315043737437723	5.607210278896763	5.284774147831177	5.248165446525925
5.280516773557782	5.344491112334467	4.7722109803165935	5.460231032705552	5.389059207965292	5.4179153570652305	5.357497247941625	4.9611935226550115	5.57013192901496	5.505460342318848	5.41648053079365	5.454979282263019	5.408565542062245	5.196180400852599	4.8018580436420715	5.727726183755774	4.913718268035875	5.144432045397731	5.185719292924578	5.023026352561045	5.453329942458078	5.1587748546547125	5.755229259152201	5.461206596747979	5.342093519023165
5.134099651611605	5.367889509517239	4.864777556767439	5.417962872423878	5.2835604938627565	5.160383966243578	5.2121344905599	4.7847503051351925	5.408835290526222	5.378524757373156	5.168765956319483	5.461153235374621	5.518370164360573	5.131776438336827	4.916542968209185	5.691524412181245	4.912495193197521	5.192012040600331	5.158627199549437	5.012490592577055	5.519305715846525	5.535253244076443	5.720406632857748	5.3796594197073855	5.41605955399655
5.128933376315115	5.441214993966383	4.894297011210808	5.404633454150877	5.290627456682195	5.294829228979269	5.415543425004954	4.96220330886761	5.511437445161179	5.352620942217966	5.13047071572955	5.504864548030669	5.435263573571023	4.941349649987731	5.242711784406228	5.6147226727245325	4.766610891975281	5.390393969124339	5.422194065134259	4.991859825231886	5.582495356340167	5.489118795009033	5.790514958700953	5.385142687707225	5.42491912432631
5.164551927782924	5.509514991081454	4.739253455952472	5.428677865058941	5.251203131866389	5.153341152075962	5.633265516640671	5.017377633285244	5.3771335740634525	5.383954748318481	5.072657253732843	5.5242038284485	5.411227845866719	4.992445109159261	5.326057060843061	5.696864110076374	4.436894206167511	5.399799981013457	5.022451870964526	4.991690864660064	5.555296981995482	5.388574309250631	5.7452192764258605	5.529690851530754	5.408655439335527
4.913677315520352	5.4858534746640375	4.774769415248156	5.320275002165313	5.372362414900798	5.26396706851051	5.705868106631551	4.996217976240787	5.453906674549262	5.538873413230981	5.048468293638603	5.493019096769964	5.312512903967587	5.157440769087947	5.249440276060788	5.633968078893263	4.068356786775183	5.424240590814012	4.787699040981339	5.0114380959660885	5.6488265135806754	5.387775741950714	5.748418824298143	5.371750390124426	5.483304018219878
4.969759933014676	5.561607844607925	4.813111842489936	5.396856764804193	5.356690967337682	5.308893080480981	5.662667531791995	4.970002079231372	5.577087887582233	5.572797268357506	5.493183673002788	5.544622274400944	5.28553051035137	5.132303025514285	5.228255342936331	5.657098849768745	3.962037164980565	5.30243085995869	4.465054003811516	5.039592730620845	5.661845524608399	5.362443412484056	5.69885731057946	5.365770817868904	5.416170957988162
5.054207730598226	5.546997888719343	4.867870554032607	5.321797696674138	5.424590234202158	5.498810422227604	5.611592437175468	4.909717969213065	5.566726300670031	5.5829618619147325	5.462798988981249	5.581342659117469	5.2445907636503755	4.95538077586044	5.1030318546451685	5.705219930472065	4.090965788926835	5.3267093413502105	4.545721811829838	5.168414851933165	5.7031250787393555	5.324851595879394	5.724870115988919	5.387890185506694	5.4364396074525585
5.163620150597131	5.526448834068644	4.871322306973747	5.398610219311678	5.356098695523066	5.307742719083369	5.574133544031506	4.916134165074075	5.609354274500092	5.534553370575249	5.137585246332122	5.549670295721601	5.288221787858151	4.971030173298889	4.999791459448198	5.5819488904060215	4.225624676666381	5.15330260493581	5.297150798251517	5.1585409883003495	5.676220699239103	5.276939554456361	5.710239309646415	5.352506864223368	5.458144116811039
5.091675099206999	5.5206761524178445	4.946069220438462	5.418233347469401	5.424063202160992	5.110519203681956	5.5153592612492135	5.027230327807281	5.619603145593605	5.575610889955072	4.981507485629969	5.553518998336892	5.381846835346066	5.065450555596681	5.070876337820908	5.598866274867643	4.901947901201576	5.4281165414758314	4.671414996295219	5.2217663071204	5.709279145632273	5.248125765221562	5.738503167560457	5.473849392598436	5.246553219106645
5.0914226710516415	5.409851916454831	4.878301822590257	5.446391495594424	5.444778587056918	5.144463146947549	5.291824634509282	5.124685459830247	5.631741123513931	5.566180110901027	4.985449882249988	5.451439807947706	5.411400116691475	5.111591797996402	4.874290516463858	5.648773026165074	5.283285626429108	5.444792604267643	4.483106867957504	5.083348016465188	5.6201390947459915	5.095497242275115	5.753040609234358	5.416815019024481	5.262314123697593
5.098822225458228	5.35761243755058	4.81986276816411	5.546451437698337	5.363409602186581	5.030102630955512	5.257475271656007	5.251593055750929	5.570211415965425	5.539448801586656	4.5850682541979495	5.463245876223989	5.546028225644531	5.29024301477936	5.081425743920461	5.63933756228396	5.295103195464055	5.413422297670871	4.517868017033021	5.0263225248490135	5.627042890993102	5.269433957208178	5.69961595463642	5.253533729577092	5.30342007982379
5.1139783491622985	5.369996374836547	4.921836962043156	5.434846279875676	5.137130937146408	5.126508745260641	5.195365863194411	5.185536375633775	5.592150035793899	5.4678842630382105	4.13273406377893	5.460505314630757	5.562073340385693	5.337755093087016	5.192838188030717	5.67517966253154	5.220793006782133	5.524803350633224	4.5822351235462895	4.889777748071119	5.594497505373351	5.21044718907745	5.516294174090473	5.300667413975426	5.325776646265677
5.186583113690747	5.50534790798355	4.7801549001836205	5.472697981955541	5.154141167039991	5.115539176876008	5.07830601276283	5.057408566174586	5.5250151922382855	5.554654610738658	4.1765392500093395	5.508694344102226	5.586603570719551	5.26394572330181	5.08446503617228	5.739739359457017	4.9565330255831	5.37004107843932	4.7930303662479785	4.847626422952575	5.451370806861015	5.362909114490922	5.617759510739122	5.3139034530606395	5.4000273791278595
5.18235128462914	5.367929231090361	4.773818093515416	5.419686919866712	5.007244473926917	4.934289305511735	5.247990951326365	4.984499712241225	5.5064145068411285	5.513390751746319	4.146482646534669	5.53010166817952	5.638138496680877	5.167654651995381	4.547754771854918	5.738280636328881	4.853195349096397	5.39636612806673	5.1914100524443105	4.944565379086681	5.390627998153592	5.443220621647645	5.556084225642967	5.284973877845395	5.473218801190966
5.114538769793481	5.4518817135498985	4.824273552919639	5.166658513053315	5.1795172445575774	4.882713938684602	5.348872175549331	4.8747693290760985	5.5448536794474785	5.424714470563774	4.870920324372002	5.610597757902408	5.544701798856517	5.137302037767042	4.4626757310321885	5.82309718083792	4.88931066550747	5.436905334395573	5.359408281729344	5.006696195549362	5.407913703738808	5.49959756883686	5.678465659383772	5.2868465979159165	5.559246375735119
5.162367349391313	5.5081842973800335	4.7094735625669895	5.169921895150708	5.264778602863393	4.965188657366367	5.550451087940776	4.725738178084833	5.569678164554967	5.51749859164667	5.396795311035889	5.612762848882464	5.4647861516885765	5.164763080351898	4.286957388076098	5.695561740881488	4.879517322084577	5.373127818987284	5.188870479093896	5.095576333620954	5.4827272939624	5.511034177221326	5.746344803554818	5.347644473280015	5.553610572582388
5.0533760580732565	5.535393909219728	4.78098669965165	5.234744985201337	5.184363269625571	5.041111566373541	5.607562668176786	4.7431556110790485	5.586094723865618	5.466378373797983	5.462619714637704	5.685476404944925	5.455619354093941	5.2565476615542615	4.378463101423342	5.732445533346731	4.832282166573944	5.475816898996181	5.184866568130662	5.039503569450571	5.504958185045735	5.589655130689588	5.689410208284049	5.213996460411228	5.373429944670521
5.036108935733198	5.513972164016097	4.905616115270428	5.107624118892953	5.140353862822334	5.109838662011137	5.6120426748051395	4.833507890849386	5.552008602122931	5.462788243788983	5.488824449909694	5.6200453194165485	5.4462527282524045	5.35114802277684	5.049580248845795	5.7339882821341766	4.772125021049328	5.2128756553295945	5.112312250574236	5.064214087043422	5.550483567972308	5.619948899553964	5.641396698928218	5.333485517127969	5.446467870098715
5.025163825998765	5.586492160243214	4.869669588491517	5.343181405660039	5.412274188269013	5.066697199985753	5.617548927544853	4.775010090936547	5.615617804382344	5.621612718614973	5.502118553889524	5.6508292899289145	5.462932625240967	5.369970820001843	5.013635955810554	5.688204959177867	4.988253532350657	5.297447873250374	5.23937433280818	5.037763634706889	5.476175876158502	5.5532045953756	5.575024896732925	5.365685799646709	5.353044745460397
4.974897109424767	5.465580712571096	4.906793620921559	5.32818307317013	5.547048697073789	5.136865981107714	5.545435245861752	4.883782480997325	5.6345810796976945	5.478711978161284	5.600405867302144	5.6597541123529975	5.461110822115718	5.316144225659063	4.687166009747398	5.788596032205103	5.102824051748495	5.307958340513937	5.382702267837581	5.045833290767784	5.460197896355991	5.555238472996361	5.63662786556562	5.478634294874477	5.582125440166433
4.969810356283114	5.326426467553611	4.969620467394665	5.407493966111191	5.5157636473890514	5.1012753311075585	5.497420754178667	5.064851182267512	5.656529284628635	5.472439250888107	5.527240135369368	5.626648665103422	5.392443759432117	5.2099508435781035	4.665941849714262	5.717669087222574	5.18049076766552	5.230135657346539	5.471240597736171	5.133724397225601	5.581295355960372	5.077038691944025	5.710351129686941	5.332834681842793	5.681791578390495
5.039544787608321	5.387154084946132	4.893545544488972	5.425710828016142	5.393682839175926	5.055193506459938	5.429772900169014	5.0996515375571345	5.653867296816251	5.541601679691625	5.512030410440552	5.597448599176404	5.448970033126001	5.240433246456905	4.222407853443367	5.745318034425553	5.2025528406450565	5.386653462713268	5.463432577296383	5.2398574530157145	5.604801752952229	5.02807974085657	5.703644693321175	5.190761087558649	5.560350152504598
5.109347940562377	5.2688233495098755	4.835849048067185	5.484017031245462	5.3160484540158235	5.081389666123902	5.421399882308984	5.135843322473255	5.6426555798719935	5.505229854613476	4.5345731231107385	5.573491765776891	5.401690057532247	4.975641715737819	4.402187858979093	5.730454892093553	5.232931090943609	5.509314484662272	5.451475772694371	5.219907116356252	5.580697845440338	5.0642747043067855	5.706311187020518	5.278488157050682	5.4982059791615745
5.074601281226717	5.387875483847257	4.811176897028521	5.4560413698010155	5.4809689732228595	5.225771761805151	5.409506124969119	5.110260816403345	5.667291288955561	5.529569313783224	4.487426210212896	5.563552376853233	5.412021020429733	4.957677952626895	4.4312559431627765	5.769684959671418	5.204277828220503	5.602879563031772	5.472564514516124	5.248975726839573	5.595235858659259	5.0529094851430365	5.795284875177068	5.360855190756319	5.434447395386064
5.154566050260343	5.418279430513265	4.823543576335594	5.471324729964714	5.505587823938943	5.177763259496375	5.277200270364461	5.082626825168773	5.6429855725280245	5.599481195248426	4.4503104292744124	5.597745384154178	5.388233970848019	4.977602636443383	4.361680755526577	5.668731492660296	5.282716313582131	5.5566606774710205	5.499532108946556	5.233627568326342	5.631868804075637	5.203727750589473	5.762967835189505	5.4299134618908385	5.4181649948102635
5.235613954592194	5.377781218481301	4.866221257819825	5.462936133007393	5.317071908711851	5.184175997587303	5.392078864439338	5.068220237891146	5.6340183163331075	5.601056206461185	4.545589958364442	5.5896318412061	5.397900846369276	5.042933082238269	4.265256732116204	5.7247964276165835	5.376087472702337	5.56836919178407	5.521487377180258	5.198055954553732	5.706179617643229	5.327271274070507	5.762394632314784	5.45358470906169	5.2204569653876804
5.23322363284954	5.5455671704705845	4.954717250626998	5.501783146858058	5.354233160646695	5.140569230918715	5.417949663756969	5.0785196877668835	5.572935166831042	5.573214525065627	5.282257931376791	5.638367757753087	5.349458870753925	5.20257913038032	4.238815946615357	5.6804518554264245	5.300926609962329	5.462450387807802	5.424949190871482	4.951170998472965	5.593588209846591	5.40559828306297	5.711867668963348	5.373328882713754	5.243129615358516
5.199732205925886	5.613830662489586	5.00715580697004	5.488465579827996	5.3120216514233025	5.104265269989647	5.433159742995887	5.05052459129223	5.512777352917233	5.542045950907143	5.449284522405872	5.52733492426012	5.424174492946635	4.952988514285391	4.250943550955916	5.598635312311563	4.648096081690651	5.3709166804052435	5.150578477442176	4.954289882821494	5.616099223865675	5.423342929125619	5.700940299925121	5.440726872475735	5.279255785004936
5.189923351016377	5.513945603696228	5.0087335819529	5.487888033225506	5.231542472168782	5.1606633343926305	5.293279203692395	4.95243568111899	5.530554194909589	5.558458721824107	4.5779786511374345	5.513909821784636	5.469518957725184	4.907511936310303	4.308745682501984	5.6963397724947535	4.401551320997167	5.581453684909536	4.8940700380070545	4.901314135423513	5.6992268525143555	5.4006246185632305	5.656452969838689	5.4355732974266475	5.271802683086165
5.141242753790745	5.545864699733918	4.910344030084603	5.389522535093772	5.424505819262347	5.191309592909926	5.377359889448868	5.05981112917285	5.486015111186832	5.468348774366565	4.3721668791190815	5.4956173385664995	5.4556063785185165	4.90005786270048	4.595254040846666	5.700262350201409	4.355404110782488	5.560876660595203	4.861452892636461	4.935212405724995	5.653140960763045	5.426632770797307	5.699218655721717	5.267584566556882	5.419018434186542
5.162016745974034	5.429062962287671	5.008486399547688	5.468906829107872	5.341675934647791	5.21113553565547	5.397057989654369	5.034169276486005	5.471199239444315	5.320095683369365	3.958190603929289	5.580049556104571	5.483401008048699	5.004685499257579	4.571703526375069	5.682174875924	4.259985286760536	5.617381270769641	4.897893521678951	5.044192142586634	5.707595548890675	5.405057605279385	5.66977775741583	5.345919428818245	5.449856834558539
5.214037664642394	5.386392090765058	4.975802148824636	5.360411754166077	5.4182002344005555	5.344895051309175	5.5165857516967	5.029591127745453	5.5559315169921275	5.233670932725157	4.0571782803282845	5.543834563878429	5.41882538690312	5.101834762629908	4.663177106373857	5.783258184912089	4.588897425701991	5.608256728405924	5.111029523886471	4.961233848960573	5.673021707151724	5.475708811314653	5.674544675707934	5.482064262149216	5.44243148544196
5.144817583908874	5.1746658044148255	4.894346532891362	5.49213493325504	5.460405578958911	5.142510328751266	5.470414571183897	5.147921338705087	5.538491135893381	5.246180816376058	5.244862616365213	5.492515994259954	5.378156001366528	5.0631360076577945	4.681412983589249	5.795214582414365	5.131140306275928	5.6524484649919104	5.452125060592464	5.068445687464326	5.706045139387828	5.486240549717107	5.606571346934175	5.365111293008753	5.535848367391638
5.106986038260488	5.227638281937206	4.771529378235398	5.409601048205771	5.392409129806017	5.28363761278786	5.536590506667348	5.1585020105812465	5.600909702643024	5.51714358643452	4.985818656401175	5.531006721973231	5.3566060973199034	5.087747444310653	4.636930281977524	5.800509379022017	5.213902066360042	5.5492378563311044	5.548867479752321	5.028518796364983	5.774070529166955	5.575729031777987	5.625524946862571	5.444156121716251	5.351075679155259
5.135193344035719	5.250747362237951	4.704160500814551	5.495270206031133	5.312812665180706	5.229300991737552	5.534780099024954	5.226966910259472	5.5395314443662675	5.514850477539627	5.047476187876739	5.483001380110097	5.308899087028889	5.070017427182291	4.606359741872109	5.785874967203794	5.170698142987226	5.559476738789737	5.267028557351178	5.093218277073467	5.765969981417751	5.628098271042748	5.690922817400568	5.5153502426509435	5.327964344433257
5.122746623097745	5.112746533730788	4.71958810197021	5.443898030233004	5.298378795719686	5.396252153800111	5.585722197798644	5.2663377874419455	5.597418133923278	5.553059293764769	5.074550051373897	5.496280322839282	5.303637923228639	5.268667907436822	4.497338568368586	5.769522786129103	5.3002025709138145	5.5406696673647815	5.308620915686335	5.280442763265703	5.78627595673769	5.611874523593037	5.704584658496118	5.492598925467445	5.237771529814749
5.0244251323374645	5.302136945428516	4.7596935170021375	5.477737297620071	5.210854328335363	5.420606860686081	5.5604726668990105	4.826301469059498	5.596435325057662	5.572106717920133	5.06323623480973	5.497676046224248	5.295172005585022	5.318780602901494	4.326628969980254	5.749110062954129	5.288347742747796	5.430720165906701	5.427130123148076	5.1582458608425314	5.716616061383928	5.642541177070124	5.722228566095725	5.550190652437585	5.31577069877481
5.139310547635257	5.4998775446106025	4.8444071685684875	5.487903253430483	5.359671556272203	5.21869441224603	5.441475997352105	4.811104940434147	5.574794280195369	5.641285028953291	5.032722773456032	5.509087824530191	5.351913556685633	5.297827411375588	4.3496538925887265	5.698402950143875	5.170220081068685	5.256825805669507	5.187915130487479	5.058946599306699	5.646200494287235	5.626607652455515	5.748902620402815	5.527438216167157	5.227404330548884
5.104062828780273	5.66150249557966	4.759879098474943	5.522771321507406	5.277389286912511	5.352235021808625	5.275026114605263	4.621964879646535	5.668651405730489	5.612909842949849	5.134872632023926	5.541669346663562	5.303716168481434	5.273738390524304	4.428045276952501	5.693062545824414	5.10087520819026	5.164153845462557	5.3817985858323	4.995426619696436	5.647705439518063	5.545082555720475	5.565262906103802	5.439238965529125	5.023870990992438
5.200365439389027	5.6060093575586105	4.7355779001252465	5.460715694909154	5.264506602359187	5.296108782178147	5.434456197054777	4.487683170057613	5.60012153001259	5.643142975215228	4.845057428450046	5.495942868163146	5.250296408015137	5.3253580598074395	4.6857600129715165	5.711614418601419	4.798127456740454	5.288729858251396	5.485775841852302	4.973332356367982	5.586804324354149	5.579027537295086	5.676913736748839	5.385375261414325	4.996769944372605
5.327689454271463	5.510910120251785	4.871993610935154	5.497855472223267	5.207549231944374	5.211057726381332	5.654914131698268	4.960853989647592	5.583558928043075	5.622913637303916	5.00362935090976	5.405075962907599	5.202095591768246	5.181558839260187	4.9341609107624445	5.716274633133345	4.797765642211885	5.208158314588242	5.191243464680176	5.049466481054762	5.613278747558779	5.47901181847134	5.730886081099271	5.458013193079112	4.778909339755025
5.374069084750526	5.308868484957734	4.872637467028445	5.40489779052358	5.077687690067081	5.284435164365029	5.651269664398463	4.902402174927227	5.579567494794426	5.520392829250217	4.842585756774313	5.380566878181062	5.253032179909197	4.959316906267572	4.683550633769415	5.762961097418167	4.697163215126024	5.346347363983262	5.316752185435679	5.1795507050486735	5.628266187656644	5.460833328344642	5.767324304317924	5.569434600893198	4.861963069225326
5.343170532874104	5.191598356660389	4.87540465647628	5.3272026628742	5.0506050405798435	5.163714063132099	5.673234497070515	4.938741589762469	5.597158279446486	5.335188799816048	4.435872812007931	5.454156450859657	5.243127240975329	4.988672758203934	4.625364688689925	5.721612744780301	4.787884062552119	5.229426779576244	5.46164604751523	5.0776814941756285	5.632722765969883	5.498165705644176	5.718158053321832	5.572274948412735	5.016590520591449
5.190992781815684	5.2534922832796145	4.938521590220279	5.291311388124815	5.35377260592229	5.055930203677583	5.680192156150878	4.993850311210487	5.506197884431091	5.156990184370132	4.686178355304353	5.504919406509295	5.369741169614177	4.964353062732848	4.3567480781876196	5.8121442598990205	4.818707327377223	5.13133408946802	5.452584316709611	5.144046242492826	5.6888488982830285	5.245101871834238	5.790347723767257	5.477846468639073	5.1344312009297095
5.231217076007813	5.399578884478241	4.851000488459725	5.333925093730896	5.275572989333408	5.147510274863811	5.526491866724032	5.033079732866866	5.358653288369815	5.10710664269536	4.682163133211772	5.370269791562932	5.3925414595670205	5.048007458880106	4.894280221753482	5.846372922515256	5.105973020089169	5.272785628593631	5.274868260256972	5.087404179779131	5.696284068884078	5.317433365009915	5.709271748454199	5.378891319773088	5.292694420602713
5.212543825336397	5.355878329582979	4.993322404893032	5.378327970912602	5.178995498501982	4.92911821905492	5.182358992215855	4.990095176742795	5.284187969790747	5.010137770936376	4.5112405532145115	5.327393067070435	5.230882015300981	5.232509170932814	4.885287981817719	5.789805252022942	5.30010588459928	5.410108508599834	5.0147843215161565	5.024058855669981	5.7775536449070986	5.373155721488605	5.689621280386677	5.403478330399052	5.278209947997367
5.064332040192901	5.510234962486045	5.05120151437865	5.383980616537265	5.326172130309258	5.14470239069083	5.278235254837342	5.119280012946705	5.240336863565464	5.248605919750322	4.68417315220874	5.068523642468843	5.307662116083158	5.287118815635453	4.630231182766784	5.855751393741167	5.243487905832339	5.481419840734826	4.90866307728219	5.069886253206333	5.754281356088572	5.43087527522769	5.6953184123415115	5.502511383325578	5.238134285618168
5.122153773393007	5.555889343745462	4.988635682261966	5.547135376077169	5.3252719260001555	4.942296954068879	5.605999444954016	5.061524249454086	5.156012928693629	5.460288358755775	4.863574150854167	5.097504063319133	5.409125089728179	5.296817990095043	4.868352750101615	5.7984334876778165	5.263105142367372	5.340158204006978	4.856022882178017	5.0890614281905915	5.710541303712245	5.519729448693131	5.679698347071141	5.554070797616759	5.281044589426736
5.04662664434582	5.587396255936332	4.940127778969803	5.478504844076707	5.3068039876983155	4.893601254590048	5.58608690788988	5.125598454213983	5.183079721258971	5.387857168731975	4.478261710658746	5.076619932692451	5.401717964866539	5.3256092642383575	5.18365054440628	5.784960853326921	5.2809091397271875	5.243622401664065	5.500736208926402	5.192903073009568	5.609532141403441	5.547882938062914	5.7252353198267105	5.554692683993879	5.342028131484062
4.974273333699675	5.553740606355051	4.786986103146362	5.608957060216712	5.346010488510597	5.206408410821732	5.474526336710636	5.188574912330095	4.739341816335052	5.543828468870681	4.587812142432674	5.094880561393298	5.407609644886694	5.246374894943157	5.216011787999614	5.8057203432643565	5.347667438207557	5.26742286986584	5.55533097813994	5.239693808082354	5.517470826337982	5.436462333613563	5.619545291809523	5.5655050430192725	5.367560410477066
5.170354298453874	5.44271971225649	4.758595930583405	5.6062216573488985	5.274022832386863	5.194104912095227	5.452253904999318	5.2518734108928475	4.7203170671845855	5.581530232902829	4.386975610887224	5.4059195386027135	5.414600135907729	5.236762196329664	5.299428195469889	5.723142234686389	5.306395889974009	5.316053703819694	5.482023739492218	5.234482078982004	5.531635989657801	5.474443491910665	5.745222051196212	5.506808692152995	5.2763981742987935
5.23102560811188	5.355142890459384	4.75253393809502	5.5757160863609645	5.300204485985814	5.127443636892703	5.475027826367899	5.267132733809494	4.7944168868575705	5.46007407794654	4.320826083848098	5.494264718610393	5.39295520481383	5.213721884109363	5.129545115576328	5.701128456752596	5.3472660303772095	5.3301986105359385	5.424328933645233	5.284656427582522	5.370263579197871	5.577160421973747	5.61817335901627	5.575050281126421	5.279193917105335
5.281961350957657	5.291596558249834	4.760302070313635	5.518599042232216	5.290793156219857	5.097046053915235	5.458821975877448	5.201338158818784	4.9419522760795855	5.4919277802031345	4.359395427107618	5.4732575067047655	5.397874875505773	5.270733339731105	4.9674981213329	5.818965519024797	5.428863040623559	5.448388943115191	5.511453020908163	5.227506162948227	5.324626138486982	5.623606824649007	5.5664372563453055	5.536464197905737	5.133299499504102
5.291717774762969	5.31478918627282	4.878139798978709	5.450105561666994	5.4204874268367504	5.054072910912967	5.562554994023399	5.294344860109685	5.45289814185519	5.464827247304479	4.261467544966437	5.459772272629335	5.351807488104548	5.266448406672299	4.9808367593215275	5.677354641574691	5.375871219146652	5.3572218063590284	5.503015626911925	5.124387437881154	5.369337166669917	5.629953281856666	5.697917835240078	5.585226756092851	5.053168105007385
5.26781203112529	5.140724613178879	4.755944050143376	5.551891846554563	5.425955470823789	5.112400868561416	5.595709746213423	5.272913573128723	5.328289467685532	5.449484756539366	4.722969696678737	5.496053439496332	5.428265381853744	5.254040863619113	4.996143994929988	5.776484997139989	5.027629561236748	5.292653254438954	5.259592918840996	5.054439248519914	5.383110248824594	5.64814024969782	5.655966384490159	5.60943931465229	5.209042540977154
5.254966445247038	5.094304975907667	4.892219115571098	5.417190833873127	5.100602201336637	5.087730037952936	5.555715083460814	5.202231494952519	5.356312008351678	5.51620578212789	5.277872793420781	5.488187296894512	5.445861031131549	5.3016141016416904	5.039468828925985	5.747614745772221	5.12712792640419	5.258875738098178	5.220750120375625	4.854040116851479	5.546925425219877	5.637078535080651	5.654179980352889	5.612417516608269	5.361212611304159
5.167040161559658	5.183542561804365	5.008599342920768	5.299401920122499	5.113298606134729	5.158841549450677	5.526471297933913	5.283198928487382	5.445699042887026	5.4621154764135476	5.271995735622578	5.543247223686025	5.542351937789283	5.252146024033631	4.80246469839602	5.6942590702742475	5.1075509270154145	5.186589400265261	5.174479010792947	4.858198603932438	5.418570024749407	5.529648449341327	5.655618030632348	5.4432511758758055	5.349430122202333
5.178604336952013	5.468851788138909	4.9011792307421596	5.307204841419797	5.260146176719462	5.1356841085171245	5.515423126118782	5.261700055264237	5.459135496456331	5.376326500618474	4.887129660050235	5.650381979866383	5.521509249906037	5.31897047765981	4.553687332960999	5.8227488880448615	5.072624490445626	5.468940810764234	5.07380479996031	4.78831232516038	5.515928808675266	5.564177151025897	5.6116653329947725	5.382063054779113	5.4291836971448095
5.294810473443771	5.39129755053722	4.950975633910179	5.232627716393532	5.211513326301144	5.253837956312846	5.541572828760005	5.21649188106068	5.491530987745168	5.339873567364293	4.833356234118498	5.625134465538137	5.405323293955904	5.3116071080733045	4.361532962651787	5.67854063113574	5.175718248140876	5.5481719173258295	5.188432193327545	5.057160459975835	5.539809234978052	5.525281109367747	5.7416391543022804	5.425306551936679	5.3935122285009225
5.250126242399099	5.512931623587679	4.831827355659353	5.212055423983215	5.37297731011475	5.1577579786300385	5.41013545106875	5.194420228755374	5.450772039049707	5.461786631978821	4.590044030355299	5.493914112991971	5.458628215612873	5.316509554396924	4.565934105797124	5.738568268715056	5.208890747405391	5.552785617264578	5.434924939528848	5.121624373334176	5.539663058823585	5.488991078991942	5.695805134761699	5.440184956449538	5.359571153512718
5.223695064697164	5.4587895632868975	4.854798697688697	5.1602364021518214	5.368128939700517	5.299231224303408	5.333723903681758	5.108394040009615	5.459735265975175	5.51994490628859	4.672849785629511	5.485347471337055	5.378212270199605	5.259920490046869	4.752153250682851	5.778198975648287	5.32116517106924	5.488082891290558	5.374600362215677	5.2394853030927555	5.5651753654172165	5.222236788637635	5.726887591185713	5.456948698721807	5.404518351067815
5.243215362197857	5.321126041572116	4.81098516661405	5.406523798232652	5.424218652963082	5.14866784647116	5.5511086446443905	5.093095630523117	5.362199685176606	5.5476657891866195	5.007728255120569	5.460963215601166	5.399168923218053	5.218538755657593	4.764872550632913	5.748319277510497	5.215412298853626	5.38873115508776	5.353147202280043	5.1392463157723265	5.602347949302456	5.345187566596162	5.77328360858513	5.337128251323509	5.380405788397457
5.165534134170916	5.289189009210725	4.839100689218351	5.3925810114240225	5.281307384913543	5.149015052012813	5.443066558391092	5.065152915995943	5.485851675119249	5.456452786754282	5.074968675879085	5.43691448058502	5.497159499996587	5.153889840999085	5.011642970926779	5.682860678206445	5.357864517705757	5.359261005118587	5.42978805587888	5.068454431285981	5.53562666353101	5.401929640651017	5.727334814837755	5.225741131698472	5.286285635528043
5.054259177376774	5.330809351634211	5.079069275974246	5.491802999855666	5.304310903998829	5.155627449666974	5.454828283735134	5.078579910451324	5.48221622473801	5.4318276868826185	4.766556809178286	5.489834899634336	5.439590723743793	5.13789336393082	5.076107711948396	5.662231311390361	5.344246719958345	5.366733662473911	5.508136811698513	4.937468381292296	5.546756980109317	5.430527070435728	5.786310779507972	5.257683179369418	5.314415909226772
5.192171081545358	5.197979387277172	4.959414210474018	5.336646857732489	5.247872117318136	5.09021639006788	5.489264338324101	5.022423808243234	5.580370426987331	5.335774560194542	4.484172433550323	5.4513917468395805	5.409894434164677	5.123798808180299	4.932286413908551	5.726441473346829	5.2677618589351685	5.389613080544195	5.399113909731782	4.924942485016405	5.5243645663766605	5.516319320419084	5.6339874783550306	5.278414325177082	5.286449956135514
5.2274585725731635	5.347227755355548	4.847159423153791	5.433817526747764	5.296993415778502	5.109175871643259	5.466611562938503	5.018379984414488	5.671562385280909	5.461434945094782	4.594543351783289	5.3853446343978035	5.336374751777593	5.1406241944011875	4.693657012152534	5.6811004838964445	5.20937765299165	5.427279672371031	5.457722319578966	4.9461057723247315	5.427539567345831	5.508928591192068	5.66823315984113	5.43596101864752	5.154255681840772
