5.282330620957116	5.0391397955341	5.336687824495349	5.449304896845541	4.72969749367872	4.4642661916775115	5.587690749575353	5.418949975193961	4.768420827891114	5.154227883274659	5.600435090638264	3.7650311545012727	5.245520010411584	4.39487676062647	4.9224276700446605	5.220003252102944	5.0212381602539065	5.262553900983863	5.141589375734249	5.132479969066808	4.688162128846997	5.585030194412352	2.7281355991417717	4.552384219475887	3.9579008381718825
5.303768954933901	4.867050862763429	5.063398351798449	5.407160874706534	5.063665358256978	4.124489919291103	5.638777497021461	5.2047085042135075	4.665339596449071	5.2381696026444	5.541332009402884	3.6786007462056154	5.2297086375244906	4.4235837876439374	4.690028314421302	5.21270229190954	5.146666802550662	5.021885346702713	4.424625923498075	5.3069769911717035	4.789703638056317	5.288418490522199	3.1308244896072366	4.614953966467582	5.066343181256353
5.337291625593924	5.058189654425675	5.0392097403064815	5.382224224970216	5.1502872056725195	4.306841774263166	5.599072122905568	5.303098944485805	4.656635698034457	5.2361788447273	5.629249387112689	3.424820739848374	5.009130783358782	4.597070075456643	4.422247831639747	4.782641254565608	5.2928231314173715	5.1448679348761885	3.3920888664496505	5.381495151558788	5.197354012072681	5.21738077594232	3.122947919160693	4.64454937771438	5.195132382681198
5.170364759381118	4.997549634283499	5.028995375080658	5.36239075755517	5.382418063753414	4.344651430431062	5.598355466334453	5.3229574678413725	4.508986538841266	5.165815183353593	5.629971964231754	3.38573591367329	4.87236364829007	4.550345370632905	4.427183064209521	4.657811175367189	5.416795453375946	5.171011004534538	3.186234234760056	5.194755928629915	5.095372835863632	5.204375343155325	3.763003665758583	4.718863364748892	5.235192125796127
5.053775908579743	4.932434095391749	4.925739068242444	5.284083290731879	5.4087619003584955	4.7651541964988695	5.559073720004374	5.317297339885497	4.370306517413431	5.363769200531843	5.667543063857474	3.352601032497205	4.695577918794732	4.697043171933446	4.12192437398629	4.792058234501475	5.285192754899503	5.224062903908547	3.2167107685094827	5.326925642437533	5.246186521604905	5.302763838965441	4.0935253711212995	4.5294111736611065	4.581216796356157
4.946038071449719	5.198864789844893	4.968610704933722	5.235879249875435	5.294926791487755	4.951991160442407	5.409104410250977	5.0919097074059305	4.443268892354347	5.108086090521163	5.50896558571717	3.3264449016067985	4.748529389029917	4.9253412867342865	4.219447222842068	5.1547444609656825	5.300877659719002	5.4098231497473135	3.6035211706030674	5.304241111178361	5.028761594343092	5.488465842841193	4.384431852256222	4.396371652528512	4.368005283231872
4.8208865760561705	5.368578804176102	5.029026765921038	5.1491057309554895	5.212449527895158	5.041916345416567	5.005961001766176	5.0998262851128855	4.519377105392885	5.058050166306955	5.590357882519607	3.4016275142715973	5.14147972744364	5.2745735378515475	4.552668623758995	4.882783328951743	5.050840966767911	5.398683532395136	4.4577310786070665	5.308002465852514	5.021473609202315	5.615053912864332	3.790454861460047	4.577992533120483	4.210635856792293
4.907101480490819	5.237887161807778	5.099265061403296	5.039768617279439	5.355031989576994	5.112871800037869	5.044061059076519	4.7490748120897655	4.627358000438979	5.059893082585945	5.539611271340136	3.491959011494038	5.156338614784025	5.362031419783739	4.391006837702997	4.655299645626002	4.856424608061289	5.332534485165046	4.1875064727029825	4.978406240212185	5.222829536284432	5.576546445857947	3.439485037023526	4.562262673150769	4.273756569283063
5.164847174201883	5.161315919782526	4.8773234028730155	4.932182145804471	5.4161804628010835	5.093081663493271	5.286574988649296	4.7429272647532885	4.962440612652722	4.518858784574276	5.536232709574105	3.4015127393373388	5.507584308494113	5.419694958933487	4.42444143244182	4.648728772993027	5.024284902124229	5.325692220723556	3.776209346408674	4.780929752103207	5.278611173848932	5.448817642495903	3.105607539468964	4.778885090002669	3.708236682211351
5.176884374354005	5.085806974088692	4.929693398836007	4.8443563290178036	4.846390908537772	5.128906565875504	5.286452469617368	4.792014365080156	4.803688133389668	4.911389934814609	5.497652100576676	3.615493014485648	5.4465180785090865	5.486901186809387	4.61578857494655	4.300900345190038	5.027216779844174	5.384264211661422	3.5350625630586414	4.76428279237486	5.424737007717144	5.598966966711847	3.011972856361042	4.881259101628919	3.4409294339618013
5.321101494828243	5.172262234112466	5.030886857154177	4.991584979391773	4.807637968908661	5.170575304737409	5.491389938839054	4.9503447530191	4.392109961039956	4.923258878301417	5.511820064704733	3.4354149281279294	5.263998316024091	5.265906901107968	5.089984112919066	4.535732910546766	5.108356791024512	5.346193745272949	3.8046253099200698	4.863563778756445	4.984485022655459	5.523707294449999	3.2484094454741137	4.892001383593422	3.080871051429189
5.24202484409167	5.181540395564346	5.08720356933714	4.626637243838632	4.660906914260924	5.252181122371608	5.593140054510273	5.184101049747495	4.254630888906334	4.891329283243207	5.564689379414838	3.5099464786932324	4.985822337677155	5.266750075955371	5.4131486968967035	4.960016062840792	5.137800782157641	5.229234942065147	3.5025919181509093	5.298188194963719	5.215107986440713	5.369696749377901	3.4145416649989415	4.631817633889697	3.3537556089474063
5.123192094534517	5.5617347675299795	5.062275530298768	4.681924889935431	4.602917644503557	5.255919901728649	5.491255558946541	5.370822918889392	4.171904460818665	5.383407123096668	5.592127299630853	3.6709641036273046	5.021439265235133	5.131430603564897	4.428716519429232	4.829060996244386	5.211873269649612	5.3521609881653065	3.338299941744	5.188966763562042	5.150352723515876	5.452949457168892	3.5931737110704858	4.5155019319254315	3.8773187703118466
5.015537682108689	5.706675811454884	5.025602361507158	4.689703014851936	4.662347513204551	5.022764558852297	5.573836990878926	5.3387118095856305	4.39406553051226	5.425290243611847	5.598128699511286	3.5177410710248194	4.929808759414038	4.903984470717175	4.5084143778410715	5.2416419791666025	5.030675460126799	5.439295403360679	3.2489749797090552	5.2678824247316935	5.105213793899936	5.402734504059668	3.6569244828714513	4.5042268225371025	3.2050774145889864
4.723070925566519	5.517876643479492	5.033289129440564	4.687743805895344	5.077291445564803	4.795548717330784	5.447322369266576	5.33919780322231	4.785491998886458	5.425139161198773	5.762743649786318	3.606101684791899	4.757083172657698	4.906329291225029	4.4503797298104875	5.166682676175642	5.015374479213812	5.510337946484566	3.128301221247073	5.126133117644885	5.655587961288452	5.62060427919083	3.4022003522684066	4.442545614150687	3.7041774370977305
5.006750612565581	5.497172407743292	5.272286546964763	5.1623580286080974	5.249714800120486	4.799381683280382	5.35013867383742	5.365686999925891	5.199909599122295	5.4199261749151235	5.704705981901773	3.490180807613716	4.818273278722308	4.726496928066293	4.3655570775038965	5.106272736274533	5.200940663738017	5.5929427251349955	3.3313690140900865	5.16084438679736	5.010180972765523	5.547218254147839	3.501087890494991	4.4541789044469065	3.4681252327374246
5.0514576143051375	5.551786396089328	5.323113542681211	5.547866845228143	5.2650292805329615	4.475235165457608	5.477995717026968	5.388091373923056	4.985834654203339	5.340493264700338	5.727342177810753	3.467520732248781	4.604860837825476	4.626440609565703	4.755286099860456	5.393948273687643	5.202206682341269	5.648282221974085	3.349495086324281	5.253377714442907	4.970665407602207	5.477899754947113	3.0476083872726405	4.419345685629336	3.306634306304152
5.062274019357059	5.581204110201515	5.279704962019976	5.565750129910488	5.301843302071958	4.453031985442044	5.472023428017388	5.44902755547844	5.022899394113047	5.415589767995362	5.756216334243869	3.3527006448345724	4.539728462474692	4.527326141814183	4.514922334272508	5.036616366753198	4.908614370536405	5.434793502166511	2.8933114744526636	5.32902135335381	5.009086471331875	5.491404581149364	2.797228511113353	4.567589153720772	3.779478895115767
5.493472412611425	5.470911964050832	5.2056536221123775	5.525757957324553	5.347506616814355	4.546777658295708	5.453586250784684	5.449563870208925	4.767681797365351	5.4398287554777145	5.68159274374124	3.7278980402362225	4.447283441463661	4.100166353932317	4.475681425041828	5.167828953871344	5.050121138981803	5.124750412039399	3.221312557160756	5.3206275227312405	4.808458759435613	5.5217553440084135	2.715221270159539	4.474003387872372	3.990188012359361
5.438513909119706	5.455482717761658	5.225067538004644	5.3932862647364015	5.3752717319833945	4.342018239502466	5.668896783944638	5.370176991595304	4.486958703679418	5.460549713735201	5.637767493411383	3.6996241670689862	4.530907119676844	4.382036876635271	4.557569113662162	5.169184851590165	5.435124804092245	4.913448817196039	3.2777872784033417	5.348740772616844	5.0935067802525404	5.224014731430521	2.4942620838091005	4.3184643257596225	3.4186800807427318
5.336230890500248	5.565760154713741	5.067659313179446	5.28031879513546	5.400570047340922	4.599010282750877	5.656681402061451	5.308035080549273	4.578661804421181	5.438904133097322	5.65690799361136	3.571525168209269	4.4279224564636674	4.53624058725837	4.981056931427376	5.16578367216966	5.190457400410751	4.840106712439006	3.3800562864675596	5.322952981252007	5.202563568260671	5.106080310673847	2.4918581083927998	4.555942415406329	3.230436387568908
5.391952010722594	5.439933479522119	5.243168307715232	4.942851298316247	5.228302311156158	4.77649638562359	5.752691382573551	5.207645420926623	4.615288763212314	5.55063406066778	5.601812825177303	3.4139182685443124	4.455432356532887	4.8587638072478025	5.056250006817872	5.362876956408006	4.962904088347371	4.752579677705968	4.429225429897374	5.383238822073097	5.107916626547277	5.008173206119388	2.6705129326197246	4.414734196257188	3.0865235129984647
5.429707085006172	5.327022962711752	5.252689660004465	4.947379254374842	5.193628738084801	4.824575804647273	5.657262913876092	5.193788195932687	4.8482438643025265	5.609100477193998	5.593057618234041	3.4404115147989542	4.186566728747995	5.21847396095692	4.697466235399996	5.2125285681320035	4.683135226909197	4.841553378167767	4.240543768751123	5.472369988884465	5.415647221422241	4.98527984381779	2.9324822820711365	4.510110356987219	2.908101691233621
5.463189574674624	5.561631624760439	5.3132049373375345	4.850301316823223	4.981144927820634	4.9558013388016136	5.583669966660694	5.262838809202243	5.080875632667611	5.611218154503963	5.247398927702729	3.4289916137038094	4.174409088719046	5.082630227929394	4.2644211547620285	5.159816562615748	4.3220890844693	5.064445770767214	4.226431723921941	5.354497617438166	5.400884383435554	5.191601174648228	3.0489861993211798	4.550668994398275	2.7709263507602855
5.4792613717584615	5.578563724786623	5.2108265534106835	4.996586916171844	4.984204826792398	5.0188389232715345	5.586723589950552	5.165694741174226	4.950091941846627	5.62476041029314	5.230268053882323	3.32954298099638	4.148633922298972	4.936755933181563	4.116789549782713	4.979394837746471	4.31010804935216	5.095313675219647	3.812766494454991	5.4155751823870775	5.2660595496783795	5.454420788137101	3.3923769949125977	4.757115674318621	2.955387007495147
5.39066479027869	5.439489172512167	5.195568345489726	5.345623698291569	4.887664664979543	5.098538610893043	5.526622160655059	5.148694697649861	4.999527124589751	5.600041210296641	5.178746660664734	3.4449669068210054	4.314457087532064	4.885393839849235	3.841954480096371	5.17793355347513	4.621369073963795	5.134287016979396	3.5008064765524063	5.36181791870394	5.180391421351576	5.624132150797266	3.7007839725804907	5.033306793438838	2.881704916139826
5.407858701672865	5.458638150613957	5.22476133201887	5.319022470214741	5.055808640255568	5.203640397922798	5.487251931379073	5.200918981258296	5.085037499601407	5.3979231334518465	5.188993645916091	3.635223729029056	4.521697136449722	4.935740591593537	3.860015648696374	5.315488427065136	5.142459238132198	4.9380398824410205	3.7141571898997108	5.319336793213936	5.108220908322236	5.568856544787284	3.490508501483402	4.893665481072467	2.829983325835958
5.27781328007416	5.580288238399322	5.209939390496066	5.332078066650365	5.0750824065770015	5.317410598662023	5.589279005078668	5.191116868482099	4.8611134852280795	5.450983743639792	5.477525531167238	3.624384530528752	4.554125608085928	5.06953767177066	3.6377278898091503	5.413159803890127	5.25899232967951	5.0534232777300945	3.463907445358222	5.219513352829736	4.681441807041392	5.224106229560538	3.443098033978064	4.897616936977869	2.7548901452674985
5.2666186486599775	5.518711421066983	5.096607928947124	5.307925287605269	5.212562658745807	5.187950519197997	5.715622049193164	5.228316328581665	4.575423671104173	5.344936247938454	5.215026761469111	3.5141290323175975	4.4377216812557085	5.362811444740824	3.799904691200168	5.327521976840451	5.22816371273163	5.3824875521593425	3.9050754470808164	5.244877278945495	4.703862823382435	5.292765991379727	2.9865597660846177	4.720071212492967	2.824982275292918
5.259096357844851	5.640251819505815	5.021317093257357	5.176147931693336	5.34857601260262	5.116364882730699	5.809074002957382	5.293621929810148	4.407580677880355	5.158204745967972	4.95842747702128	3.100318633348254	4.531014660113744	5.452349614066879	4.078220905622037	5.148979177193547	5.271516088868351	5.371361333855353	3.8334058472944847	5.4636406092417005	4.744439420747936	5.329044131716208	2.5831845099436594	4.737856271764742	2.854592425010298
4.788704849522556	5.680602584652944	4.676976015408488	5.187718187039747	5.259258917904497	5.150256549437528	5.67102356295397	5.224267654250728	4.389341666063996	5.28832573879011	4.933327261240548	2.990433359084468	4.430403133793336	5.40073434802937	4.278367622543533	5.015798544402698	5.2028665140076	5.648899111444186	3.8195001415701384	5.167569286117179	4.868832775891156	5.574396964544698	2.449437048553792	4.80495102991858	3.03995102507501
4.937067438836232	5.50575746547721	4.561366721860209	5.357722035577439	5.270999696678417	5.09684218961718	5.597846793679327	5.2249078149266746	4.599129274221575	5.502352846651882	4.326343290653296	2.7368479406623685	4.5299599497114444	5.251297599487794	4.846248887400942	4.853443251976774	4.505867515105698	5.597123401237086	4.196138746088987	5.0092841958717145	5.082161179191888	5.503922405497784	2.421210857185417	4.834523983511886	3.0939377972869684
4.825051620081388	5.5424166045956085	4.6679168918720135	5.433932856901509	5.10185646822269	5.093631891026809	5.6577531111580575	5.169119898139603	4.827295199831732	5.49622732932801	3.3977033239590315	2.5793047905901627	4.330106377203229	5.003304943119842	4.8734470386016415	5.151118448212051	4.308320687819199	5.490995171547298	3.8177696371299605	4.926696859047269	5.399505202794343	5.34360218716584	2.2110138162726254	4.894536757201846	3.213291288108571
4.719385727273943	5.500114261106448	4.6897718699636375	5.481675494612371	4.822549680297913	5.2571402553640985	5.609669653100058	5.214850957162961	4.956936994199042	5.541243405503453	3.01537946057277	2.6299207442351915	4.484076297848738	5.020709049831665	5.1269747940504224	5.471724252562824	4.463375578430035	5.545288014799078	4.417641760660976	4.861276967396079	5.376036453198814	5.53036693399763	2.292041618350541	4.166915339666703	2.95115929994533
4.664921212365956	5.576839562685506	4.8949779776961835	5.3451232620356794	4.676640837189559	5.2776340183894614	5.6432090447989145	5.3935102914380835	4.90919024651759	5.494974161295635	3.3954091942551576	2.596364872294862	4.630851273650629	5.14292341860223	5.301717743341967	4.977641960295547	4.334445024218473	5.231591195008813	4.42590005997541	4.728940932621595	5.389328523115674	5.266590925660113	2.2430168124835497	3.6599962739879577	3.0581990987457845
4.855589837151479	5.582193637800401	5.1463511758033365	4.804590515485309	4.734273083003249	5.381882161744956	5.639324552507292	5.426221442036733	5.043943444971393	5.435359827840545	3.662752157120538	2.689480307535821	5.02814687016559	5.344845580042932	4.798092106144562	4.886026352999032	4.389802363608736	5.08333082918384	4.31907905585926	5.248452786223096	5.525573308870615	5.09943607254499	2.48361590585011	3.3368296878602908	2.898296224754003
4.673005413592613	5.508111152227051	4.932379616013403	4.750072385071162	4.937295465788542	5.328293792623595	5.5439821872112285	5.297736893202429	4.582023756313627	5.540928023020638	3.8303293131366676	2.713712229041234	5.15459799066535	5.364892561621551	5.027411931802475	5.013053966398078	4.62161507085837	4.990928803474023	4.859523955170362	5.142314169745005	5.275957280779273	5.1921635867712	2.8447553563363837	3.095594847357264	3.0537085625971008
4.546836333339062	5.5147921771033355	5.045485034788777	4.10859077997232	4.988360059255772	5.427370556087783	5.555002434947132	5.313399987684566	4.333631086761791	5.57139154446071	4.309101500857174	2.7056371323231754	4.904579996502238	5.592420073014324	5.021985494635321	5.063019743302672	4.5175051440705145	4.91695880930079	4.8051595773649565	5.2549476623183855	4.93398653750109	5.00797072763809	2.7235308030842362	3.0822207622568776	2.9057969259131604
4.569021807916312	5.553500453210101	5.108410617298593	4.058263723946265	5.122835128270527	5.066127011663574	5.537407043427639	5.216596418837104	4.2156299873792324	5.658810635705227	5.132032130206089	2.708256280957496	4.8483423821185685	5.346021972258094	4.655248793342468	5.165219306235746	4.921827739262552	5.200453182070387	4.833739481229553	5.241074190922956	4.38412107714604	5.296729585125243	2.8121680046876394	2.9163922606420054	2.8952313933743516
4.120301710659193	5.469649147999599	5.148544136734192	3.98064145016824	5.149279427069832	4.793941388953506	5.503068806627902	5.213873230440397	4.115902255572622	5.6942187864245755	5.322020684194568	2.6071638493539253	4.48585412368201	5.360810343198047	5.09006151922795	5.075370407500035	4.918420502063402	5.0558080456457075	4.986450743588526	5.3566805541826925	4.382754643036951	5.5115157628984495	2.7736803678549173	3.0219097783043094	2.9552592951321106
4.188342380501983	5.450199651459224	5.259196861412278	3.8530914021212728	4.897729161788932	4.997803279787027	5.602136227139708	5.257626444244428	4.456141101067947	5.731240215194879	5.304449435496204	2.750383558710856	4.556836371199009	5.332533026696417	5.116666742720784	5.27793425617758	4.9246342375824605	5.246719421832151	4.923833407347681	5.577296934613812	4.565986714806888	5.556496249077914	2.824730883508216	3.352560890470872	2.7300248991204557
4.312471632487816	5.581520554023918	5.223031427915839	3.9976618706408247	4.647108365852262	5.166160235389441	5.550845506842791	5.416795982996009	4.41161740040264	5.559315684538724	5.251010898600049	2.798582951131499	4.573067636897785	5.126761570595524	5.084584695761524	5.184127891235764	4.9784671625721	5.345945519808261	4.918800280335629	5.380328697226767	4.625184470332069	5.626103350881783	2.740683372550764	3.379653019552379	2.929745991109254
4.7007972767063775	5.53998176718727	4.829004147928124	4.297262909989432	4.810075901005632	5.1356644775856415	5.599902229331527	5.3937393858082965	3.9864413404604226	5.545977356422481	5.389356059393303	2.792422664092786	4.532566638141596	5.287094879829243	4.929187075751917	5.0054711501609335	5.024191963240633	5.396466765199197	4.816643286776003	5.395781128604451	4.872018665966502	5.581126756010069	2.7433183952727815	3.4663735984331834	2.785160028177901
4.999436525952723	5.118013994887108	4.857347857581701	4.206597076299253	4.678542057447989	5.213253559878183	5.600620321040429	5.127919156519289	4.047548079264885	5.356172088148931	5.3785026179367454	2.7403685169258125	4.9015050361661014	4.699674130351571	4.952562707310314	4.8391850123141085	4.922101122133244	5.454977734403113	4.346959151902662	5.37245810009915	4.704066667172165	5.531910869234735	2.8851304316769606	3.439508927958083	2.939622899669668
5.134450163353988	5.084897849120681	4.842359834139566	4.424139810141854	4.640356998777589	4.818449888195023	5.583773687910798	5.132914228959472	4.0135818623985635	5.380529939366325	5.554525858696854	2.8786670750182686	4.910173845142196	4.372194933573856	4.907799506740914	4.751416560145562	4.9189983777366395	5.165521105325789	3.867232403142653	5.171645009273808	4.597974691445987	5.614499916945228	2.5917856427092913	3.2833341611221285	2.9413105835299365
5.068465545215945	4.948664802702535	4.831558288117636	4.34199077606426	4.87534296358592	4.628930443789334	5.55297434976949	5.012093950839175	4.369536619756526	5.319067196941535	4.905244572652629	2.7727336590529337	5.046995652698094	4.339363241455162	4.411122017591173	4.813945652731947	4.902831320518048	5.0323887246924865	4.0725215031470094	5.201125760464761	4.497143077118312	5.564293300253426	2.5667588282885254	3.5094785100558905	2.9732534188853035
5.198290830608144	4.722280963285347	5.01208333218793	4.235351723947435	4.801359454837836	4.766912722398583	5.5847254575101895	4.951204720134774	5.185521388907981	5.382928312134196	4.6345427463421105	2.699514707621748	5.092140749284213	4.3153125764748586	4.628975644465221	5.028177319203865	5.1409749454032365	5.0441440327176625	4.368603097983923	5.3918627041471625	4.510638762950114	5.433816504002508	2.5937176980677488	3.6824882269810204	3.160323845235385
5.201447072939324	4.964919449480055	5.0704444715360255	4.453591733884486	4.767831625233648	4.739487763909099	5.562046875928559	5.037682118886276	4.977976936329529	5.460007072934937	4.243080852973841	2.578302721754041	4.77142647832367	4.5796369879095735	4.0120843000187225	5.122627337296574	5.200589894056214	5.200461049963476	4.912698795399346	5.47007731564977	4.379212664684492	5.4970470869294275	2.805377322769235	4.339446217141925	3.01427150120024
5.221380282669558	5.170722958491382	5.18406253080228	4.290673727337409	4.7762391412163465	4.9861192959823875	5.556890993451093	5.0704782254243455	5.219389606374036	5.484657539424909	4.212638874332808	2.42577041451477	5.047003050952533	5.071484012977108	3.6160837520080396	5.405023784500128	4.66834663872577	5.371428967541024	5.294259528052794	5.173909659078679	4.548132524544937	5.400292968008437	2.8760274922408944	4.500636928031489	4.05008362973207
4.993730484957519	5.306493837774613	4.9970119047746495	4.171302972086962	4.991406999357529	5.131891378454279	5.3083754288907725	5.215518856730345	4.902368245890673	5.576358839939453	4.856423961083109	2.4313020325069914	4.879630709186694	5.046815909447185	3.8807328664671434	5.361142551100202	4.795912695505124	5.556149474894971	5.181741586937651	5.180772590122612	4.668431160120034	5.490207145231164	2.4865136033457422	4.899384356377554	4.244731122314068
4.631744915621115	5.547968465001308	5.013449222987867	4.8052635274524045	5.154491507725216	5.268366952837598	5.368199996930101	5.253522487335866	4.469430450999909	5.533169514138296	5.018839791504366	2.4754419707770934	4.766555426606847	5.184627943670105	3.7012934097009595	5.273129958149099	4.73257786663986	5.658617145578394	4.625908825140194	5.1680852404888125	4.766612638817936	5.553702795888242	2.4370835524756194	4.724861508993583	3.5694860424370907
4.538516448939285	5.567679903625787	4.947469149781428	5.147696359626674	4.656567659477721	5.22722740744914	5.382399676643722	5.215598478689769	4.541418828809329	5.497037365338557	5.4951604607285836	2.5059232195849814	5.123374689742821	5.047308941228438	3.804666738291419	5.506577636196369	4.413736497001449	5.649484844800731	4.232066772974277	5.182564169803145	4.543847449446771	5.580829019973929	2.481853411390352	4.835095096313568	3.4438778306540927
4.540234909510277	5.566978547989963	4.975803412513297	5.423664606805983	4.535890530306605	5.14437874233314	5.481760806646207	5.256191596437833	4.338882941851764	5.457686328073982	5.177977535276376	2.6468178443523387	5.096918298374804	4.978375869907577	4.067326808399418	5.489421936953893	4.639097496219349	5.623099446080635	4.008361658348762	4.745742181605739	4.525867882370248	5.557585439873338	2.720029158901201	4.762256036361333	3.410608963347492
4.774982256299325	5.514894512219992	5.100097792635053	5.458713106789606	4.581337377365198	5.378021430888936	5.2648030267812045	5.167110375046719	4.448536229158503	5.53807362429899	5.014351234532604	2.6683011128980296	5.005759610208004	4.85883105816773	3.9493538624481466	5.495096293321172	4.489783715680732	5.579719395263356	3.7315135624913247	4.960474324580841	4.533699794214378	5.653178034156205	3.128175853368622	4.671940851834768	3.1698455630422457
4.960384760739869	5.4934261192318425	5.093904913298681	5.515695363617771	4.545179844143855	5.443890406255998	5.250777874117399	5.329119215965607	4.722374621547083	5.4923404896891554	4.946659110122301	2.7783837557028592	5.044576620093833	4.352472888908064	4.221659316033631	5.680870330338435	4.695972692683695	5.546998813504364	3.6150404169131174	5.00251298929122	4.158373463589337	5.603693961346851	3.7399061786846746	4.115398204276052	2.91094585832933
4.772823087404305	5.583587647863223	5.100400141094967	5.510372293051678	4.567962821072739	5.390752619592972	5.133170277873168	5.336591827386953	4.781314196777549	5.524535885292708	4.906152869875901	2.8144717160721076	4.912485351473081	4.313249750453017	4.487058484999746	5.675703728516611	5.020600217695156	5.532239349606815	3.3530940815887877	5.019357450675316	4.523949392283481	5.4773847539421885	3.577367019536667	3.730087934947563	3.676979661786573
4.7091215835148645	5.473968377425142	5.101007805324545	5.5216034867284405	4.8819209342233725	5.417037471094432	5.451058829133836	5.267025834728102	4.586318695668982	5.5396573322765335	5.027720097138322	2.7787163879844514	4.691927420032403	4.387761526277463	4.802382873132555	5.610061308157891	5.0997369499491505	5.532216671374955	2.9705828438026853	5.343784727237387	4.7131611815026675	5.4936782147932295	2.9449891483637445	3.5532170899066045	4.140433207613868
4.757834271631227	5.501086121189643	5.174958640209989	5.5497124894569865	4.864600352687162	4.927842613852076	5.5495022508633856	5.2839995144878	4.563075553809094	5.660839361640338	5.176501335411382	2.6818707445599617	4.733327738949517	4.823712729234578	4.845539663853737	5.563060685003223	5.031266055324285	5.514810685017853	3.542575217700951	5.407430603153298	4.800154837694985	5.311511142541163	2.579186598277866	3.3726771134366547	4.159920274220036
4.765360956713059	5.573925625683098	5.177816155189879	5.385213211423167	4.643913630922172	4.5939439304299	5.455674656473278	5.135122646740297	4.5933761446790475	5.603780753522182	4.988610769415824	2.6625538129830906	4.583367252753664	5.067747004934592	5.001625685633947	5.583801846455829	4.886965173726456	5.479471275296473	4.277181340691062	5.5429913176015555	5.105960813500686	5.223056499896152	2.4811810307756863	3.409069127112918	3.702297694800557
5.049358528217973	5.566061501238832	5.171315666668781	5.421185562469178	4.682609191755984	4.332704123808732	5.439538949825326	5.037874211101548	4.384267736895908	5.626298269935267	4.115678126728242	2.6541241384512695	4.614868748179137	5.15197274252068	5.05330325028895	5.659251638411193	4.899898451986562	5.46227981068563	4.375502878833043	5.489621956689757	5.106866170147677	5.25203793715076	2.358775393972567	3.4034744631509524	3.7905615497060277
4.9638101520357845	5.684608995892673	5.235129153350585	5.522229478810072	4.572411534510209	4.363578808039128	5.633170594076037	5.327573944748642	4.33333934490617	5.492674148045684	4.130220168281952	2.6908772094034097	4.73819386935621	5.13999954647356	5.078826504132659	5.650621499394321	4.886098106675382	5.534807530748339	4.56968269772962	5.508416261136048	5.065274740331402	5.294182612432705	2.398336362677391	3.230233010518049	3.8662548577039977
4.88318933518159	5.715850483483842	4.876808444791844	5.550373936093401	4.5891347457218075	4.685371125380084	5.528742257231738	5.346225293888124	4.326035625465291	5.352599829581634	3.824083103667651	2.6562638393966744	4.90351227237042	5.455389265764936	5.280687536671457	5.6058358955099985	4.866782314518765	5.316015467903891	4.157490595718954	5.449511607117793	5.031859593483539	5.198263289548596	2.3213036594105323	2.900762843150774	2.893511744137409
4.756222912723634	5.508018979405595	4.895411271540143	5.6285974395651905	4.6979034352505336	5.249213184748652	5.2307387124240865	5.037630873640543	4.393232209889456	5.343131247112953	3.801479879079828	2.5743662384531376	5.021869734006171	5.539594595794657	4.89844118572643	5.670042080451536	4.91214091009471	5.277850516609564	3.955101888368525	5.431702664510521	5.079740214046572	5.326271436744524	2.2550019896806885	2.955839622242146	3.4583412091359347
4.715256429402291	5.563636261583892	4.874706178554249	5.565187026031853	4.550395485927418	5.226702752842828	5.478794913533213	4.967649558331448	4.444623182503941	5.343102391155081	3.892161467650103	2.605586331525374	5.143630297047905	5.513811747137417	4.707160634677535	5.679644386846778	4.640267700987284	4.965654368211483	3.8145678517292105	5.54486670890174	5.097529388479669	5.415902031702258	2.250709237417081	3.1931409417631365	3.455976102932885
4.639543318674093	5.6640623396538246	4.868626373114263	5.469189454144518	5.080099304199397	5.094958736584797	5.493350718738085	5.022443976006901	4.692015860457119	5.329995331909726	4.005312812746019	2.6547760274948566	4.987594927700354	5.397330521924987	4.336375081528681	5.60009638148532	4.337476394386833	4.814893853446627	3.711259400446494	5.546155873384732	5.047431225634656	5.493761922354114	2.4975950329431633	3.6191611518612	3.3259206805793946
4.855727926643384	5.663899208065032	4.792192681157037	5.31596316082181	5.256653541965012	5.325092363497906	5.449829641548612	5.158051621556529	4.746604853444254	4.890522125580056	3.681049024030489	2.7046651004837017	4.849054236886425	5.394665051723895	4.136871479748443	5.492300564726713	4.5325196312426135	4.952900449664795	4.160283135982587	5.605265747036567	4.766006181349394	5.546197343072733	2.3550373939314344	4.082098826629615	4.113334790879861
4.775563197936637	5.528794391729921	4.922155113536632	5.406675435947563	5.290337904971552	5.306142752652509	5.629366318981873	5.196173030634862	4.813397889344086	4.890741884526649	3.1698823029127055	2.6637263515459075	4.6993380009361685	5.316033811974152	4.1530459131571	5.504582747510441	4.866204048054172	5.057910793714099	4.436983681173832	5.6456360749195404	4.6757634153060055	5.7257234932300225	2.139690753136257	4.278267654922843	3.9511901139051737
4.785325809989179	5.3799092911443696	4.941473525729648	5.3259236196886635	5.476590308568374	5.436795436626588	5.637435125810088	5.232218915592323	5.214498742212638	4.876607375202636	3.468633184374365	2.658623681676906	4.291052072872496	5.27909044026546	4.018495405807168	5.449672594769058	4.913344027534843	5.3901754561678565	3.908706696842866	5.549420651533337	4.43072395886061	5.622360910580261	2.0785166838584965	4.074887545534822	3.0119411612698603
5.00213592333716	5.168540038641557	4.881774397614644	5.330367680000027	5.607099984928186	5.33015766875035	5.4545931921160244	5.230264694848063	5.3289619171406795	4.890173859412764	4.060193421780563	2.6744187472738883	4.214371590769671	5.240635395186878	4.083751791806629	5.46223529520873	4.672871039078119	5.398386756612666	3.8972339911419436	5.51277593227963	4.416007862615384	5.461897674261496	2.057799982625938	4.043607936138577	3.2536957391442303
4.98356943682336	4.9642178290471515	5.228094020186195	5.338094476950756	5.629594777019711	5.237565845706621	5.516607232658395	4.756657011014162	5.340227709008983	5.491493716329019	4.240484222912154	2.660729239348194	4.480954789336265	5.2732710331406905	4.021925340173496	5.47668236937411	4.8406392122926105	5.482437181879912	3.6282487987095964	5.624083716522976	4.608688626267236	5.236109893733763	2.1366754521209588	3.4613313614101755	3.2249171123212563
4.967194364963878	4.8538496612621485	4.998585109420179	5.414547071865018	5.663654897006531	5.253866040389101	5.678528316175706	5.078240842956448	5.472539323475808	5.573036863520091	4.315120877675231	2.6441270461821724	4.597019708072849	5.278926642495861	4.533982177747182	5.357867530816528	5.135546751901244	5.541237062001645	3.252978673504594	5.565933544781011	4.717574192770617	5.359259863206082	2.3453660849042848	3.1935996493944723	3.077609461856081
4.9283915720296285	4.99810087612388	4.962243463353549	5.480858707998225	5.684640083655715	5.236671155830776	5.6883343891439075	5.120297661317677	5.233628392321776	5.38367773478962	3.830455391471999	2.670335180473522	4.857028358756283	5.36710525085974	4.4241257380948875	5.190962990241793	4.706253617389431	5.4586999471753455	3.3730737542292544	5.64835481673113	5.053314020131098	5.275611996204132	2.380894691615381	3.3029641970462644	3.4812015073360416
4.609716701768741	5.6351007550325605	5.080095071120452	5.511789302107486	5.619862708588013	4.964102367715583	5.720404209256756	4.927918605944158	4.41895364672861	5.461017055013013	3.32467842287331	2.860918647365578	4.696468301182358	5.325563074369803	4.1670454820003515	5.177087836053517	4.459644213326501	5.541916607053338	3.318307992781561	5.713471382137761	5.12012788906077	5.363284732211568	2.3437996606647467	3.2059173060077275	3.5887156087421705
4.360712643395283	5.614505218223253	4.930905308645615	5.613180591487441	5.5705991155977905	4.561526328713685	5.611456794313652	4.8771198039114285	4.3533870374491315	5.392321132785765	3.4390680124391424	3.120477032712179	4.829591340396294	5.225634328037486	4.463091128471279	5.021660109012596	4.463152118993562	5.507047075635642	3.062188698600645	5.702620760992469	4.898306555454218	5.36895645958103	2.3196589699822785	3.2674798544084394	3.434461035616547
4.492054448963637	5.52800463656492	4.939409816524193	5.610314725325504	5.653122751653223	4.689142535907593	5.680854435265993	4.792417240867285	4.11028095488479	5.1756923900682725	4.609596355310204	3.1880446348189126	4.80592417661074	4.946638930925005	4.0619218907692485	4.789090008644888	4.868063621120177	5.52155885158165	2.6089718177926824	5.602370333553759	4.898167234625325	5.312506962744142	2.225641886790633	3.204694582790967	3.4223516364683793
4.101812787799643	5.428220571379811	4.935374568473655	5.599158401351102	5.388718246516468	4.7514215895823675	5.71828892957585	4.833803022155864	4.263030323849442	5.187952082599776	5.209103374419481	2.9899003279486274	4.845691028049881	4.818915651180284	3.77208155903206	4.8654774592281305	4.676229076957731	5.528224134765786	2.876094696685305	5.49801268567334	4.698248117630105	5.329829587602009	2.1542742099774306	3.19654828792571	3.1543818355331767
4.080058501561423	5.485038438522879	4.620101428582686	5.5748872412132	5.375543673069833	4.9641013897622575	5.598421578507129	4.9888046751257065	4.93489849600079	5.067454295162526	3.848122042118957	2.980277075689861	4.718243368801391	4.613421145549863	4.0048999957331	5.250704884762522	4.541653239461569	5.521013995144571	3.314034894215627	5.445420434154185	4.821165912101395	5.22794220230485	2.3800787303792554	3.0481378449996104	3.1447160744626026
4.458354549807926	5.445732602593642	4.720705273015298	5.513091038890109	5.296370742553855	4.835609505311589	5.367098475454744	5.109488988196543	5.3198489693978335	4.964551955299264	3.0221929045093887	2.5858606882878052	4.843414343733475	4.701513604566181	3.8214310360383426	5.261687120542729	5.092526730994235	5.442813352076789	3.638729454325002	5.420493710822992	5.003276256710752	5.144441023635344	2.602253701750464	3.247937041084341	3.013266214237521
4.057940329238194	5.437864164156802	4.768001287311127	5.55181029112622	5.235790139345049	4.476910312717902	5.318432056987499	4.977585900225672	5.47759501799493	5.001104152168997	3.259527852730483	2.6463176776014783	4.993652988930375	4.926724103876074	4.201648623812268	4.812153670093288	4.7133155247480225	5.45751627417094	3.9589269159205087	5.508304930065097	5.103959408762997	5.2888500400699945	2.6144326999512906	3.5532994683257524	3.5861885803328
4.535050587791171	5.524038823652273	4.8735794959679595	5.574692381527348	5.226857713057942	4.546456033254177	5.49290791839159	5.144801074495506	5.321881447546903	4.995412672344569	4.056197086601798	2.6887194783150514	4.919454211063222	4.986244361499135	4.542382123736383	5.091699879335274	4.686183612498385	5.480551745287488	4.1597173232020594	5.578395100944073	5.188212659895538	5.374086031847597	3.1387614355219036	3.8760794656808097	4.658368424814741
4.731172837609555	5.503935712690454	4.9416342592328455	5.546789074129563	5.3690002415651445	4.995558395048618	5.730885329401983	4.966437482173423	5.255657077912792	5.185228138104972	4.038600466782192	2.5791501149058553	4.995530241082656	4.788785777978514	4.520931977414479	5.432357176385965	4.636568766349961	5.50427861461254	4.074113641095462	5.658769217333176	5.506428241746167	5.3471509749528785	3.3295841089173046	4.592717379045973	4.636897217397728
5.070634141324451	5.688365276461946	5.0104336761511785	5.496891913359735	5.45587222003534	5.022003364335707	5.652956940173378	5.088737895900095	5.225454872245173	5.222479369096426	4.226794667754907	2.4745819724409914	4.730744858814447	4.639146534673289	4.185683561843777	5.328820593955812	4.856980508424387	5.602893173196877	3.861381696931369	5.605184242330811	5.543533424031376	5.450196816615805	3.1889433760767174	4.570361120340705	3.653444905376431
5.356547636122213	5.736236106680029	5.001843891247387	5.406662499220292	5.449071772457494	5.054692920483163	5.664725496100961	5.092447277720367	5.390547426641811	4.9136585378615285	4.648347575149009	2.4516960708635023	4.343581158473276	4.224113934116707	3.7726909620945692	5.247019210389031	4.5783385190242045	5.542020609323997	3.8619521028905295	5.527082645048395	5.417986082396618	5.360839902672373	3.269298772274164	4.319698507990556	3.15209085782279
5.058485225513336	5.652551198923823	5.052098871984753	5.34439557542797	5.441541044645992	4.987661158515652	5.625289384429571	4.675241294460884	5.387173823518664	5.0647375934766306	4.511857538634206	2.4465773062087735	3.9789274295625825	4.171862998647976	3.684529909817825	5.3367654664284325	4.054396468553633	5.633908536155586	4.366532723662056	5.504835692241935	5.011521357773301	5.363620065870783	2.799985013488175	4.350267473448497	3.1490804833887
4.854972370971942	5.54602051831127	4.971557885961477	5.471070144170869	5.361101978972029	4.938053217184065	5.5962773188746775	4.82913198361712	5.140187138218225	4.806149456617769	4.057695154705075	2.483965464871643	3.906653132414431	4.112585327658795	3.470260714388232	5.293144010568876	4.153086558837191	5.620562328665807	5.004554519732598	5.397525782671705	5.004752760892778	5.360520984136306	2.764263165961691	4.1850746569332085	2.5554981736536813
4.696505285771591	5.591452725491676	4.996788206764182	5.434997424407215	5.372097656823266	4.4488493314202895	5.644039082892867	4.918728243641	4.7445148564432	4.766213304506468	4.0716020522355585	2.5013115654097904	4.138796347099644	4.079713235663742	3.969077002314686	5.454669348280288	4.381819217744848	5.600978107543688	5.329292848178	5.465652925264385	4.925749808346745	5.306497204329161	2.932691232148266	3.6798323380280524	2.6197980639528944
4.498427437485627	5.565597684220546	4.967163566794183	5.454647426479907	5.2259608894034475	4.602665216204332	5.6692036329801265	4.928089235779332	4.623333586203019	5.079272227846927	4.1889369347490915	2.5766540296497302	3.6278754450295505	4.232250543709446	4.0154571582602685	5.42659437341668	5.059118356360111	5.694360572884043	5.021671813924074	5.516355352635569	4.916604022674826	5.448950544907683	2.8442917364118854	3.857360283564752	3.006690340291724
4.327061426493829	5.638449147326674	4.8566660791931495	5.429437422046469	5.222190356154141	4.651104552324081	5.589508763107891	4.83958752084466	4.79119044894732	5.211161567750381	4.1184320619770745	2.518764470115171	3.0155628137932946	4.12182575433659	4.045260460666154	5.199971185750537	4.878742123639531	5.53340716978132	5.071762430476517	5.49191723133214	5.437205473344336	5.597120766134685	3.0098051257687244	3.8871504384937303	2.9667348195125505
4.451053609684727	5.590629170196059	5.041914090862706	5.4303282667550805	5.267361213286948	4.607361119438529	5.396051394831596	4.715367271635013	4.928626016457598	5.430292132296596	4.711305631268677	2.619654632450523	3.328631176609367	4.34416193679022	4.064755357958364	5.420564917946937	4.928135783850839	5.48311565563315	4.722965124911904	5.474393639384699	5.343616702123456	5.617614761464183	2.717476725238861	4.0830722159646875	3.175564143058012
4.530625287733365	5.5405657488035205	5.008338009056965	5.33452834990763	5.003457635466703	4.617736616450297	5.128566543055751	4.669153348952138	5.108571800152407	5.061025409863561	5.429990411912742	2.6949679103200266	4.573902079547154	4.4865986606674495	4.026064843306583	5.514731978627633	5.017881683610712	5.366688406606932	4.396081471612481	5.621729745627129	5.343174405650793	5.743153900444938	2.307973028471223	4.422141751444574	3.3633966325383318
4.7073984993392415	5.629252564668208	5.222878541558634	5.32615480207982	4.878284243169114	4.579531210691824	4.804137857079594	4.887293348503008	4.551884750318505	5.068567999369086	4.654164819670631	2.6750186302217758	5.024072737754048	4.773349173058665	3.886467674912265	5.629182829154175	4.872101870879429	5.1281173089062975	4.295018639907648	5.5921845193469535	5.401012709841323	5.673154258337643	2.3556023528486127	4.349306137983937	3.143901998335714
4.83012010783718	5.607385102240681	5.335179352023489	5.191342888360901	4.965762001458672	4.507728235479282	4.721988605086589	4.92333921408831	4.43661773709519	5.1380398188059955	4.52342420769462	2.6195433963370647	5.121853621186465	5.32075561510821	3.937453844279808	5.505961681115979	4.750855736121089	5.004132831495386	4.299373680367546	5.698358756009806	5.270493667894103	5.511595641062919	2.3395435956161488	3.5597922871314713	2.823006612312778
4.661772945730643	5.62343488513576	5.308918960448899	5.226335129574108	5.237720887125475	4.468509758735324	5.375944187250759	5.108773838444815	4.27975902301539	5.099333694700188	4.16143195743324	2.569994459838989	5.082194096744278	5.4643124286955915	3.7707529921577474	5.437563477689682	4.005377746041524	5.080641554752749	3.9367080186527184	5.638680771691093	5.310391147975825	5.490916816576064	2.3478847403209815	3.7321198524898564	2.942475726154903
4.66010011715423	5.663834714663853	5.265474288125017	5.1501557971729355	5.415863441486387	4.536171186990003	5.549927460423205	5.157615546218489	4.6290064025985425	5.533700645881938	4.204744333970709	2.5340252768120086	4.952651458418472	5.524148858517595	3.6868849318274397	5.303011967321957	3.8006969172489007	5.202506245726226	3.9802830946208925	5.668567196298944	5.339422151132765	5.471170018342855	2.495176496501402	3.8646373220290173	2.5967725600074716
4.604689447133017	5.5827569246678115	5.19247402994445	5.293118559544987	5.6139529488929085	4.501768022356511	5.253510729825235	4.861297395722218	4.88563211480746	5.358819612589587	4.601621659590544	2.568928606432184	4.469800485593308	5.352853352834461	3.9569998181569517	5.076243566901773	3.8929136633930126	5.154762492275134	3.923144538771293	5.454287261632858	4.995679374972661	5.283406652947045	2.5728556998594	4.112291633778496	2.6676864800240576
4.53457955587618	5.472715550887486	4.829529187948209	5.28297398974867	5.720741557867549	4.6235057778319915	5.263905449542914	5.05688681308521	5.179572273085863	5.07814379356407	4.821372117745077	2.753408069494139	4.380943806979308	5.454699547523057	3.8502448087669454	5.399105527367079	3.8312875880320423	5.3011839428347844	4.121542683865595	5.207175986132473	4.815978666405223	5.339964606394852	2.685810196067247	4.778929376948342	3.030023483765696
4.8043641912003086	5.502053942904639	4.8702033533791	5.096829875372769	5.682335737974332	5.020470726484883	5.44313763392211	4.894811527639787	5.407001115190074	5.125386413694404	5.197324124809985	2.5691064378925894	4.379229214012626	5.3609374063001685	4.014014934091953	5.504106875653536	4.866038702374732	5.422310741772776	4.252643242232584	5.197093884529463	4.494841849685987	5.321008573316885	2.3497512154686646	4.787802213618111	2.660099248204907
4.819656255983043	5.549675820108602	4.78279967816027	4.935358338285428	5.432146487927628	5.388059841974023	5.489127199835365	5.175308032636634	5.433252750434841	5.150094861278664	5.116197827303923	2.4719477448857723	4.569830922798383	5.463731172862763	4.118396971285703	5.581667541197075	4.987077920149537	5.397902751893982	4.599150708863092	5.292783480996227	4.363474570781333	5.279084709601679	2.6350898652716657	4.694655431665103	2.784316643832429
4.97738707083398	5.23287855209068	4.499399999631721	5.068060757637992	5.444311809986275	5.371055557476887	5.6346015745402545	5.183106413846562	5.475844008506824	5.136643937131815	4.965420453162622	2.504220907893155	4.810804807631489	5.414514421487318	3.941825354060726	5.648321018723015	5.026870165845857	5.566901845273953	3.9520192082264174	5.3941003310262285	4.599116486021395	5.567257167350886	2.3698829772390604	5.1718415263109785	3.047206502295777
5.273494401470727	5.335142453705685	4.487637313006848	4.875034144539302	5.404184939490905	5.38921976095265	5.631404492885862	5.199579851729657	5.085265313165575	5.155001512850493	4.378801287293586	2.576391726157958	4.688316399599331	5.471314339641623	3.8407914835441073	5.623233983139264	5.145531226011542	5.48363713551952	3.8939040892380077	5.6011429710875325	4.616571398884499	5.518913716475874	2.2107930747901565	5.272623315577729	3.179962451600314
