5.313106818154041	4.726534920589944	4.529428308120306	4.997198745144054	5.388569173315992	4.822632429705056	5.415404850152469	5.128032343255386	5.303204267389889	1.1058548403067883	4.856387241703163	4.813761230439689	4.970247129325855	4.848874829697651	4.910318737122571	5.44264862900878	4.735048057339857	5.715829822545388	5.454685656226126	5.357819861272385	5.762586572252737	5.17070194563119	5.612151300561881	5.260732100089998	5.131351882860369
5.249552872675956	5.129527055561171	4.464361838903579	5.079864291513461	5.350303231248212	4.863634846101588	5.397667960352989	5.174981834361467	5.2967340497408095	1.2467224082622668	5.046443292319882	4.99108866944944	4.929090105766472	4.830013288224516	4.928316558084944	5.545260697066785	4.719824966668234	5.668024212545101	5.364520038686688	5.3244618456707835	5.716916746089868	4.955391854899808	5.660510067023086	5.240612775920995	5.221794261129545
5.3194836733310895	5.102469543033192	4.551212199151393	5.187058862744146	5.402228162582901	4.804008091895008	5.456211568013662	5.334270103190562	5.170105400473727	1.3888381942588035	5.0721037542366725	4.980460241269892	4.902026616864886	4.6702916229343785	4.998900379379175	5.520659925837186	4.6086716012479	5.658625821994514	5.360675120362285	5.364418956244812	5.682393171156888	5.081239183684975	5.624192168316617	5.185607468010327	5.45331993230866
5.246929011762871	5.122055486302678	4.653260878311869	5.2798883922630155	5.339514664638446	4.843404919896652	5.346966088861954	5.223359604814771	5.121910006694886	1.5269436302246566	5.230541118746862	4.81670613101257	4.940012846703664	4.834367919697175	4.944341513535223	5.404942395618564	4.504477958835838	5.637998753110943	5.374265344952515	5.395819599358066	5.601635888126562	5.107872716928021	5.634563030700149	5.257799258258723	5.57929983050397
5.1361978474258825	5.20351331963344	4.687672224839214	5.177669577194985	5.467883456425439	4.754276004344652	5.369139540940969	5.290066673947147	5.150602756286234	1.8925081045805006	5.196797293561246	4.743720587695642	4.984773197492409	4.78037199980139	5.143420397146488	5.494458139777	4.556461728607255	5.62974358554032	5.422946968843322	5.188405066655837	5.690077475998331	5.2096771353845	5.69095056317616	5.449908554411696	5.503350768240405
5.23428303299396	5.178471485515865	4.747936406270672	5.252163374061585	5.397306321264965	4.762968865388199	5.399376694487713	5.313290590275282	5.129113127134825	2.3535511744393154	4.918089374510566	4.692485760043244	5.0839789153028265	4.803174328565189	4.958018901390079	5.3470950118075	4.48715360740354	5.58143633727807	5.1689542515893825	5.261341668261469	5.5715979676856335	5.31432204946992	5.707688075516819	5.43063605601694	5.375545906294608
5.158189259694369	5.084497804522542	4.661388997418265	5.194557431251573	5.450401292251743	4.811073196667077	5.46813436922458	5.075904809940558	5.151432087961948	2.3465275701553763	4.899671794259389	4.718091591731757	5.146214173990663	4.870656796248392	4.919903544667284	4.709025141558645	4.525941709015196	5.53389411896318	5.000155706661903	5.273002931881736	5.573815309408771	5.297378022520326	5.776368580279455	5.492575630890805	5.445785578502053
5.163453123867451	5.062001234711856	4.605127746200012	5.137133608064625	5.3780826173497065	4.8376271474086545	5.520487864816156	5.2703218229491995	5.279601302686704	2.874569690496027	4.938393290218708	4.992076682139831	5.000152977395589	4.858939336711211	4.924061430565716	4.426697006997603	4.586919980845312	5.4949381066341685	4.864003718761521	5.429004872743989	5.4868201978485	5.19003727588721	5.709083233585968	5.436914780276924	5.385349760890849
5.1503532386405	4.95115244434484	4.603112750262543	5.207101539241407	5.316419015871109	4.923464222396684	5.459949143637161	5.15815778995087	5.443482351281524	2.315402723694055	5.071839481551473	5.011041596873476	4.972359108719247	4.7826005730081835	4.884022143012292	4.253766184656606	4.474478828420802	5.486619783347244	4.920877914938389	5.497117822561827	5.473159003516936	5.139979791280318	5.668183372027545	5.384241934825025	5.218551441162233
5.077473401696952	5.034103337320269	4.64421733930406	5.236085660350969	5.350910255410103	4.95857792500767	5.491694683384678	5.305082600348427	5.399544415330478	2.718140269760115	5.050915657279844	5.1257457875147905	4.9236056426349215	4.814152892401806	4.879357229765672	4.261005987639145	4.5888054340807445	5.543234166412805	5.299084987578851	5.383588833589973	5.553714660098479	5.2271250257191095	5.682355525139193	5.368909665381935	5.151065311486178
5.250780668852018	5.065620753917763	4.639053377388723	5.132242186818584	5.315333869100799	4.979937211311423	5.518612730516594	5.519115709765246	5.388544502123785	2.634611873698665	5.252578447415446	5.145923686701407	4.868837353548026	4.743787006019588	4.925808300809838	4.921726660498649	4.629377428206155	5.592643164129813	5.382048032506196	5.165481500536563	5.624072059269112	5.390593503632658	5.698048241299187	5.404826286919177	5.15086698543962
5.4082647615505985	5.177078671278796	4.767247122494147	5.09190019255155	5.388914700751156	4.995076996287004	5.533399356990834	5.5021127860487615	5.41846304644244	2.6011882612496158	5.080936969200201	5.0808743771344025	4.936131417728284	4.762709856988138	4.937574005486844	5.134197769994934	4.590204104394073	5.473470343070105	5.348163800090334	5.249976242263057	5.623675967778236	5.418936408209656	5.5996607050042755	5.379732872834093	5.230293671826769
5.295493758817927	5.210393711912427	4.866119651563618	5.089769116086372	5.378903400069732	4.946335006553409	5.470312413816016	5.496630357277079	5.3864646326270496	2.192478788174702	4.9921227196194105	5.0978803622407485	4.939583083691109	4.660837514310629	4.900780412059988	5.243026377160441	4.584223729725622	5.44654945044463	5.40401343325855	5.121040700394537	5.512233607297558	5.471103903478459	5.76120800534467	5.192691467882488	5.208267514536604
5.359238818730841	5.117430678428967	4.834878450723636	5.116554112098602	5.383569176874337	4.9371242742012775	5.467800101945595	5.530782824808011	5.395625609644548	2.557319725506749	5.041492424754587	5.033388790251445	4.981357417978966	4.713960543463086	4.8096987000919444	5.289126551941893	4.682367657503051	5.371507408442176	5.371194619896999	5.0956611679384425	5.517155476868621	5.4522882018692576	5.721948493141183	5.176845296582066	5.208109087131217
5.35215412831045	5.002124665512106	4.798587722098949	5.043568304634622	5.417891027231608	4.98906271999604	5.588490591045222	5.249261474079817	5.384090392789072	3.422391802513326	4.9789700028648225	4.978711399910933	5.04941481051606	4.714746427144711	4.91627158708411	5.278613692846958	4.7401421495202065	5.2630614410906285	5.292283608519449	5.090392763745095	5.5136501380011875	5.415824132728675	5.610046254678945	5.268734159638038	5.1078254772188565
5.226433984102376	4.96222263429696	4.595342553206395	5.095926155592846	5.394947334116265	4.976182803717294	5.505353481690637	5.098800817148816	5.332514359116265	4.3481607429534215	5.053754596453764	4.888054450746375	5.041586595882558	4.7628397202057124	4.985811238922753	5.442165989547797	4.478490572078352	5.3119457688628495	5.335239099655711	5.0311608247722654	5.529596046282097	5.436361819859964	5.560070932775644	5.265220660476983	5.083001559461424
5.029625205678763	4.926886079991223	4.48595857834557	5.2452545117159035	5.413962800967786	5.021835819065533	5.509582494384839	5.03002432822	5.324251288754172	4.145064361349327	5.208476656064046	4.904066765321279	5.022080260885016	4.78634854799377	5.023251317093312	5.465758898514044	4.45418822458088	5.142442496461281	5.455408323164871	5.051112385301456	5.561654134217046	5.425358075623233	5.590826508246612	5.434015083636254	5.193944065983152
5.130206391777065	4.926296245333369	4.462969491421773	5.166641861050746	5.529340237906501	4.965083883074433	5.483118847512872	4.940956043889014	5.2516355428006545	4.067858962783449	5.199548251305784	4.880751671999547	5.044966433043124	4.99439237724203	5.021394440452884	5.530573562303777	4.413749268916524	5.2037844387020895	5.573557385319956	5.226726995448508	5.51367191821043	5.410705736212515	5.602831617269078	5.3920255930029555	5.400604341619718
5.158654289554713	5.045640531707071	4.608588078491982	5.279569307308828	5.529569314977368	4.926825030318334	5.485520488567977	5.089002252723439	5.283054044270995	4.599730750974741	5.2306472794618575	4.800035581112973	4.980639574869194	4.972314975135196	4.84874309519913	5.581999216809594	4.4312993245057415	5.3085284632398	5.474120395335165	5.287103637900594	5.543094467340486	5.364520085005614	5.635784372864809	5.397749213753791	5.358606274589065
5.275924318737756	5.017370185601171	4.72071660920156	5.455764944351256	5.50115567723462	4.943321950602502	5.419292795752772	5.184917060065131	5.371282080460156	4.871015566065004	4.99659726118682	4.895253060512575	4.941753928578301	5.06510284099733	4.929019200699078	5.535092152359133	4.638810232952931	5.402449609451176	5.520877032818003	5.325900399794206	5.529877387144917	5.374820198719873	5.651191814189636	5.337620551895051	5.267277780258051
5.422017690403184	5.049638762781649	4.64013170196189	5.539609252904408	5.389558475244907	4.923256027374824	5.463550381154506	5.275022072599131	5.313404576317305	5.180560316312841	4.891343531961505	4.893958032893712	4.8327132678542215	5.0544735986335025	4.958959608577115	5.440794873727362	4.5096285046482985	5.450098807231166	5.573757386102221	5.339110228847621	5.4103001863167846	5.323775094898287	5.609975406970166	5.43356783329342	5.273905130817379
5.348882774681157	5.050924321487262	4.631553280091062	5.279195167556777	5.3214729198423765	4.991919369575151	5.469875505140861	5.243399511350772	5.257212598229927	4.673525769766532	4.916017298439529	4.825532515473941	4.796412408846782	5.047200441711394	4.980058488878674	5.209352078807397	4.565616772141601	5.4960584817082605	5.528047939191405	5.31603479795887	5.515736518152809	5.314966910729092	5.630837166576957	5.591106155247342	5.389146389765312
5.334350958670111	5.005467498483874	4.5972218800387905	5.025506056800526	5.33790825162492	5.01176049540187	5.5666431800082705	5.179559429624552	5.280060615891748	4.811835077664805	4.8758919828607645	4.8903198342048135	4.798016704084298	5.067827627303942	4.915093682691064	5.115275787288422	4.556762767848299	5.4203210062911324	5.515386433160813	5.33903697367277	5.680442652449384	5.292884632276251	5.652510030993793	5.55160369039304	5.312778007858991
5.185355092477253	5.003825346295067	4.525839258344388	5.009107232840873	5.337264213894916	4.935139032532986	5.4411564226615745	5.137549673196741	5.191432068279246	4.3309884533373095	4.976513506247135	5.0168618752496705	4.9778552974030195	5.064462318209762	4.8937964386618775	5.115968958582061	4.5670227760139745	5.38148913852151	5.495033790815029	5.242293492781145	5.626095557195048	5.236914709646972	5.631557269940225	5.422672217302423	5.470006632324658
5.157162695228074	4.920621904036239	4.503769480384809	5.12014650802818	5.357882982865096	4.9343251540255055	5.429298032487964	5.238666880482137	5.3042445142946315	4.153066687264959	4.914937769843083	4.9911952975026335	4.957209314228703	5.01068209665404	4.911152769439672	5.43344574571451	4.622921215889734	5.558203124453456	5.2322553599120445	5.322365241821788	5.6233388773287745	5.366041016854688	5.6733796259396465	5.480490501255104	5.472211915362038
5.071703097890183	4.928770588759437	4.525645436757211	5.252921042177125	5.301987626767892	4.923589275303053	5.35661834366816	5.122973343387682	5.326481143508029	4.251490449050132	4.7589467535329035	5.061443513595022	5.03118021121446	5.037663006942308	4.8245059535255255	5.540748668184	4.4716606179649885	5.4882824116592985	4.820720324244526	5.320673870864052	5.72772643304002	5.336594536914239	5.622794338083183	5.464147521174463	5.362647186221512
5.152516738011461	5.056019439752153	4.5225060203089305	4.980358619408771	5.2851161544557685	4.990058078550744	5.2781217705467185	5.12297131965789	5.3230092110044165	4.355752537572032	5.122122672178394	5.112566291795414	5.136726974736574	4.987078051956601	4.969443801074245	5.556853915984958	4.509648368117253	5.51610563455052	4.835086096353435	5.2485936098319845	5.640980202438257	5.418003371494297	5.6130320830952725	5.455686883219535	5.399115039179838
5.154926257153299	5.091353811014554	4.474929203798844	5.019447122833529	5.266311193196866	5.045985170029977	5.438216554422611	5.018563109449579	5.407218259449545	4.22208958048313	5.159575343198153	5.028635733336079	5.029225625549094	4.96109854685463	4.979859728819996	5.348656828920838	4.49108368330498	5.453302842034852	4.669352482791335	5.197939315282217	5.645529026453924	5.249336372657749	5.752226726956044	5.454600972715915	5.35861828117653
5.155428543002689	5.210622441793443	4.438251392460862	5.018724060241185	5.227662958721953	5.110568371246105	5.539139631183614	4.8983186487097985	5.354163792808713	4.385928489196848	5.082531145749639	5.095159398637276	4.9767609859094915	5.037082213479768	4.967174897906412	5.287998399667484	4.568224254055901	5.418603596952466	4.772288311921865	5.078042628778409	5.598489276712498	5.290285627276868	5.7225981577721665	5.4944310528913585	5.347007780033132
5.28032537824655	5.210820642703307	4.479754628552267	4.985725422686646	5.251378985197408	5.0791613573583465	5.560233008389277	4.851920640302355	5.3008957020790355	4.477913963935995	5.043930782392297	5.100200672086148	5.038755024004999	5.093820070036037	5.030341672427865	5.17978811024661	4.587095583135303	5.405718533113567	5.362208023166	5.119597774085282	5.487481254198055	5.118455147007209	5.718828954019977	5.590368796864791	5.13603520300325
5.1757233643391825	5.126698412584241	4.587976682019528	5.221850394325516	5.335156693837779	5.127873887586391	5.5150809580407065	4.842738898699502	5.260816731769309	4.7750242857963405	5.1292299568168005	5.0642254395632245	5.009067795865812	5.146056721936051	5.055127038010741	5.369778048531844	4.637218708102328	5.3257953257632265	5.4014790607819805	5.072736246424693	5.363295481034697	5.212675521371721	5.6909752301833985	5.44771151321497	4.94616931659564
5.008645146709442	5.025322274637977	4.609188499698167	5.19671777026916	5.297782937291083	5.18084260076005	5.712374918391621	4.786197043614462	5.197717846597006	4.6466260920994	5.1747921710360805	5.033892252928735	5.006570943024397	5.2199929209931915	5.0388715414660705	5.437753203984909	4.752428307909275	5.2029344151537416	5.07325251675291	5.105361063539134	5.5228930529692635	5.233539463464036	5.6759724421414175	5.290034426499306	4.81064956283574
5.021376658762777	5.001859786020962	4.41928807837726	5.23580641036956	5.276128159817557	5.162235799654738	5.590512041567872	4.735417250121292	5.2564513923873335	4.765939037296705	5.151889912907089	5.164145954839438	5.081635822285717	5.184586608959554	5.005659384586248	4.993046632764584	4.6444592475661155	5.16357756922603	4.975305060653666	5.19778506612857	5.470362188860718	5.223716549526291	5.729644617214049	5.241622954252511	4.620216181929314
5.1075175418745	4.949073460104893	4.440216459941627	5.30104972340763	5.274011598907804	5.231943957238709	5.488571853058648	4.942063771463351	5.271489877125619	4.801378943509516	5.142933254869478	5.045995310884217	5.046756170048907	5.117461450235592	4.9335937668677605	4.657315364952919	4.754305347630169	5.125918903570196	4.9754365679009895	5.211393659470963	5.422874313732155	5.242180361878811	5.721486848164182	5.205971085242139	4.771876793903832
5.036362654587858	5.035503635246212	4.4597786822706675	5.292293822085308	5.2663881325982675	5.250776422818531	5.4338263374596	4.952313274522734	5.337014127714585	5.127975451768448	5.1128542542338025	5.047881104576708	5.070088753997295	4.968184113336618	4.984518114548925	4.999922667676435	4.613205759240783	5.097426309023929	4.9732176881183445	5.210577570602842	5.472380797711317	5.372384632949436	5.739687430700066	5.235652648276191	5.060716372452395
5.161842960645883	5.10605606837171	4.35651734751015	5.2695088664364365	5.2437141842266595	4.948397061206396	5.417778489392444	4.995555455586097	5.34866479619746	5.015069649163959	4.862681873971595	5.025506172795118	5.058390147025404	4.967310490208808	4.984477855398063	5.228199202325351	4.60345393089096	5.222317292003438	5.188140995762823	5.2256732526728715	5.28368098232769	5.423794452116756	5.731136240357762	5.502127279627142	5.36717992097293
5.2677311930762265	5.15775551278926	4.273890532658742	5.298391098944271	5.366776160305701	4.8930507793905935	5.4500773127417625	5.201684475529828	5.442058312884255	5.077701147698548	4.7223610049061016	4.951999595310891	5.044371820072977	4.996525276055033	4.984160269602654	5.394745058275209	4.616821769358716	5.314871492437398	4.750303135567428	5.045871188806564	5.242007754895367	5.407142863627787	5.795854408072675	5.415036379227623	5.451430092728097
5.165598129872667	5.236597014103202	4.293727880763953	5.271859415618236	5.312233678450192	4.92493301916952	5.528132971331613	4.999324081344696	5.455088884913827	5.18541527060571	4.71697640105193	5.028171797324323	5.027385342199265	5.007209042232558	4.9594441385149	5.494079153712555	4.65848024409511	5.486549488794335	4.761758203170886	5.065679709969848	5.210044060377118	5.424176373919661	5.713326722478954	5.395043440337321	5.397817870937598
5.235314961449432	5.1938837982780175	4.384530754681396	5.263967657996667	5.444363648628356	4.971578636461146	5.608801098390937	5.096794208054616	5.387825036737875	5.15884871905973	4.5153761716927	4.967812166598023	4.954568225866902	5.144553040545603	4.9322281579771206	5.390557307169185	4.6244490485603045	5.611774841663547	4.578886352002713	5.166674915190199	5.219726616962551	5.36244468071421	5.770687467309781	5.128860563593439	5.3468789090735855
5.3605932712930064	5.062508384326497	4.597172976837957	5.329823061836462	5.398580658604502	5.245705920350376	5.580662306470931	5.054000031645399	5.566871412726767	4.230092196513183	4.804637113338156	4.97855537360332	5.014114516021298	5.076600472643484	4.932329103322317	5.363876956215645	4.68836638882299	5.47731158284189	4.451283685357906	5.194047695275264	4.9508566106966985	5.4404673591170125	5.7507791433872715	5.109423504719682	5.408025277945713
5.370081123027796	4.939762623506883	4.6791768371592335	5.2537116022350405	5.348346612847884	5.2965455899289635	5.447561139126459	5.033669459311333	5.524090747683534	4.352004401327888	5.009529080806828	4.908747495924376	5.002280385435865	5.0461445561324885	4.971241111211157	5.306279628899085	4.71101060444851	5.242542514761191	5.159587816006596	5.309652273822953	5.256148018935595	5.395469312750914	5.734879603930622	5.133918215543321	5.334171588735803
5.27953745349474	5.011245125928238	4.807286351621675	5.266089836892721	5.471153843971705	5.1524779070133855	5.376668410371175	5.014827372059497	5.464268466520653	3.7601734355969407	5.091922199832988	4.83977435637742	4.96293673920102	5.076876032924238	5.049077994341576	5.510162550421705	4.628570581747495	4.921665935706058	5.071526544812842	5.38985248800856	5.487694349938597	5.399692280474174	5.627942894976217	5.275161523444376	5.446310654398051
5.255276949354907	5.105239599860587	4.8181463400845255	5.321535278136488	5.537096012339807	5.128574835713061	5.407057427351224	4.965917196376744	5.4213661085604095	3.4426270127700107	5.159579743819435	4.825396752891214	4.792558627447402	5.012257850127133	4.977442028725054	5.41071743874941	4.647489203699152	4.690800415132079	4.694712695893967	5.372760295985015	5.529913210722712	5.3992699567353775	5.517683007314955	5.353986145706104	5.486438410498009
5.210564022153203	4.994525363049425	4.797341496567118	5.307187535692539	5.382439055836198	5.096731012300693	5.337719746653366	4.996061313957371	5.352035141575228	3.6877133435401404	5.154797834341742	4.845437882056815	4.8412929197178505	4.953766482270109	4.95061702795803	5.492184826895772	4.570631553080777	4.753005396347779	4.6585529037508895	5.239658623621167	5.526633593956869	5.4492490891732235	5.676843576043479	5.215886428804605	5.367412132232449
5.175542669555029	4.949428180672881	4.800331644482252	5.364804271016128	5.419230541895896	5.068977313918998	5.364845613949027	4.98353751271643	5.3524912454623825	3.219471112535018	5.175522689196291	4.932633267333402	4.917342884593565	5.017212972576438	5.044234628784558	5.3712887269733125	4.423419290866216	4.734854773479486	4.821160914756688	5.154416232128047	5.4211567700235195	5.429379359184097	5.549690059403046	5.306665769179239	5.452444044408094
5.200745722384474	4.908459143552464	4.7103313656119	5.294392401007946	5.420846924823927	5.058738000803292	5.384577355464573	5.030365888425664	5.491495886232635	3.1469047295150188	4.761249303228563	4.998566165042596	5.071042348737492	5.024866638390055	5.110666835540136	5.404878374844792	4.476844429657568	5.207165076951749	4.986589235246001	5.044900488514523	5.532618764793665	5.43184444181103	5.511617790212919	5.321186529086245	5.355322236746587
5.3098409392779695	4.936377186076943	4.666130721529622	5.226004948549826	5.289257714744477	5.011388141123129	5.408405740633959	5.010627611749413	5.459784792602388	3.357263785102686	4.688519073293936	5.032973272945577	5.298502750656456	5.13560039101961	5.101054413550605	5.4620830148670585	4.441876004889422	5.231208107548332	5.268742098903681	5.040562940083528	5.281154187221309	5.345351310723925	5.696804328160691	5.256339899859847	5.290133649410376
5.197931919472061	4.888429855347478	4.458513285420231	5.173332713437446	5.277849912729652	5.116094658125193	5.44521724019983	4.900784832378421	5.508653479692407	3.098855385523338	4.662925865606241	5.109023678994221	5.177968050895434	5.182564930678262	5.051821245951167	5.344342651836643	4.428345739531003	5.0906488155318526	5.423480644611013	5.184643191430271	5.358006583612067	5.261620471332939	5.5244900092407665	5.226599951240675	5.297954920009308
5.0257485048348025	5.09051118952476	4.504457256979067	5.028045271544453	5.438414937666357	5.0483932062525465	5.577991677907682	4.923568453173066	5.439193562333308	3.635905769637066	4.6835853203735685	5.179186825384967	5.082925290926356	5.2312107445658675	5.031274313378102	5.588799953796077	4.593598166253991	5.174044461782254	5.364858124073702	5.254573672876953	5.435958200931656	5.318452894742529	5.579279230545679	5.150731901709496	5.301423292614761
5.015584171819333	5.115329138929238	4.393127353048303	4.968250728126027	5.471579841237369	4.5011052889392555	5.531662630639714	4.682146172572433	5.370391214044939	3.5835964835125464	5.189946404723128	5.232810801551562	5.054730425901503	5.201637615700757	4.938439696849807	5.579174694755839	4.603790020243754	5.274372635302499	5.331806588340158	5.325718647014984	5.43470100357199	5.3394461701558615	5.606065797440847	5.19725975208896	5.2832860092992755
4.8482942876555795	5.090040533109701	4.236134003322997	5.004545618849805	5.568341547490404	4.3789244494998085	5.494292891208991	4.726768639250758	5.320669055054973	3.2799281340090296	5.061829231888522	5.187994194204318	5.044389282514275	5.262164477479768	5.01698187761521	5.542139737992561	4.552072946579024	5.375595822403272	5.019440060283739	5.421940032139548	5.412149079517558	5.332624040403559	5.598043851996883	5.173739291673335	5.270233517272534
4.74630191788168	4.9910332443542345	4.403072377082126	5.09646378667146	5.62759870864079	4.380111310364504	5.314977837706918	4.788098622445213	5.264099460336375	3.6280243645710955	5.189052856376765	5.082920082081022	5.0124570261216626	5.307375810265991	5.105974136604392	5.6331434090622965	4.44740766570341	5.387712874484203	4.972477371492582	5.342838179034367	5.483507177870433	5.359204590196067	5.612601867534673	5.388896891974095	5.306126068659284
4.890607055245389	5.2534939541544095	4.341907727654521	5.333406572710483	5.6163487167900525	4.449427724834448	5.462477061198376	4.877296694204019	5.3140265252526016	3.2034898560965104	5.163417023625892	5.091084389742521	5.0154304202626125	5.218521665520695	5.023608910415546	5.65246869753934	4.331522871075258	5.320656534093176	5.14051174727986	5.381812521424807	5.524532656867796	5.276092808908655	5.530190918408809	5.389476369256996	5.440933424623718
4.949996194170288	5.304002387450038	4.46759009954064	5.254878759871288	5.519646331976773	4.861640314121979	5.4833024150793515	5.0065387183676	5.366419192136472	3.4681049121955945	5.11511305709435	5.0594354370562185	5.0609756517467375	5.174379918551509	5.073574301963021	5.53552108083562	4.434845215430533	5.390008098202059	5.221773649037729	5.320529150451271	5.399723800302824	5.376118195369436	5.583759343192131	5.224281761368339	5.470745915346134
4.9644343604119365	5.0978725492391295	4.507259799892648	5.420167891736958	5.4377403600569	4.943408630320581	5.373675516446921	5.090035949705021	5.28292981573032	3.5251420285530886	5.011999766847112	5.027874432887158	5.081259691755449	5.130753756816499	5.061593096321716	5.545378930868357	4.404135179903422	5.3304777496620686	5.376362981473339	5.365529764260235	5.346926438807255	5.32575285875202	5.58989600853122	5.170908282087361	5.388784342593342
4.979029793900589	5.0588875852687005	4.563071993592174	5.3106673702704565	5.508783792841127	4.923608028519091	5.404655825714932	5.022886768590937	5.268152181616242	3.4736548539385197	4.91018343288085	5.084693169432312	5.1164870586282705	5.014395774596743	5.074856199998502	5.408636343924127	4.388571918237376	5.405366492077306	5.228740702892783	5.371770381908895	5.368133950656306	5.252378688795574	5.593079158752553	5.113039189697971	5.408750911251864
5.042022086765638	5.073949677075183	4.509670708469962	5.250196048931558	5.467013298739952	4.912217667386613	5.5065252755608265	4.981084213935342	5.325914549508913	3.816535809630149	4.9786042149439105	5.053268806957055	5.132097896216688	4.9897149056792065	5.1444672581261495	5.34940969956439	4.5373304159656245	5.399370627487959	5.224032695359393	5.359214040671574	5.490717776958252	5.1873373143519546	5.561784330646265	5.034277797711113	5.323529140803601
5.059026760357306	5.121970731830573	4.417505564755321	5.285852264488652	5.533439769249804	4.851190399839846	5.523738992799995	4.825044306377327	5.306887171907209	3.3696834269694924	5.077739866470422	5.049842541266868	5.074682734163059	4.8474685314300885	4.955978300030732	5.410415605802775	4.53292768888693	5.4794086645974955	5.205300935019865	5.35241182043923	5.552315912737324	5.213561962082558	5.616085344599407	5.078719298916164	5.4041210085977625
5.187551982629167	5.204916928880843	4.402397943701473	5.246292237027777	5.615397905286409	4.826023955641594	5.440173181188047	4.842169914399213	5.408801921332568	3.565439683369392	5.0630481807210925	5.0701575176842475	4.9955930542247025	5.057335201936614	4.990790829474839	5.537883560188788	4.528871804236846	5.530671084973013	5.189732428456762	5.353398988862282	5.395310708347847	5.233498263019659	5.561128126890569	5.171184818340157	5.529286360778481
5.207110415964614	4.9892176049017385	4.363282249026933	5.306441885737844	5.622942337564246	4.891883850361242	5.530496481613655	4.892563714280264	5.476083376979005	4.015471483230275	5.268063602606025	5.1665794410255375	4.979287930323944	4.943911576425753	5.030277470920789	5.534982273134234	4.745557050804509	5.439275412429496	5.259952704773451	5.379454445328742	5.427472329854763	5.114317352200962	5.618264525123798	5.303892354656374	5.510447901517609
5.365337773965786	4.9449024944866915	4.71461654421574	5.2986236681423255	5.499691323125836	4.849366361955953	5.594224319418878	5.0568866285255885	5.470840088086985	3.331740411490622	5.159689314144078	5.179540474092256	4.934414767761163	4.9701806127818005	5.035566269681635	5.53566413046443	4.751133994656783	5.349552632294143	5.240314633849419	5.378582855420492	5.444226652236204	5.193246241135916	5.640797245103254	5.161216876097318	5.420169520966371
5.434718028728708	5.114716621416929	4.7337110225616135	5.249450974891225	5.574345035688242	4.963507007491718	5.538915314430149	5.119628096784443	5.487139200714867	4.0099432638464325	5.053839659446217	5.235197742225014	5.00748704835108	4.8237673594110415	4.958529345850563	5.561960496959567	4.751547983548127	5.341205201438972	5.0949367467585125	5.37986284005403	5.579691125996098	5.22282306023643	5.656076293778832	5.132775397519532	5.378883783879178
5.3587965091646526	5.147885646187937	4.838060779302341	5.300273181657484	5.553536489566039	4.995723629362577	5.5735913869891	5.1947915352404905	5.400616109713105	3.0338952647501123	4.9715874515546545	5.28319781287961	4.98355925174262	4.717374444104858	5.005801950309539	5.566637396829919	4.767089517515337	5.396041495356873	4.933073948410454	5.416543683387824	5.5581496329932465	5.196642178007184	5.61924774428619	5.084988923169297	5.498704963660188
5.431791408448507	5.146822038867002	4.756391979412643	5.4049604704647	5.4752091568079635	5.0683646050670275	5.563895803500634	5.066837468425054	5.349162309631368	3.0644723990340474	4.932096523527188	5.351781835936754	5.001788046600128	4.844655467828371	5.051532645871508	5.316573217926776	4.6712035453967955	5.312086705838247	4.85063620705139	5.382222889910782	5.541213376095945	5.2023309742807555	5.573616046218997	5.16480292999257	5.4411142523129685
5.401236717232548	5.092627430151466	4.811423621055061	5.437153593782739	5.462850997373113	5.121072525499902	5.560582730787776	5.0177025966782685	5.332468826800994	2.986924441614876	4.804020821069592	5.338796544031806	5.085136460651786	4.947688062186429	4.98633043351511	5.501152550534694	4.617854010413344	5.313647049571141	4.7581193327628615	5.473828811282587	5.4435234788700635	5.181445013882038	5.610635024234568	5.295407264705422	5.240714482309474
5.317726311909588	5.087811272424871	4.625162500481164	5.449208257766207	5.54433146549396	4.8749094507787305	5.584734895394196	4.981070809539855	5.371140907801838	2.5919579428798674	5.000867411266469	5.117096522614457	5.02897734369146	4.8537418907992045	5.140821162780789	5.555879973567269	4.620888898675453	5.330184706340491	4.651936817665579	5.421994213286223	5.533087654372089	5.2831357801786645	5.595654401983894	5.351198568181372	5.231047662316705
5.3652730017524375	5.112893348514843	4.511221137353742	5.4000235902085185	5.571353205332044	4.8945967101161045	5.681454869780957	4.940617501023217	5.377980196805839	3.0809269864850486	5.233231954600198	4.979878665258133	4.973274029500245	4.729133490337011	4.99277995684861	5.545037660696182	4.493702346513075	5.228649317421228	5.004096279964029	5.403356959916879	5.5294527448796105	5.383501124731431	5.61703467529949	5.396963179816138	5.089017327292058
5.291991743543712	4.950651390811869	4.554723505828988	5.410216798124885	5.529604738961855	4.908907348207326	5.5992681265927695	4.89528079955012	5.365226841376651	3.0692207950723556	5.268848574642974	4.973920928833479	4.9568001095282375	4.647112110202649	5.097098677733593	5.284036199150827	4.529259021881717	5.196666273524348	5.015259017249344	5.39464412873399	5.664564364636795	5.341045501284147	5.61271605627489	5.197906552285012	5.099713828553379
5.2391559682758375	5.283882155271723	4.619701804633648	5.36691576890095	5.4435832036270835	4.960246018267977	5.612748383569914	4.957262136544533	5.279937244573431	3.368751053637183	5.137337854961713	4.97122109544837	4.949763288328013	4.647126079399072	4.985200526211212	5.225935771165651	4.575707742133728	5.191655839400104	5.105579782827154	5.488538254360251	5.574194237555539	5.372798272708654	5.533725111455949	5.2937917793761144	5.405363935428719
5.240426507239321	5.054415539332791	4.4580331683747705	5.385626364751013	5.575550447968469	4.9935527546646234	5.687362091686994	4.95887808636495	5.312147784903955	3.3010880996284726	5.1554430121916495	4.9895962076129985	4.971467234016705	4.809106770172678	4.96798721178695	5.297124732475766	4.540636749969353	5.329956039845097	5.512515727102681	5.412371275843547	5.642045114722855	5.258577246931188	5.705395412871456	5.387946618076764	5.217659227345276
5.1950068448741415	5.064816328004954	4.487568427909476	5.3173096241433475	5.579530793857955	5.0266848339892345	5.643276958078576	4.97799858089814	5.306740491338943	3.22902066767977	5.219957391736273	5.067371309713606	4.962434665772862	4.9052098141109814	4.746413196261915	5.507632796753795	4.605234162752022	5.337549492460227	5.560934461593001	5.440571088704999	5.588525719166205	5.210609118541754	5.639589759294212	5.385604297897418	4.853321202389234
5.311741503390953	5.06004224811547	4.501556837356281	5.295660892258691	5.585429967297208	5.179214264980433	5.588045927577583	4.9671488715290035	5.333290231320257	3.458079155515356	5.053661343829673	5.093008714578668	5.024463226623576	5.034915451878571	4.773660274945115	5.521579186966829	4.655933039152006	5.026462577891231	5.469281763418136	5.296008521984728	5.52358981890151	5.195837447187271	5.714451785171121	5.469965309147076	4.760834489557806
5.276185947488625	4.783083416543123	4.488294547511964	5.297944714555859	5.5380918998852975	5.163196022464612	5.583325948030263	4.9261021350325045	5.428062482933596	3.855645629245755	4.904205748704247	5.091492311682762	5.053410506403423	5.179227018641061	4.902753163695654	5.513744429990391	4.6679122825211365	4.825512592204149	5.503291233678491	5.302948569715518	5.61125781910357	4.9922665272748965	5.669206721286428	5.386389087883595	4.854022342878822
4.974828110785959	4.778757188774228	4.573170591580336	5.176706577516252	5.524276677473402	5.155200843819611	5.45478554163684	5.000944643432683	5.315074050834129	4.2876156661875315	4.84598316263575	5.107488596262614	5.010760265386866	5.191996323613038	4.821941664510105	5.558059579585693	4.671133077600594	4.7772286553437215	5.397442118223666	5.3211478243522174	5.583041813634621	4.9882910341590945	5.605110308544589	5.3595684350381	5.222205379806221
5.107728921808385	4.871727441755335	4.555013711225293	5.2808421673401185	5.510939906095431	5.233750118550333	5.518687576502286	4.942254992712258	5.276311200186572	5.241060214420659	4.886428925262396	5.2527651892264275	5.000196555916065	5.125014604205634	4.878265193897649	5.576753987732626	4.691008456597439	4.795974081504078	5.485532147306383	5.356335913411265	5.601971277434025	5.107021016263929	5.683209967939228	5.247520781545906	5.28518420992499
5.2533136786677606	5.083079405462774	4.541822498268838	5.39053598206534	5.613711967757356	5.267936890364122	5.633286445333546	4.845681925900443	5.169803358132665	5.305160237302869	4.988728533791956	5.236860480641154	4.983273467367387	5.046761612820327	5.047414418595782	5.521228133146465	4.68776784036364	5.175066954932273	5.540121820949068	5.4415220506677295	5.501592951393305	5.233302512150713	5.737833153827006	5.216425591337431	5.228930522524601
5.351457412275045	5.226709480436299	4.557834838826664	5.1113369605773	5.631215854336964	5.069828341779961	5.5308845400867295	4.795148140500118	5.202860302012597	5.389866106913191	4.9606992512694585	5.129795805855913	4.917803198689944	4.792203729327403	5.093073609903395	5.564259845170138	4.759500164563704	5.357370752040678	5.533886013394718	5.412006417701615	5.576497685292639	5.402435160968528	5.704774801036286	5.2989798778849755	4.237511765110629
5.483897106891899	5.28643424988135	4.565492678609723	5.127703915523663	5.612987042881434	4.9213155690342445	5.549375388516416	4.887055699827714	5.1804129061830375	5.445057565318862	5.08537749129793	4.978685981714994	4.962651215441646	4.801412976638039	5.1284635265968435	5.523699867838429	4.60370928361966	5.504508131537927	5.481871753886697	5.562370670558807	5.60436385160535	5.496534917641313	5.667292061627798	5.223707057140672	4.049090684815567
5.552661193610786	5.377769145972785	4.645531477408228	5.087611762869575	5.45378707184254	4.944182031790003	5.560733016149493	4.998721688817841	5.174338454671682	5.37106782754791	5.056409148285911	4.930741879420739	4.9848536558771634	4.7191907264067545	5.148360109543283	5.401103211709575	4.616750438925633	5.473223672197938	5.110384067442012	5.471115577797628	5.4851326696757905	5.299416414281949	5.76123794520261	5.34786842788021	4.042647283891126
5.542744481246592	5.324777355227913	4.736185340360898	5.048180124549219	5.465353118457619	4.985095426779306	5.581807741506428	5.259657491899709	5.245046048563014	5.245012036995439	5.098514614840803	4.991871031171376	4.938480100929279	4.797851054878581	4.929423603820097	5.308710362317103	4.696163554728994	5.409426418854352	4.899005313694818	5.258233432459675	5.541833092551548	5.385383833262597	5.651258944180413	5.412563917883829	3.897389795457617
5.469131588303304	5.129008514076927	4.614362884107472	5.113879224413453	5.38411518927341	5.083492051418585	5.568213474903785	5.297179662275395	5.321842811594052	5.054720766000903	4.977682079414736	5.011837371841178	4.911603761121377	5.1616088046536746	4.950317635128084	5.302926934666355	4.584397703160945	5.128288474439321	4.814318699935794	5.256604057629871	5.49110172467907	5.368195234834673	5.622687478649727	5.224904704675002	4.898712163333135
5.422644470718277	5.1219776772022465	4.724420946535291	5.327061273023647	5.308899710105048	5.2880899241394275	5.584174086762448	5.236214748857799	5.327690711789913	4.635705563216663	4.941514405556332	5.026803525780915	4.962519711506448	5.101959358718054	4.95675542017208	5.3714486020862875	4.518423469656025	5.104882860414082	4.811988530902987	5.362315205038403	5.411902324118137	5.361164500909883	5.6520236207079515	5.175267738294378	3.7597647218083896
5.357671039073103	5.194004170572568	4.6504648663769474	5.309532078373556	5.413115827360159	5.432082783275142	5.58107059735989	5.300900936816214	5.412179941728738	4.458755641111321	4.918903977281294	5.042753848538866	4.920848062440982	5.144896632673942	5.0230896456767224	5.453388936877327	4.505199389241678	4.883866325681736	5.216964421986616	5.452889551509923	5.502234472894279	5.19694080822869	5.623753400553159	5.0855981641531525	3.6647109116769916
5.024596376750335	5.151026261696073	4.647551675293871	5.340206304689623	5.458627440474775	5.394009005137722	5.536188613874925	5.264420509330397	5.435379456340317	4.386116786959937	5.184738457373943	4.942494674403849	4.953668836948767	5.164896015091932	5.075331207867184	5.55300199240807	4.574189048084841	4.872582369086845	5.275235493595739	5.492181681337447	5.541449275293898	5.3132507418881385	5.60503194865786	5.078169227186251	3.8050795035503584
5.056860457067669	5.181233890244666	4.699507289695867	5.377947020518721	5.554818445287312	5.313494494321777	5.386534406718917	5.191222316309718	5.457250824475636	4.469037115065132	5.048340076594483	4.941981233984239	5.053927642528959	5.094543213988915	5.007166754858922	5.651026058094683	4.568616338830545	5.152950223911094	5.30854991421901	5.453502467773193	5.541506217416087	5.367934521422534	5.737760063041969	5.097978171080717	4.0444419341557785
4.8780858653509	5.163093477268577	4.663611419161569	5.358498443434715	5.388463417261456	5.208122605295073	5.486555685105503	5.060982856598035	5.39884264145783	4.912395598033486	5.026205295746324	4.940391239896508	4.967831733848891	5.066255326915731	5.067241978998755	5.613036462124567	4.312692588537167	5.139803792747449	5.205478103392609	5.432992524181216	5.520519217230842	5.151465969679808	5.579690997908433	5.250455334610165	4.893140347900881
4.938975434218752	5.1116070707048396	4.664831022470144	5.249604991139132	5.440504005743702	5.108188978378552	5.560908582151953	5.096209128972349	5.434775955821746	5.445020788176094	4.970380421747301	4.926593084522187	4.887310499950784	5.013160313205569	4.976514688890601	5.559561799729125	4.278617126409753	5.28219907738605	5.229614699408421	5.4779825632291335	5.493732049233495	5.2507524875519715	5.524053119134292	5.3345151046643835	4.881467997839419
5.036600292976289	5.042855606247764	4.682413328091728	5.334872480073771	5.3746705036391	5.004282504353834	5.504477679140275	5.090419492877668	5.405839281283881	5.4086946968430185	4.963547549021363	4.972906841631496	4.969345326087095	5.015354361498799	4.980126966571699	5.559888069976242	4.182091377812483	5.37708059669995	5.3903972460640235	5.445053428141737	5.474096721228191	5.2114055836890705	5.618680423933598	5.498070589165099	5.2022710435203825
5.10493118000466	5.119530826685274	4.676204732209356	5.389123442220955	5.478473235460194	4.952225643288377	5.540417522559019	5.25376309775535	5.388564980234044	5.110279923686985	5.028947490605872	5.090821048970996	4.986295785104092	4.976779260699888	5.054117515477318	5.468355309942746	4.129112567150175	5.31148457550387	5.374458043477317	5.3500339489336435	5.502649544116912	5.3294501101318295	5.600976814703549	5.644752910548808	5.300338585580748
5.234319171843396	5.20325562452408	4.763319476892552	5.310001501661504	5.502088729543145	4.902754563359771	5.544949966895655	5.261738885384074	5.359346670308051	5.089131829061117	5.169483151472226	5.191891780500774	4.974321329798562	4.9454980734826135	4.96882198283988	5.342894341547169	4.156328711407282	5.292765494949944	5.3822927598839145	5.300282828691386	5.572543156436752	5.440613583523931	5.614172718712561	5.189509998522464	5.373771387041469
5.161619994791938	5.195892985113814	4.6358215270375025	5.175785847449221	5.465585430925273	4.92322967052809	5.5695670610585015	5.274464535439326	5.225852201463807	5.0247172110519305	5.273510270119156	5.192821228600318	5.082218634931503	5.000409893309319	4.996272172088426	5.347880274354861	4.083804835786599	5.241074871586216	5.351446675903906	5.209621913948167	5.567418985883517	5.456237639149677	5.718339550231194	5.085402351302797	5.3782712777192945
5.235128567382147	5.23026318977388	4.721274890245629	5.210632241985671	5.349071812318832	5.05419070110075	5.569889906795359	5.26288088546427	5.1515204584884895	4.50456361600419	5.069391461154633	5.03418951657869	5.0377686636961085	4.974013930443708	4.606678471042412	5.407626896594242	4.09877158657003	5.34976726126003	5.442361948915784	5.2887128734929	5.712544928000607	5.57887334699987	5.549090277239242	5.2873389591652185	5.263028012600519
5.28149986616414	5.039720956331958	4.739682869940858	5.3435930126478715	5.503364927241547	4.959150018358499	5.284983954436593	5.260894167424257	5.399730857705283	4.795004150969707	5.028503987766166	4.9785375332522	5.030217773769383	5.014314957804185	4.781523566015912	5.435333852707482	4.22692172089379	5.463917534754226	5.45671960955519	5.185562928499513	5.504930507893477	5.577796083802481	5.632969629968319	5.248573287308896	5.235886095870691
5.428697477834132	5.127923306727707	4.750113474114833	5.54379643628757	5.595424686804393	4.953555255787036	5.228262800797773	5.193406176655787	5.523289856735373	4.398201194768305	5.114333342657157	4.9035439364536675	4.993166692466339	5.087532553268848	4.724577475779843	5.203148552105	4.255140642751381	5.467396969933587	5.5022016252720904	5.243319228758231	5.438385768211097	5.522757548444473	5.502398353224018	5.338807932677428	5.27224865111422
5.377063599291747	4.973769746478671	4.7076353511961795	5.327339208263879	5.443569547708064	4.861697596866574	5.1129853952843884	5.119480060707447	5.492754612156038	3.3891123747682355	5.133058490609327	4.930013794914914	4.931303072820683	5.026789752815518	4.682567500195706	5.279651429896366	4.219265709280789	5.492128468681863	5.4149019180974065	5.3315455172792126	5.519063559847543	5.281718677828935	5.524354740029207	5.354701858057082	5.459911928371239
5.420303461101013	4.960478327341538	4.75184929933793	5.2473031324569845	5.568209497865133	4.884144218075016	5.310328693683394	5.00152359474545	5.51057562780573	3.6340776602828124	5.171215040497743	5.078474013394969	4.93102457181963	5.0816386659868815	5.137052666822644	5.378880981659063	4.1160448339772975	5.484041113073403	5.496560713658599	5.260890476125023	5.535465066411276	5.244280061594567	5.523661636749961	5.373621537435939	5.587674077023169
5.500809207759001	5.066638372904369	4.658981027757295	5.195781536979473	5.511743453540525	4.979121142907192	5.490559247143342	5.0679786837221465	5.454496558280577	3.57271124822287	5.175329586401047	5.14255640069041	4.929980789821634	5.037381626515592	5.261777969111006	5.497144601243749	4.048244310367942	5.3647648690551755	5.487445465595524	5.23641749378732	5.540581800406115	5.159314909181535	5.485160668663007	5.437744397499294	5.626057932822685
5.354726887022825	4.933098386414102	4.580085080697975	5.341724636409947	5.47064279266437	4.951102969995356	5.465237305918772	4.988774691229724	5.438990696733439	3.8676903352212273	5.220815296693852	5.109203330700568	4.92136313412462	4.971838925921459	5.099457269491007	5.432692350089595	3.801872309311376	5.384236519534729	5.437593432122508	5.324106287076055	5.634053030360338	5.1823932853857695	5.521646167922238	5.413927355981437	5.580573232079217
5.343701110179125	4.953487472536687	4.5730653148657545	5.3779261645837435	5.295535187320841	5.038201028979604	5.51119067172696	5.210717655237068	5.463066046907992	5.0422558762707546	5.083219870538028	5.147022810466776	4.915998473437036	4.985432368762059	5.185649470643894	5.421277962560624	3.919332277684828	5.44793370380281	5.573792290748366	5.140661956571202	5.605326095792286	5.301263265606634	5.519243713401191	5.365318665437069	5.532421443506839
5.2059984052912105	4.919206764879392	4.573484145359064	5.251209377832948	5.29719188503368	5.022745931395784	5.473848945437606	5.159618590488077	5.412074569109889	4.303842368670986	4.942198266764878	5.108798099984695	4.895839961992909	5.013605089037136	5.0047160088364855	5.4220444634744	4.382159647901412	5.415115550721292	5.601175113111844	5.269385520624295	5.5935382055070715	5.2768148566846	5.574517311318627	5.267567566354704	5.439131174021085
