5.2497929597049655	5.467797509588012	5.147408203643616	5.2347235915879216	5.436508859885995	5.228794708657293	5.758757701432568	4.644225534555758	5.57380305501899	3.8758166132375447	3.8542312769715443	4.811116330481824	5.012662398931342	3.2075786824576342	4.910426587152263	5.051268106807849	5.350395230861777	5.744715787877347	3.9921050716805566	5.415934797710353	5.719483880476032	5.083852554121533	5.562210330665707	5.221702535099149	5.064467116345133
5.147778439158224	5.358887165834737	5.193737873211228	5.297896334042163	5.585634857076701	5.22010607147298	5.576970608065108	4.720893142591853	5.483086167166255	3.6897316053766205	3.8534467067014697	4.962043199857291	4.890405489338421	2.260910197058867	4.7121459342148375	5.3087726957147305	5.041132256713001	5.842777244231887	3.756940272820412	5.390676619894596	5.647869852705539	5.268861688576785	5.58920871657396	5.127307880799165	5.164151497084849
5.231380681313874	5.317131050126496	5.208352579474223	5.14966191075311	5.489904119037634	5.153500671315254	5.385540446843735	4.93244439926458	5.23306205052099	3.931960441956684	4.7851572642641935	5.066835371535288	4.584199002282747	2.519385941174864	4.538086235016575	5.279805199317461	4.755824870421643	5.671469277905847	3.8864298876489087	5.435157336202568	5.699301866754038	5.384697427295341	5.584555071796607	5.112695240438179	4.478546552271929
5.314944490913645	5.56170757552966	5.171696728376945	5.069655850431719	5.454972785233706	5.200098603870362	5.294420167068728	4.968731892536541	5.323202924561377	4.175712403431813	4.736683998463914	4.914796197819905	5.125877663474251	2.6816237961286276	4.706863760777069	4.82693395762564	4.904124234557122	5.609755246714872	4.4906480344171875	5.31904650773357	5.612254550821708	5.342369913956615	5.555261215158306	5.467986012567175	4.444584861494269
5.478819071328121	5.293016575535472	5.273079118040128	5.109445017839726	5.393493565768764	5.235683598605578	5.400339468648014	5.075851434369935	5.2168385142187566	4.10233629836272	4.350894207224558	5.019117128309338	5.381468097665163	2.0315803908878873	4.796555648633509	4.966990302180156	4.808485842250828	5.64005397054189	4.613363871376665	5.383866386836184	5.5215141327010056	5.327172499698291	5.5543487619521095	5.671507880103825	3.817751824712557
5.590385362020549	5.291073628672159	5.214257837982832	5.194634649132708	5.498508157461318	5.2308352111632015	5.638990459160449	5.027156752389672	5.3324123691931185	4.606923675045337	4.633910474470006	4.804598040805768	5.094804098447077	1.667799542374154	4.990144301881394	5.319000004397168	4.500903055501023	5.56268910682772	5.065611521316435	5.322757104727213	5.402077702829619	4.995609768340146	5.57268083283019	5.695101229809017	3.875209146537863
5.600949593297356	5.22920934308625	5.136790476242339	5.293150407042498	5.53729592305398	5.307264275656637	5.672269478310411	4.96948967382783	5.480349277875032	4.510006678032057	4.73957689094136	4.746986913968743	4.923752483710284	2.491374992047363	5.265521774228603	5.196620973048958	4.468765749114199	5.70628589860345	5.219423579121252	5.317378649550978	5.3936985231819845	4.955706825954627	5.645549154373635	5.68899443255575	4.429090732544456
5.529249690851006	5.298101607954699	5.013658232003735	5.33509460263562	5.378513619162674	5.3465259308165525	5.625292026917858	5.033601915705406	5.33990425415911	4.219541446612661	4.597413380960284	4.468190519261912	4.786712627191557	3.366270174972949	5.154603758148741	5.119792271002684	4.397019460584802	5.686133621499664	5.342050281181402	5.383496682292191	5.583782194167077	5.182788276880101	5.560196992607897	5.551901965200906	4.9708213427948715
5.4784398190616175	5.124375328038928	4.896165899646228	5.407651811083773	5.4189220243585	5.1441736601131876	5.6158127691449184	5.17548242548788	5.364615609380319	4.368597959159791	4.984153221805646	4.4554828822085915	4.827142817412561	4.467151718226641	5.189011986339932	5.228715255774557	5.140453226298108	5.614042892433875	5.215358232220557	5.374070585238873	5.535133407243805	5.446090771683535	5.580910049162681	5.544315791821971	4.082250203144815
5.413515521212488	5.144816433292777	4.872006201688782	5.527380372046899	5.474650343111754	5.315088750231518	5.688743001691362	5.143367254444554	5.153253848916414	4.766516879374775	4.851171313244081	4.527360640569015	4.57577239056262	4.669404712165467	5.176941072892861	5.394127559710997	5.125678401857725	5.620601499261265	5.324410920962337	5.273025547605003	5.101022323979918	5.445280112240989	5.472890622276635	5.411083613877475	3.4712727764517686
5.419714266175073	5.323298527441329	4.822034731959622	5.541474631258597	5.440767073581056	5.44357643775755	5.619538057978686	5.275044509307196	5.08926940988411	5.289816983914086	4.71968456692828	4.584626539136929	4.292412523249328	4.836181214491939	5.049632058297766	5.123656330590022	5.197517366708535	5.605726675725376	5.502851649332659	5.1214233117500845	5.155184421824643	5.358985155462595	5.450150988972845	5.539793078678559	3.0026363156389526
5.364756116793132	5.529075357338158	4.820073055545832	5.460032507054641	5.379995221785818	5.280238230622315	5.635531686911869	5.341953135579252	5.07798790314563	5.3920319215489645	4.975936300308704	5.109189289825607	4.20147647409789	4.507770144773069	4.989524291492991	5.305119705011053	5.083739763432525	5.560693703616148	5.458159538874333	5.26621171384947	5.131404430023091	5.2429214304233795	5.374812510887386	5.48371924815643	3.280968821207331
5.448763308139205	5.321920706950343	4.93832868131361	5.329461129943337	5.412974322554773	5.241075589980419	5.67141336477546	5.254514311401496	4.563831858164116	5.47748129558478	4.897080768633582	5.12499189829813	4.22701213773418	4.378398087207828	5.082805906278373	5.368625154978269	5.014380534042976	5.572223567059769	5.481409401453445	5.318994391921362	5.115984471703367	5.055559012707041	5.472012958288208	5.542194818430605	4.640055398908822
5.466931631665356	5.116544079140301	4.947511063410752	5.05635497548699	5.3221708359177615	5.160870453976589	5.602896001873484	5.073741395128224	4.691802793047142	5.462651563905334	4.454051742228443	5.3339980201477575	4.563129694938988	4.951727550628893	5.148637308567332	5.08457101557364	4.826066135072265	5.536144908121464	5.444407580914747	5.385799587439813	5.462059419438977	5.149037247786804	5.579678766867655	5.651236985328769	4.637820644352994
5.395215777871787	5.123704290251756	5.004157744454934	5.103962996681097	5.353791128552379	5.126945143066546	5.568424246801125	5.066060725494198	4.777215012467787	5.505330490253476	4.798980242498638	5.1943741007737	5.103645270376161	5.081343439576507	5.247714672265254	5.217867595174523	4.824918322587941	5.62642133929358	4.971617214424063	5.442279225301168	5.418213260111039	5.312629004319204	5.513693862289716	5.610749964104385	4.785448784971741
5.39666797800756	4.841394047260199	5.044656731811736	5.299562895622075	5.369298120970121	5.0701103593289885	5.572324191362342	4.952402882239634	5.212571862882615	5.314113753761536	4.098426084482425	5.263511821132305	5.173206403375935	5.2520460095630055	5.237658454136023	5.037627397122422	4.909464486278704	5.62977334243021	4.768174775482928	5.361225363808585	5.500210342359868	5.381189076127246	5.387952248586597	5.59421445505873	4.782987441744283
5.2576114504321625	5.094719772282196	5.177030481730544	5.393085704569092	5.573024458782942	5.104395291018949	5.514702627461884	4.909796129791739	5.452013539955661	5.308279633452067	3.7572602150015237	5.269470505480909	5.190162924858773	5.013066828350224	5.295136467394887	4.97039552213657	4.819040985956435	5.458302137075385	4.527834765366612	5.073564510740763	5.515779638808493	5.329284812941389	5.534106460937743	5.502874345962703	5.258824028798697
5.414557646641057	4.956371128562213	5.152152793549343	5.355274567377711	5.436777286118696	5.2225654926575835	5.551296553895541	4.969017569330724	5.523059776645063	5.232170039691462	4.082144840897448	5.112093143313797	5.171414100050253	5.048659676610168	5.325041952028043	5.14091262362939	4.950410347603381	5.277093991925955	4.455027999837639	5.270013634431642	5.339657027563453	5.356408282649368	5.528487924050576	5.557166904230828	5.098171286371892
5.397991827644679	4.728798014719032	5.04682976620917	5.410438157208259	5.420867544820446	5.149379674535475	5.511703533416549	5.0697083823884	5.555764080218298	5.324248398710902	3.9910147841850363	5.163337381706989	5.133416643965904	5.180546452865882	5.267213053127578	5.353933984455351	4.9594944496363365	5.375904889914927	4.511250956295942	5.142893940998245	5.172209617953714	5.059473082959352	5.526833551745301	5.692248765873295	5.095165061793099
5.3581126505182075	4.9801628030858325	4.957284090817361	5.294342062439761	5.542573962503983	5.1686459935532145	5.56290944432672	4.87042959315797	5.434865846873177	5.491081563972355	4.50693871414571	4.994004866282367	4.971772812005935	5.160184082423298	5.312985922830057	5.478154243427004	4.854568925449392	5.336055412647771	4.911412556394267	5.08529686953208	5.150366590318581	4.984654817083835	5.5896199987266435	5.713505200675646	5.40479323402422
5.5035526065214695	4.8810085160198975	4.904652252463951	5.248604090255328	5.324103773537292	5.10594498020675	5.59700625551289	4.89527243294571	5.481513600862856	5.538276848881236	4.82175903535808	4.800732308552872	5.102110989022311	5.090165004568555	4.9938956298730846	5.471867822247671	5.048700260656994	5.460043100337336	4.630725604557967	5.318218798625191	5.341307069253117	5.226292703619807	5.586051971824797	5.824225532108482	5.340984292536801
5.415595346740474	5.127370798491687	4.764270735272102	5.189988537594419	5.425850738534807	5.2173990413499505	5.5859148702433465	4.923010324671166	5.371143431463221	5.503835151046924	4.436331058595021	4.801111941292886	4.992646391962486	3.9737300786613337	4.9869184152491695	5.341644412112244	5.184327831796052	5.5706101197166324	4.43210488835043	5.275759464461521	5.436194570611918	5.408612856189354	5.570315269796171	5.751976994161344	4.66218266226294
4.1557445759650085	5.151920209957766	4.873682936008463	5.119378160183929	5.475383249172268	5.206756390566634	5.632986183455108	4.935622737779955	5.271754539917053	5.405343373204797	4.286905625874957	4.663426734915447	4.879355629249093	2.6947604558804157	5.028300507573063	5.355909457338903	5.02735171953977	5.582637214317855	4.977577663237914	5.382701318482824	5.427715097897183	5.452424196153829	5.538625121607528	5.716359622589876	4.1098631485511525
4.166720216071106	5.283308719024801	4.771203909409929	5.145568391570464	5.429484147968253	5.333915479513605	5.607432210659267	4.8089050497687245	5.354915346807029	5.364539465315298	4.721823826388896	4.783045971662437	4.8386285279759935	1.6563827435752105	5.336350005702547	5.348757063875671	5.081165185332491	5.658701497821289	4.959849914791959	5.208256053509576	5.252136746731655	5.5021200822751375	5.610219521079256	5.669496718929152	3.7457803698117593
4.112827931548126	5.339953159154314	5.0490587372098625	4.764564373436855	5.580268193878068	5.322489044994768	5.592372991507522	4.893156816759499	5.4244900958687925	5.377243296770379	4.6789309750520305	4.80684376161417	4.821604240872037	1.1175746295855657	5.342368630721551	5.0101747156771035	4.726122956872598	5.72536887282344	5.323568605324905	5.166216049159393	5.294251660343094	5.5251142732469525	5.647984704684604	5.616104475836189	3.479627126061396
4.322910238431027	5.586174356853699	5.012853923272017	4.759449258235877	5.533633083222892	5.1911146562595745	5.4729677747184775	5.128736151623726	5.4687338501876805	5.5308925289137205	4.779050160409036	4.63343840728904	4.738163838107163	1.1561456273494666	5.10103999241575	4.980476031899532	4.597720879046971	5.680018723071368	5.515550634057403	5.146846969976906	5.007923416962149	5.557939716073648	5.5846760084689375	5.626872510501072	3.9901822863167506
5.472019385921899	5.3867147024623625	4.970634269786684	4.4158196664277725	5.550694783529634	5.2949315040556995	5.494165843650465	4.957538775568228	5.333525771241476	5.603637749246981	5.019157322871963	4.625540128340257	4.801842663932984	1.5955108204703574	4.916527634955112	4.910255616195028	4.871398249722044	5.535137670029962	5.511914032656185	4.4663455056261405	5.044327451249929	5.472466537378446	5.182953615881696	5.638368566180947	4.2518210967545675
5.329760482767261	5.503196489039496	4.840395680163319	4.329040966724207	5.6114303242020975	5.30724420694805	5.541827907370167	4.959007978777597	5.300135821393752	5.659028556277283	4.909566606635095	4.702462834606006	4.748402450615982	1.5435912079452574	4.872265534260824	4.946153214553035	4.7109956519401885	5.594318768268282	5.501902984497358	4.501238020910698	5.302624965087609	5.463226125118793	5.177882242607516	5.61803277854317	4.241051173555468
5.513628591710242	5.3285908031282645	4.777239611698734	4.479265415427755	5.593916134331884	5.245446433309044	5.538498149388626	4.933055629424785	5.186249458488135	5.625027614570124	5.179679662587997	4.568445048977197	4.695059598987956	1.8486322879075392	4.576424969656948	5.460388358017502	4.99956811530832	5.4223643267103085	5.427400775925697	4.322599438538107	5.210690192389357	5.539852138260989	5.24637943704995	5.574673915480758	4.2931129302456155
5.576223190547323	5.104147818236011	4.911669268014249	4.089787313087561	5.536877626760767	5.368805525324661	5.495754247548094	5.006517584934865	5.394059229268372	5.550954293252499	5.238263675416007	4.578137687931166	4.678911504047011	2.7720394572822666	4.7993686035791825	5.451354814936169	4.896915842545923	5.450878942344549	5.291063585788411	4.295365501254685	5.446975296631382	5.584571844405035	5.379788654136742	5.598301675171161	3.01353924000201
5.4777455089505445	5.105904093850088	4.5458605990590275	4.14871691421694	5.574445295873197	5.297867902999784	5.301878552240357	4.992707835411633	5.400349726779339	5.489107677690087	5.280185861844505	4.539007850096812	4.88249936760827	3.043096970946991	4.910251374192327	5.375571996011749	4.998826883956014	5.62131535189537	5.335331688503488	4.782266872314395	5.394797786933213	5.519296964760178	5.384110916668702	5.57382552690747	3.4873352722554403
5.359711757348325	5.070423599225235	4.726373692596786	4.289908423663695	5.505256152593849	5.284339625151057	5.321600946364831	4.758685490625285	5.468256649364914	5.5117119345095995	5.284502084861986	4.606907888463859	4.448192309952422	1.8477733461121773	5.039295038810262	5.043986152009355	5.0150610878261626	5.6251911697166195	5.447652500816776	5.052393512690705	5.362321228704871	5.375828315361834	5.636872235821592	5.608000906050849	3.1058741699105115
5.181520921169339	5.290873432436204	4.843889938791628	4.355375709982918	5.462257966536962	5.347629474929236	5.339099006086999	4.790880889084772	5.52548925328643	5.512728588412584	5.207864425713882	4.712183706793947	4.595544768231759	1.6879842410534465	5.161449455056766	5.05960972973508	4.979911571641597	5.634395568307114	5.432695615868991	4.97363147170297	5.49929543883325	5.28645926510508	5.622261045287543	5.517989223998697	3.171397977880815
5.147874388842385	5.475507323217181	4.973270821416686	4.513383101064307	5.50207201652596	5.3363108247294555	5.586677073916202	4.792033017824921	5.449322927761801	5.6253184706232515	5.229150826091158	4.779190640002314	4.92028368779394	4.0061756849319465	4.963782728751557	5.330402585123094	5.1396657831434664	5.646133603414565	5.401766372974679	5.03336331556502	5.528685989755721	5.286106162728053	5.570778375805801	5.6001299939109765	4.174547800009871
5.166893529264168	5.507317182365997	4.975325181187311	4.6061853590755115	5.347723832664038	5.342965094095883	5.607867430791021	4.840907111281857	5.314978317690132	5.206825345610812	5.370342480189838	4.765529300869067	4.938619600460567	5.017637718012476	4.963246020935336	5.233887307557918	5.27526738808195	5.614324271039139	5.344195854678414	5.162912269766319	5.3983629184706174	5.293838640361929	5.488762486018122	5.706873316351628	3.5647510558538973
5.5106893174570555	5.513320522902054	4.912446326714302	4.5766718531215975	5.382936676486634	5.286065482708945	5.53928071175365	5.094610174427133	5.14280127793835	5.0380461771996075	5.396830799372247	4.623901748184557	5.170400289890992	4.861726623952325	4.881036930134826	5.434613523311654	5.324563314858877	5.648878453448043	5.349418339911142	5.2887088840167875	5.382797260244045	5.3074863389624625	5.49546147361532	5.600138304868226	4.090487907922076
5.613574989037913	5.34184548780113	4.872960072046533	4.473161587389321	5.460144355387511	5.322311823906551	5.519872723764103	5.064052731293831	5.095244838849696	4.393796587565182	5.261573293855117	4.620996407787686	5.109074672498945	4.715943458786386	4.908356148205611	5.484331700865769	5.299476676346496	5.62418936608706	5.085522428912346	5.150977806486203	5.359009806623012	5.510017488655823	5.619667524776175	5.52744853256488	4.293351632195821
5.564147717350373	5.306805981521049	4.890801127144617	4.994623877810552	5.394150470659595	5.203399472701049	5.392601472204255	5.208680743359121	5.1764601999192505	3.9625535999704606	5.1776840061606135	4.601277721772567	5.014027409497313	4.401737645818152	4.945973996019172	5.557184383235582	5.212783720786014	5.709608016750164	5.214885536564807	5.212051595079575	5.255986017185516	5.4729396891137885	5.604165875867203	5.555746541200472	4.214503428684555
5.632332731016033	5.160283370637565	4.851178308145159	5.157017360471913	5.43628176091823	5.179122829978279	5.39507800339467	5.080975670710213	5.338008645182116	3.6779513475368817	5.198731774647427	4.759091706374046	4.901238640705005	4.718988873791539	4.831720836352231	5.594388759112408	5.025465020311321	5.716644197891457	5.285452149774515	5.116520791249506	5.333890189680505	5.414307489392757	5.576363613336801	5.538710048866351	4.858543290711715
5.688896856907288	5.035851280395205	4.810973433757197	4.632489564295962	5.481036318153433	5.17108731469135	5.400152088312587	4.957887779674273	5.3393722226739895	3.761993037145532	5.167908674964335	4.987046628783619	4.685445919280881	4.944472236478185	4.779450841497052	5.317197464212576	4.863052213322746	5.643226340418968	5.25085521213378	5.038736748166268	5.441967967831478	5.279597537854633	5.619277908712329	5.359139960289968	5.26181675581652
5.603600928332742	5.091060795203775	5.061539906792165	4.5947941074845025	5.31230648088089	5.000448315705805	5.469506686719914	4.949427016369417	5.270700772149022	4.12808916362079	5.214116369414686	4.975970459668071	4.74065380965918	5.187001912538955	4.831929298075313	5.4379318788632265	4.844829430168345	5.597343585844695	5.254726498794079	5.0587142698927225	5.342634712303924	5.223673688567151	5.590600387515795	5.595482144365846	5.291928746341778
5.663321318042876	5.047332691059449	4.915157771221972	4.310159889631861	5.3459355435994445	4.798953414223563	5.341132544174455	4.938123134439488	5.225310321657709	4.244624642463849	5.223043470436854	4.899122791240786	4.778686870957857	5.339931161192257	4.7317420333037505	5.581864127116653	4.945884473504181	5.629938824390256	5.462146974385328	5.052694199667227	5.4682633200969555	5.263888847809377	5.642892306835202	5.565773778295486	5.535633093650288
5.622756683999238	5.12653598347016	4.9479979848473885	4.176150495114398	5.376177719567823	4.955726405114722	5.359696915327196	4.924408247363672	5.2773246840118695	4.3426304650691945	5.251243368661905	4.852108957092486	5.047377303823915	5.270202696242135	4.880147382773517	5.633448002231568	5.029356256098817	5.574289087897311	5.4974145769000895	5.229247908254813	5.534353989521581	5.351031571127559	5.666234552758041	5.492496632346925	4.897569581910276
5.524925215177237	5.2316726151983515	5.083000299570348	4.829065356482723	5.342753966963279	5.014957369093762	5.375983897941787	5.0212362186474415	5.391613654925911	4.8483770421366215	4.894924003050654	4.857944936311855	5.10391002935002	5.304727266264324	4.754356443561291	5.614113006088927	4.8253045276036	5.7400531605228835	5.533755429217325	5.203665834867254	5.579186027100001	5.244246947635275	5.717670616412225	5.452436941452726	3.799319336634084
5.390258920536969	5.146192144400931	5.038193876498129	5.3401480442355025	5.437072128352297	5.086717478802391	5.2655667486452815	5.002028794224927	5.449063094672137	4.754996872336504	4.474683529019486	4.94328732192484	4.963908136593668	5.124039598228217	4.837882080041848	5.660765923271526	4.873609754085537	5.642672622932861	5.600587872611408	5.24249368144105	5.55661001302632	5.446610349403282	5.691065628249364	5.625410790366326	3.5973183058882916
5.297967608194133	4.49204311686991	5.10875003855373	5.317315590025085	5.57363565608329	5.162966596986355	5.409931053899576	5.138286569848457	5.476104345108724	4.351586234369478	4.2272130230797105	4.954795261810633	4.877309862286184	5.205579856135039	4.711312416793712	5.50769321322252	4.854310469006615	5.689492755452707	5.497081628025878	5.2758862593625135	5.413397602491089	5.261767947389724	5.651333865239327	5.411172662149406	3.1727429258542723
5.1259165564270806	4.374130690820774	5.178353548860461	5.4056752470478395	5.6462017138434275	5.375044507327001	5.436204841233531	5.125231858454051	5.485469295908547	4.8409412829512295	4.061998211125759	4.716993270778455	4.704851819400554	5.231537406888075	4.857087164947918	5.4023145801225265	4.686849877945017	5.793957049095711	5.3226097865115785	5.295467575277612	5.389002240186911	5.31548611615042	5.723821315507591	5.314113580151961	3.0346960960980995
5.31099543492449	4.3478172608571315	5.238423252743312	5.361399010121034	5.5926448693823225	5.3230214840935695	5.412695394682168	5.221405811018317	5.3195620971296345	4.4938654244483	4.40715967983313	4.518730631286165	4.718247051891418	5.1735630814221	4.926710348601635	5.396633697921412	4.896064301681191	5.725338821390354	5.307169589229803	5.322599600034802	5.277481087869659	5.364486283301279	5.663767760042778	5.187767146181302	3.30391405172824
5.182857756307745	4.703823209173662	5.084144741996592	5.0885115464939	5.583011530203629	5.05142776546818	5.428186127194417	5.224375913373348	5.2990117665499055	4.6231754704110894	5.190208373992874	4.489373691960904	4.606822829716407	5.127887412083946	4.892104298144872	5.398290964836264	4.953104449459481	5.759425698430676	5.285253237778966	5.175968172047074	5.319328849509695	5.413390821487034	5.67188269088677	5.3539533669585335	3.267667226387529
5.063362154351456	5.044314604463263	5.006399383044889	5.0521536925984485	5.442179162692089	4.902759885114872	5.532329885274901	5.165311744077896	5.379735383000319	4.75677210661518	5.330083682427701	4.782108447770412	4.635692217623741	5.1034117188803485	4.819886574717824	5.500810516685308	5.113808923952284	5.772030714689537	5.277690452423472	5.208863041889309	5.407180570519778	5.5345817722810935	5.694791874283266	5.656865322863048	4.4707065837513325
5.2618418645869856	5.4440563261594015	5.050855839323451	5.193573554616329	4.744348806206027	4.943011258070502	5.382861555994624	5.167279049091942	5.290243524570297	5.4146068751553456	5.3261843129733135	4.854085583867129	4.880642049685254	5.08283678422707	4.906853100364711	5.476701890676311	4.978716899622629	5.763091895448749	5.187344135360628	5.279996862294618	5.3249320151174615	5.4139392835381575	5.623684763953996	5.557740639573878	4.643582920679487
5.297194234391184	5.345797514398795	5.039438025449877	5.462697279537956	4.239405838301813	5.133047924867445	5.205655148159001	5.278828572191494	5.378407548630399	5.477239409158077	5.0225548095580885	4.8116370533674075	4.692822411967834	5.22976218027291	5.228304348456415	5.440972903804803	5.00585170972901	5.762514609208097	5.101705396172005	5.1710829212336975	5.383386937435748	5.301984883333815	5.576113958545872	5.5425766617673835	5.0452136592045065
5.346038245474284	4.629904785415853	5.087729394492923	5.312749694631852	4.276327067519205	5.203449448616095	5.192422143632148	5.29816546955213	5.382833420509155	5.46119266644122	4.816804847418337	4.818028007419175	4.859471075924934	5.304536774450772	4.892516772535328	5.4296171460682725	5.229496087253252	5.75266719488551	5.243386359682016	5.084353983046253	5.291406146409293	5.040634211497251	5.5837810492580955	5.511544608413467	4.87005877150622
5.4435801457417705	4.345107790154951	5.10740316194455	5.124340739825763	4.248384535173304	5.15335271402443	5.138460332469731	5.2809771486805905	5.310171061039547	5.56154844528816	4.655537141853427	4.809753222279087	4.811054446382794	5.608208482230602	4.816523217259134	5.516617552206447	5.2173657511020055	5.760183395531772	5.1072798565068345	4.752604795582702	5.185608332978693	4.976414384684317	5.260959147616846	5.5198286114210156	4.364898966429391
5.6765297511756545	4.357882866682772	5.008992843310849	5.129886109418665	4.404777456663223	5.238054140714495	4.942191272366124	5.297818920087179	5.416673389212062	5.380781111870127	4.2098055006158495	4.734867450118099	4.908633740387296	5.605658725137994	4.74121538742207	5.457254891897787	5.2805102767495145	5.701505296564126	5.387778483347935	4.489466574544863	5.284044497882178	4.9555571706719945	5.096428023757498	5.576733830346153	4.258097855355688
5.655251461382251	4.444344561036199	4.938906983025326	5.103374156359715	5.0693889127650245	5.359916010758539	5.260484116340012	5.337796003466137	5.568818153799791	5.4639329192023425	4.361302626102701	4.779772309299482	4.952368746089052	5.55414566960696	5.061616098237221	5.513179831886096	5.112044490793896	5.677658149132701	5.42067287422838	4.387494746142628	5.2772265728849375	5.059191909512274	5.035064667683211	5.5040392056600576	4.470871868199162
5.574904153839781	5.172682928080092	4.959604421736171	5.2278351929587235	5.306971920630204	5.289142917365958	5.321131006305713	5.191712808956748	5.492772014416868	5.4771478024873845	4.5618639874369595	4.894988038783592	4.650764422774715	5.306869276842437	5.07037790035547	5.562230223152441	4.972263908172979	5.699471860226484	5.369481124192367	4.612191940267532	5.1103179018382745	5.1624673105948204	4.8989406712262635	5.465714347528837	4.384567157386888
5.5538330231345405	5.232954177885734	4.938887526428165	5.245882859448654	5.367899571531108	5.223202114551445	5.359200590653354	5.206366179658479	5.405378732531715	5.534073637948131	4.849429477825404	4.788316094922042	3.9590754245219144	5.126276703657877	5.065686679396906	5.450497239326531	4.911723782861158	5.661281277445696	4.64165904575296	4.878509433695496	5.255735241420791	5.270772433520034	4.868120221904267	5.465139921220073	4.971340788704104
5.489269154401872	5.113177316879095	5.012140690612123	5.365483286577632	5.438786454002177	5.184480009595665	5.313898311188143	5.2034946500587385	5.445202056150436	5.426206291469473	4.749230052925198	4.650782066190384	4.177673483329832	5.0343006927136456	4.455018304657639	5.557756838265098	5.055788558578955	5.719591750089568	4.791278052850687	5.0970612415742185	5.172841602304629	5.225918138100276	5.302542901906939	5.533981664786537	4.97425917324231
5.438954114257574	5.038081965174346	5.054182107062529	5.3202009557421475	5.49991655856185	5.19597362757269	5.520719332946846	5.271958720106467	5.313665441879913	5.404374860065112	4.978271015030021	4.713117722815908	4.083106681066077	5.030224837856036	4.157667497426647	5.531822655245264	4.993491078782005	5.673280909836458	4.390340724172789	5.435017743215504	5.242926305178969	5.38664631133863	4.742114944920302	5.5776252161953135	5.080986433193179
5.438723633625449	4.812972641996901	5.069880044966578	5.182009812855414	5.617651291119757	5.117686041623928	5.464308544194517	5.256065906946393	5.334890185602701	4.669334237069527	5.157095603541418	4.895303811961414	3.6874997766170576	5.065900099961195	4.734134913901964	5.615370677389487	4.906681733248183	5.660318296581118	4.172658951330282	5.5565572870147735	5.189925991004433	5.583103158150892	4.577600696941217	5.572260549390517	5.208459461684549
5.438767918973218	4.493178550582468	5.135291859876115	5.307553008028822	5.575216782920709	5.108191024822525	5.6417494882415635	5.283065260841815	5.238987886431066	4.260084324837091	5.27116503869638	4.499307547752715	3.5581231974567573	5.198140180162065	4.984227091485038	5.700245530491826	5.170351668771312	5.686293493284441	5.075482264590827	5.621247191308635	5.1686020032026185	5.478936947129997	4.733191935847832	5.567334591718715	5.306676281198979
5.437467070367009	4.557414941584953	5.153823703085995	5.179166643570859	5.43710338017398	5.046263645643933	5.669174152176578	5.364537721853264	5.210986977727854	4.210956430514354	5.2066365722268895	4.652475661321298	3.524223706662968	5.197198037634046	4.74381470765609	5.435493665931348	5.208520452245448	5.735366393430106	5.431395357072016	5.533181157006914	5.153035475226806	5.509394185197906	4.846610967893483	5.591001833698649	4.4993338374789715
5.464039896927085	4.677035259347457	4.999545892415833	4.821189773562823	5.4366630632966615	5.113509691254328	5.575508803022444	5.334783638244055	5.164180941026222	3.932104334441418	5.072100314145437	4.530085577357345	3.578067325965996	5.269075662623961	4.645804013644931	5.326884160733509	4.732403317140781	5.737652875499582	5.345666863087718	5.494250456415903	4.96689057791764	5.387415515556078	5.109518354982963	5.550190896527471	4.505228498143623
5.413862338752781	4.8727373878397415	5.0083819994592575	4.816104200309068	5.014162499787716	5.158483158919896	5.612628895727235	5.303838843947284	5.109750016551596	4.417789368653481	4.996013950151122	4.430589103671887	3.974390004316883	5.393449166677413	4.580777883802316	5.446451893881029	4.695956273998113	5.766529998658613	5.322109607566064	5.339334574343917	5.006689446857647	5.531938716828609	5.264731010382691	5.621454325176779	4.191119216272675
5.449265327708046	4.930451776576976	4.918822534956565	4.9353538902630945	4.988559706766652	5.080908142070263	5.636120052875063	5.251514641122974	5.154044877096836	4.727505466358128	4.8610680244102555	4.785136306541731	4.677480449737657	5.219496948125172	4.733457971414721	5.408449058168091	4.758437978689956	5.599803295908652	5.372640875959988	5.391693121502692	5.222046963808318	5.425799251712997	5.2357045954476105	5.621856504106538	3.9191989836759396
5.5501820998139415	5.027611109430401	4.939523266079391	4.990640958063741	4.967495115089492	5.226063753272946	5.595561944911033	5.162442416529743	5.192486839539986	4.534300054962924	4.933971820293107	5.0719824028040374	4.538480113464553	5.3647155481429465	5.013178305033725	5.475363356132225	4.770293428876639	5.555575593469532	5.3704012110981925	5.428537731802048	5.269279075142346	5.453831005601042	5.1630099495228405	5.626811694402559	4.601288781083749
5.593148132919372	4.971109563649018	4.9393154542389155	5.041522308445154	5.295871055796203	5.150965093795507	5.568093734544632	5.083355740885763	5.181279135216237	4.52872267339148	4.931222420080778	5.062768889279396	4.709987762581069	5.322758388298524	5.199351806922487	5.4693609737914315	5.249321960272617	5.643029030822687	5.416573099985204	5.442929915423447	5.382108705936802	5.504140183989775	5.215303317706933	5.537178372673573	5.110598011279065
5.628841831636842	5.194467761613223	4.992024439533276	5.159629602998066	5.253007681543217	5.07190822470586	5.579647810513148	4.919589611564648	5.340452317748081	4.383608683731742	4.710585888317009	5.136115261268497	4.804240482738731	5.393947685981492	5.112660423576636	5.380069253143334	5.124810720062086	5.669127248556984	5.2545018071011	5.091036722494041	5.461106012798019	5.412861614621014	5.31636996943909	5.3903228891420865	5.081539269380313
5.574819526674546	5.3758262887563255	4.901626673766149	5.26501194684883	5.422970140325543	5.1336922946012855	5.602166234283987	5.169090330063004	5.475434110054618	4.069946034991036	4.660228497945646	4.944884678870327	4.843112377995735	5.497929224410854	5.098423028193609	5.4222038871053115	5.315954628022287	5.654305966436132	5.326262773400546	4.8611807814215595	5.476518541206872	5.337636969133819	5.096911176073646	5.506253328876476	4.940882566628141
5.408029844976461	5.463829502643296	4.828472327080089	5.298533903540483	5.41375960897189	5.0001789384451705	5.597114148151178	5.21237332592121	5.459933170881409	4.1164057698335705	4.5171324975001585	4.733134583080889	5.088683005129278	5.50362386283471	5.114165591494269	5.356661054486724	5.3959706467352575	5.662078869883419	5.419407278360286	4.885519711221002	5.230113242307908	5.441162080809926	5.245384225611462	5.481248501768525	4.615142769317242
5.521859518524217	5.4250416891508	4.777593248790199	5.396559129685298	5.3887011315602225	4.9693779207529705	5.522322275491592	4.695612728228292	5.633238755295185	4.533647370257613	4.097643415318142	4.556988116516575	4.958161149718924	5.245443081909532	5.020430697800379	5.3438458643854725	5.342592142977162	5.641875598488704	5.43907170980594	5.03259887314328	5.2473845479908885	5.58236754277136	5.326044178526785	5.489034282024297	3.888264871030537
5.596353475061512	5.3625721875158945	4.80768901235127	5.428957827613682	5.456658753807782	5.1246565357488105	5.591362348171861	4.858905299327322	5.456701994750604	4.692157992838823	3.7388383540737005	4.057029718215965	4.920996970947942	5.16555634881216	4.844338153995483	5.364041503450702	5.389114954055889	5.621384879502819	5.473733834602913	4.630510288550389	5.353357643463609	5.528043662483394	5.42109741759736	5.502224677569061	3.2956177217779468
5.6910457334703795	5.329259245321366	4.814260300131936	5.487980556413823	5.37277500185151	5.289165777736986	5.6070374051716625	4.595934092480122	5.285875296879336	5.295400782762084	3.6219885573445825	4.3930477938136185	4.915890159033198	4.74690039556269	4.912012711379832	5.495714533118509	5.414466519304234	5.6734597059415	5.5702760903976944	5.066158560289852	5.447809919428737	5.600477050826515	5.531826351750629	5.51172887845753	3.427152473981983
5.765344111345269	5.278155005516873	4.825398902616675	5.4715124496085386	5.396675037837746	5.125852422436791	5.579072656891996	4.579908720164743	5.314455848922809	5.266805931111633	3.6197452485401316	4.35928566329703	4.8223419627021125	4.73804808076052	4.942324861093886	5.392894366307536	5.344907738635187	5.617001761441831	5.520464043075477	4.889576459208169	5.364649318894386	5.561356040174684	5.624209747998208	5.502791408163282	4.156641225735881
5.772401074505382	5.376988667353721	4.947397326026563	5.35543162148062	5.433407164907438	5.182702446248527	5.692968499181347	5.040574142508972	5.322687225519229	5.291280873380421	3.703902884013272	4.100156895966773	4.528463742110995	4.786138510376403	4.922505195636388	4.979818376481562	5.284474691135601	5.6834506542415975	5.323101284959523	4.96599402360718	5.542356615119018	5.5197737208987405	5.623993936169752	5.555242316377598	3.809540183470501
5.693613817857791	5.461675689469976	4.909089973179471	5.335195229013352	5.330594706207474	5.17856058475115	5.724875318546147	4.930400152624255	5.166309271585718	5.2608742624102645	3.9902859297123863	4.549468895077907	4.292117757975669	5.0407096126311925	5.001925606264662	5.097420258391843	5.227644248411679	5.679240290343392	5.014201871417428	5.285187500165041	5.44831635383253	5.535195794123576	5.6723159516781845	5.5133974350331005	4.205829173462943
5.724509699504709	5.515992345905317	4.985138879705541	5.449416597948095	5.230606468520954	5.154305893200855	5.703206131082849	4.903852109608553	5.090486551350641	5.051039154254091	4.0692499891285925	4.624371960493874	4.149936574529419	5.292029376751754	5.067837983101188	5.41691305436101	4.8557939919549105	5.645498362889591	4.958192114405632	5.343346803341969	5.445022715253043	5.005878887597773	5.63032470011193	5.553112323559123	3.79411950675987
5.764696370240635	5.651753178946103	5.051536178464934	5.351513104524551	5.0182609888088905	5.138547494484413	5.689439865923366	5.029219486458135	5.192891701302068	4.746681937991998	4.189725475269495	4.942472768139274	3.961622063691358	5.193199926847373	4.951109937455961	5.1749531017702886	4.567460785885639	5.655157540773606	5.0577224443443205	5.423278807926875	5.315628663163745	5.080997985719971	5.636958027346402	5.31795381065065	3.636143872422494
5.617395030575047	5.481376932838087	4.789648357088111	5.3034502501844285	5.032976279312948	5.132604379248426	5.617083036888489	5.090521850284209	5.1137551279041755	4.483196718088216	4.553141036919231	4.924061951880356	4.39660152723217	5.16627416672709	4.909241488874977	5.158787298910098	4.349040909271337	5.588283112961868	5.207195241663673	5.345077183454711	5.148153889202508	4.91097938955154	5.529298957179716	5.4939909836571275	4.3521340943521
5.602907655838801	5.436783311910149	4.932508049606598	5.308036222021134	5.07671061640767	4.965308763301725	5.587947172164503	5.102872525447009	5.1659710942197155	4.559098498240651	4.475545322758583	4.729552121240588	4.878664565920025	5.221721242859899	5.093872767002894	5.4405140265718925	4.492048777962888	5.525531990388598	5.499921514946904	5.497297943223315	5.200168254527305	4.841239150406367	5.390292920495839	5.425422458855876	4.910038095988938
5.651217822842298	5.373225949758101	5.180780824086096	5.369642837079341	5.177751418725728	5.058938859990344	5.37817791871482	5.287303469268883	5.433440739747895	4.837079200761376	4.400398487663727	4.717201698241199	5.049423083110044	5.313229760143256	4.948064001680995	5.451503212878693	4.461335666693964	5.322477626599336	5.511528486678797	5.39535488474714	5.129787342530684	5.1280316252866065	5.386549994771069	5.420717826601281	5.019811525417252
5.600678230963075	5.345527198941446	4.987236664113868	5.381559884147836	5.261770552414289	5.094151853927789	5.351321646182993	5.207102709369225	5.461224212794173	5.088438069672405	4.213041986830734	4.770682162502641	4.9703970518960086	5.236010400283498	4.895124748694906	5.522946219381859	4.54341875729613	5.469950561731725	5.483353913371839	5.433186809928395	5.163607973299089	5.290920124346113	5.3671221707193295	5.476753305529776	5.359361257416418
5.563081714155305	5.509640432327414	4.982173211380462	5.317036442868801	5.049526298649204	5.053819370581831	5.4101381458422395	5.022841040174742	5.538980916281363	5.073205956824961	4.152468650832011	4.838600736657395	4.773596646082334	5.330197069457153	4.842081312843145	5.210305172017365	4.949891908512245	5.5977628359376626	5.4785870301372395	5.2773131074923505	5.026130355480016	5.134406674630689	5.243062229274655	5.4920222315380745	5.247803124299471
5.474200070639536	5.478208953710024	4.921108813836094	5.306515613617563	5.238789701844574	5.2075692790755195	5.322458985371702	5.069475709442832	5.4420809138768815	4.989270362184127	4.244281586227618	5.000436484532374	4.972128648358444	5.334984042493057	5.079778666940984	5.36066299718154	5.151419820412865	5.6100534895478456	5.573423097301594	5.237546999800714	5.116492669252666	5.321470676565135	5.2118223505606425	5.5117687048055295	5.332404055413799
5.536944663923202	5.5070258522576845	4.892771275685078	5.327802140169468	5.373626309674525	5.259814785745318	5.24878424395198	4.903748844431397	5.386416636062137	4.934325522532059	4.191280402602183	5.127025388114252	5.106455332782644	5.252533607591112	5.176951051939378	5.23593378811903	4.887953855583175	5.544243130327268	5.617378442868761	5.2961100124924805	5.045798290785995	5.316651111846215	5.272497755574502	5.437135144929059	5.483525156498987
5.617741761620513	5.434417968074367	4.956369648119321	5.2592179000245345	5.267067107237246	5.158718325568785	5.437732021668186	4.7777395498840445	5.453283104113674	4.820181839474505	4.213512388730517	5.1220883335542124	5.082827747796893	5.294075581044962	5.236555521936669	5.5379684015968245	4.809365187407507	5.557977818301268	5.576099206059679	5.240527428851305	5.023541496028311	5.33160237334792	5.189434939644523	5.3562436906090705	5.333044239914518
5.7145475613553325	5.302875647997229	4.950487131041179	5.24771949718307	5.330900160116976	5.1763100837354425	5.407442925554156	4.803997545843829	5.452664049925451	5.284317727287753	4.221646559185132	5.010922587318269	5.229895624464654	5.339926698193447	5.117190296474225	5.04510350885664	4.600488011460114	5.664007411331442	5.573085809764354	5.386466380472393	5.385124590468794	5.352115848581174	5.296930171273376	5.451833205890837	4.1804400400837
5.676773879176287	5.429856580657626	5.193575988740243	4.9941893975729315	5.4017116030244665	5.179039056149587	5.397404248638702	4.82786603167799	5.533366780012312	5.489103624976666	4.342797383148673	4.8508218460293016	5.177536569126794	5.31944985446096	5.075492764793688	4.6284317226535014	5.056130227994983	5.758278087169709	5.516910618906837	5.223234005775081	5.257491298102553	5.304876330482279	5.615140175100374	5.441361199372689	3.9783937840464203
5.499641823977677	5.4842256689813915	5.00915146890372	4.690137710634115	5.412647258868766	5.193535868510272	5.618046220053143	4.9916868128408	5.455595502822033	5.103014246425829	4.5807804863053265	4.775190842693614	5.065851755917844	5.2316998698650545	4.97303539705602	4.902148051710499	5.175215130710969	5.65284684543475	5.499584664565021	4.968163107192016	5.333276503484307	4.869313844519088	5.575624555517778	5.31173029712749	3.3969721110994486
5.427011970458421	5.4851232887136225	4.873907963439518	4.739255728447202	5.468692320601144	5.155492441610829	5.674792075278213	5.079963696009406	5.395139309222737	4.301948702771633	4.712193613303092	4.956004402757938	4.796931699478527	4.926508654641125	4.940016319845922	5.172890483931965	5.29493041741124	5.488491550754182	5.470710441986464	5.027660745601142	5.45242274590096	5.117170424576268	5.607303253317908	5.469724252006503	3.488444695975924
5.162993972515356	5.69870994265318	4.861922643917874	4.692817430768642	5.402107202032735	5.271406058193861	5.652433014658205	5.149150084692848	5.495267119040379	4.245614496433373	4.812498692334675	5.1984267011579055	4.873587752844451	4.896572996133859	4.965172256965014	5.44503758687522	5.123135192673258	5.368881218943017	5.522399329734043	5.210538017554267	5.423559318762383	5.071094366254004	5.597904688570183	5.377701180952139	4.491773424919316
5.145150894077634	5.58232806593976	4.894617335074143	4.805829547268264	5.350029663392966	5.155177867696565	5.613352274369645	5.303927376910345	5.381323994827434	3.864396088439227	4.726399777965151	5.10920848317154	4.707845266869464	4.831577961482891	5.083980405660145	5.320532344153886	4.707651007231097	5.183715272359541	5.45998208695441	5.230423505963928	5.296379182007855	4.820228209907795	5.408964826050902	5.356591658324153	4.839620491849922
5.336849762210006	5.422406646149643	4.973761175237226	5.347018628567159	5.379568312953814	5.170791903819249	5.572422351729164	5.315859055534534	5.325633295916956	3.897073496335082	4.707758267195069	5.215501211389379	4.769358614069996	4.954209198883285	5.06051511467582	4.922955308477832	4.630009335786544	5.3662377142966	5.44282918910843	5.591252922340105	5.5107168484716995	5.110718768541487	5.424312606472999	5.509298917495546	5.2814397630082475
5.386896578998873	5.126107444596825	5.137034606437241	5.306965844116907	5.5255129339626645	5.214712608689341	5.574029465424555	5.28900217073013	5.303504411901067	4.508566464606758	4.341478455244895	5.071989647548275	4.98037427159453	5.385816625193142	5.230068928219617	5.054573051482746	4.933276936204249	5.619848943549373	5.390384741987593	5.533664252942914	5.411989832081207	5.217435255778826	5.423924278161702	5.550751781186926	5.387200449781461
5.566469537755221	4.932406308236613	5.099422294757503	5.258661002841412	5.480958277267244	5.271630689197135	5.482789264308164	5.228510789369643	5.334051507655145	4.932418089066609	4.538340366918599	5.045939807771278	5.033070109242662	5.2571398947848555	5.228684841028557	5.2754627680271335	4.856274274724639	5.608146476285838	5.3280077003955295	5.524693003080051	5.163480549509302	5.281186251331575	5.508986737270291	5.327647103310651	4.837964090783591
5.549814973690273	5.032793089637754	4.9915217822294595	5.026752541486758	5.48053170326688	5.253905373260054	5.5539060362968335	5.185896958544447	5.391340518120607	5.412415348959259	4.883341970501075	4.8054470611441085	5.1189503931468945	5.251805904720697	5.255615189340439	5.4883180911926726	5.0758181282739665	5.576896303465545	5.201283390128372	5.543792494962683	5.1883190946040765	5.414283283840948	5.534097369121101	5.253906823397651	4.803791148190009
5.594336231793412	5.029296562242564	4.904399792393863	5.162050928748918	5.547976337584804	5.443283132744881	5.56902137175186	5.259124084669716	5.568313129152055	5.546997639142608	4.834995733704942	4.727732546924379	5.03856424274149	5.23925717123545	4.980815028217174	5.351117388212249	4.830292394516284	5.63531373494868	5.105624588175693	5.51898895479257	5.206165389948348	5.605276496925594	5.486201729553575	5.305678614519201	4.778550538913639
5.545005541490007	5.318517659549487	5.071018486124675	5.1296803955050505	5.383251920413934	5.288844362233702	5.493833037960265	5.221512606178224	5.501709663039447	5.51593934570852	4.557072930177209	4.948889312022358	4.976692236953466	5.3575878440845175	4.810622993740471	5.188568375158434	4.789637373162769	5.561870502410652	5.227182871419014	5.5263285003031895	5.204986560222039	5.737530213233145	5.448513018540132	4.932209176584538	3.9628259891895623
5.5062023059154255	5.494142863217245	5.157781817604249	5.246422148293308	5.283107791204589	5.260174347908183	5.576319382339313	5.231709611011698	5.406862364275603	5.428853871901877	4.473015946092556	4.978428295287249	4.938938799858183	5.318940481188033	4.746253558511395	5.305729365745983	5.27272338863325	5.532110333536783	5.26548929793293	5.485371553237914	5.418290992525476	5.438770216972077	5.365116518336518	5.002745605740664	4.194624343669048
