5.544248069068808	5.262299611464273	5.406823234160432	5.51550355165673	5.534559900688004	5.140501648107516	5.718083557195908	4.540598543923207	5.507252828021113	3.509016361712758	4.115900727870256	5.481167403360753	5.2045679655219015	4.4937314386725085	4.708541852567549	5.744571003524441	5.131623261164185	5.728508662502786	4.585535620821145	5.2564725158537255	5.560766258763918	4.809235052444019	5.451161277486651	5.299743795070828	5.292189269222148
5.607675717866118	5.136796940848192	5.362689297812916	5.4459758088653185	5.612275433993456	5.015635161124984	5.663483989904902	4.625401862443878	5.5787515164981665	3.249009045898519	4.775359402230977	5.471645711976234	5.413162310548156	4.656989286410402	4.903489027767456	5.789503748710439	5.097565020044232	5.784733770794429	4.53042730852328	5.208164241065988	5.455315284433444	5.278208767670678	5.357310291021572	5.359545163913659	5.305260716032517
5.509472976811374	5.259385770214145	5.227806210306665	5.354552297230599	5.549564336998104	5.002922155652845	5.670169536023462	4.842032178320559	5.437752303074405	3.4984254327242548	4.792743967094169	5.567464767387996	5.258379898300637	4.780224156564921	5.320266622549799	5.756747593969474	5.23476911207815	5.692543223129772	4.21075508443413	5.1926394204593604	5.4533502111302345	5.323369068692259	5.111657829836314	5.375531030895326	4.2860058555162075
5.458736081114298	5.3963923464539585	5.182422276892601	5.3312692415817295	5.540349141702036	5.091822970840984	5.518787769831382	4.868403675821738	5.4879379554869585	3.7015414864162404	4.2410962821405604	5.5187144950156055	5.309128039489585	4.748291397156019	5.424204811687978	5.650916442829924	5.332192481544006	5.749057123863897	4.328800940076374	5.4755608403345	5.552090155797806	5.080693017913605	5.115701914690368	5.385674972156773	4.01611268822812
5.4924249944279975	5.213961857818887	5.2775505248317165	5.333956444614499	5.530074088651166	5.138462551859168	5.44823818117842	4.972883146619492	5.51716681146744	3.8501774097927237	4.469128948779535	5.189784611057122	5.459504977385622	4.5687940917626335	5.593948304374547	5.735528269585255	5.216164136873817	5.758131864032655	4.581203342280487	5.398370396730326	5.555239381330484	5.139968316262836	5.059612480166905	5.449376147575423	3.9048373247496064
5.500583163874062	5.2233043237422105	5.216178714735337	5.255054584783726	5.6038113781998415	5.138648508397477	5.501189912257589	5.013864972083146	5.539601629470035	4.68901612700702	4.890674313752006	5.216370714503473	5.4985225469535015	4.610903995710516	5.447977664890441	5.672935865307065	5.048403213876561	5.728520468021405	4.5838028158370605	5.361603735166841	5.614312421947577	5.192095360755477	5.286418056015967	5.520935957829918	3.796779071528863
5.620772212427298	5.246768184099296	5.177856322515682	5.358394003765675	5.563744295696707	5.197016178680578	5.505370878415924	4.9995060111323415	5.652943149152217	4.53944291545904	4.506533559712647	5.210476082868715	5.445659319613309	4.625937696069909	5.407683728907454	5.72468749945	4.893861830683022	5.803205250949661	5.093602657203825	5.386285660698549	5.4511738054811385	5.1076681567042055	5.469212484439164	5.5400761463445365	4.77587705297867
5.654289267328263	5.191895458583939	5.208021548757297	5.36081025732922	5.496822337276385	5.231045544440212	5.529218956651988	4.936890890728169	5.649090942813856	4.2156258711545425	4.813753147033738	5.210691194710666	5.035430734493401	4.645606052613458	5.467098957827089	5.658350132980994	4.862657304065225	5.740273961994381	5.022900172500662	5.413577253850387	5.531921458291247	5.183282021019256	5.436558974967804	5.450939571819842	4.908873802113118
5.498566720416119	5.343513446709517	5.266809142073431	5.354003764297952	5.495357514117766	5.061295228958519	5.475040754581575	5.0143691785060405	5.614305982195499	4.100180759766501	5.263470772471651	5.3173776516687905	5.011626230871514	4.618679672148268	5.465787884805297	5.799749544047083	4.5754202215445705	5.741946746534174	5.183568600912453	5.475785854725547	5.453997459026904	5.434336328457693	5.465535692267124	5.420844500939516	4.08975508684676
5.462798056597916	5.261675504137072	5.284552892740267	5.315969600438833	5.5121664433227355	5.075057601301539	5.531337294255991	5.104358251329496	5.477911406368175	4.5199377129662395	5.22259229826061	5.35794145080553	4.73677200437058	3.9686401065134547	5.553833285920639	5.770356941660291	4.473324364852109	5.6142135155856945	5.261073808962785	5.430111393615152	5.007476473015821	5.390985249534024	5.3069221049565805	5.576195402004384	4.168797480628367
5.300892273550542	5.422203088599111	5.291698228908555	5.442223838978213	5.4456853899631765	5.15052674531624	5.537717047038425	5.057010309928691	5.337382825021258	5.180117536889537	5.386261177222133	5.4522405298576375	4.867909764459555	4.072213274878338	5.496785425784366	5.739453224015371	4.438234198522756	5.5506248969342415	5.295092831769942	5.357307341653815	5.128074023838398	5.47484013471255	5.383520014408624	5.507702578703561	4.320307571697816
5.235387345563138	5.334451315706346	5.150814166838668	5.4025733738881065	5.388719633636362	5.042910638292105	5.552674202995254	5.103632222550384	5.115059472318255	5.087151716313849	5.481240815506525	5.56389479757305	5.021346368577771	3.8932849083274568	5.446721060570536	5.6323078845133745	4.33367243718997	5.53973160348662	5.574857891032085	5.399118576576747	5.177253961623724	5.345611605040497	5.438090561435141	5.657261968432981	4.15308194779355
5.319179252768319	4.923094253583693	5.229636572914323	5.4487755225403065	5.419990780258086	5.0606982643059855	5.50670406501875	5.080837870950508	5.018806354365113	5.119832432688922	5.460377662104455	5.575623250487308	4.984265645935783	4.424222706531059	5.424440179564534	5.677277704412572	4.6076481152978594	5.555050053875959	5.500668017668842	5.405707682709618	5.503936319613022	5.326962562170314	5.221595586557202	5.580767610326096	5.252101953647527
5.5059061134499	4.865429855936809	5.19445914511083	5.467115367521245	5.505627987365797	5.104386544020071	5.445207804318315	4.93402211544843	5.168372448678573	5.137529907518899	5.39930192422177	5.55031940727444	5.122093015404068	4.4222668163266	5.511354398615174	5.680804940435251	4.844791977019886	5.662312435468149	5.482455993095825	5.29364847346168	5.567535310557769	5.38839103598879	5.090744623760798	5.530673484699154	5.124965530981316
5.535614297552869	4.761282687681674	5.174009623039107	5.437229384081824	5.536941918901277	5.123398685232343	5.386826138917433	4.771593890044071	5.3273405047338045	5.157259685510018	5.527001038628097	5.536428393910457	5.297891094136639	4.576338288670906	5.502957775320183	5.682813300117258	5.132072710280401	5.613288869276502	5.4524411935737085	5.269414665547198	5.551936802098935	5.260233720596707	5.147342001772803	5.477935716455181	4.871401714877672
5.569166731163663	4.599994126880695	5.224262100407969	5.464368429702628	5.503937707930044	5.175039062318931	5.388997387392358	4.866812435303752	5.4517294823979565	5.139810974866464	5.5809815024147085	5.513112737488861	5.441621605948757	4.25111862587105	5.515308928656884	5.767873658471337	5.043897448959565	5.551009231400992	5.347895859828573	5.1163695714070965	5.5118388087188475	4.881040274943618	5.104190688142129	5.490993904028817	5.021526410965559
5.569264864544407	5.214524511604357	5.101765305701887	5.560914165248718	5.654238250876992	5.167167319557685	5.2834869896955565	4.9722375524327305	5.661573153927854	5.278511465013046	5.41604345320864	5.58861295754071	5.442202602732586	4.307678283725811	5.58201915527613	5.6146220387516275	4.960818796135454	5.566887676261139	5.4490024565811686	5.0512314401139005	5.464731057212632	4.941156993167133	5.1551710803951805	5.454260367819778	5.08477136587452
5.548967533050287	5.185283132197712	5.1756627488683	5.486744855600507	5.629996888485386	5.06977803505441	5.356277794177479	5.044771652161462	5.6690483844530295	5.2322564520528045	5.382522167096127	5.576101113842777	5.4375353149014165	4.138078881322423	5.2732302228476975	5.699494324936472	4.770691153802194	5.618755632940195	5.5031749628103865	5.1686604933611395	5.511497186570653	5.155965349602151	5.2758751641061234	5.367816694431871	4.740237292267381
5.499018267224718	4.663784814904367	5.201250175644757	5.466574660683627	5.597633236464366	5.055421120490222	5.466055471466625	4.9537012341629065	5.6906558524533155	5.402788867419603	5.034519954072408	5.542537680997125	5.3661650207610485	4.283915062591505	5.223431160007345	5.566077956301501	4.963693494134145	5.617507340935936	5.469606271677065	4.997961291798861	5.39033696357764	5.050980358300213	5.304137155786872	5.177148147561485	4.862502217658061
5.452153985044827	4.211211595573954	5.155503694179308	5.41515547385273	5.558728865281909	4.997310479025398	5.3840623581200315	4.942308134406238	5.644033201255376	5.422204071326527	4.375732951914583	5.452578152247182	5.260061883986428	4.533277170675284	5.181490253850571	5.590924181963151	4.787095435805176	5.570381771923282	5.118614846568689	5.077810696217988	5.282892581859907	5.332351176261958	5.163961969171174	5.433158667709122	4.974487558917812
5.406171218687562	4.117228991146783	5.308644370509078	5.491051014120316	5.522463966486745	4.859730390321622	5.4650695957384325	4.740023229989297	5.612638615905165	5.433217668210183	4.418358347185329	5.481397729819034	5.273011058830956	4.487536692388005	5.0384043711719135	5.703836986475667	4.914486890665603	5.566879670563464	4.985516812013041	5.151172289520068	5.3513162408912445	5.525725537433629	5.186828922805649	5.10608397051321	4.984788801852238
5.491403157153934	4.0021727935792	5.285507777691768	5.455963002209009	5.563623809458767	4.988025850543079	5.492984045402476	4.706598385387645	5.584843308041055	5.454445458194994	4.525082896247192	5.4867177017995	5.251190312075048	4.504074968166801	5.435534117376348	5.757277504583438	5.084717746554402	5.636595637904905	4.848978615338684	5.089975720610708	5.291524758606777	5.503016889761242	5.189466077059079	5.361234355518369	4.690657198068076
5.524719197637843	4.272719677866683	5.292374783842441	5.436852505897928	5.571157072707867	4.876278236117513	5.334252833675332	4.727333348065096	5.54526320294583	5.334612335990959	4.8298949210649145	5.470688958737687	5.168064804393051	4.2369820574107635	5.363451217932531	5.730143182675999	5.119284175813479	5.736705480707861	4.793135851547488	5.336116410646489	5.283935794537447	5.511933902834798	5.03888247980791	5.313735895395453	4.752606805322906
5.486895735557937	4.758300166931572	5.241171973152604	5.425268713725287	5.55694545684643	4.903900430209262	5.351037878419712	4.7639348498452	5.644379237762749	5.402904621535975	5.386417440175423	5.382481586337143	5.145729533254689	4.48052732217111	5.264064478999827	5.618542237950199	5.382929322957189	5.801203146025971	5.094567411124015	5.101295538746414	5.378602929187633	5.433341071440476	4.9017596129362815	5.353051704632122	4.03534423439037
5.421725530175969	4.890703511314077	5.037016602209954	5.142633166762367	5.654959711755348	4.979368995150505	5.129439870691748	5.025933737284078	5.727111164143357	5.363391984751372	5.202928342848083	4.855850676930441	5.064295731596452	4.486447948731365	5.547580661165862	5.6800485165281245	4.775666208047104	5.834859282847522	5.235244310744232	5.112568718923513	5.388279052154835	5.423602255197958	5.098970763174426	5.373421276409842	3.8996592255386697
5.340980703876446	4.894548866927987	5.028588390704908	5.261769532607217	5.682709156930769	4.935722217608093	5.158116924490511	5.190409558015048	5.59070466697141	5.323729140263816	5.2471167341256555	4.840843007025705	4.884194282706961	4.790823215679778	5.283506904072163	5.750584272396498	4.652253965407509	5.824975142269303	5.478133539628256	4.967604160528711	5.420129817595905	5.470892373934086	5.102912351341058	5.318994899868174	4.233402202309587
5.473118425402438	5.098246996907938	5.131044933067518	5.163445992207922	5.639262403943065	4.953659480906818	5.165004011860721	5.192811695918192	5.685235350671887	5.395084161789823	5.035737176274485	4.853308430014035	4.975014490015189	5.176589514085492	5.300769216893231	5.697266442269554	4.3253814884936945	5.679202942080924	5.484569797367636	4.227276149618215	5.297015532455408	5.467454822862021	4.349974935003997	5.498049072528344	4.103605978297744
5.534386772566547	5.300163711282977	4.960917353813896	5.065297037450474	5.606016134206557	5.095264329509324	5.24712534451447	5.025705640925676	5.662237176501799	5.422072778365191	4.948490069498662	5.202050378470641	5.325709448589767	5.049785099612773	5.060552425808699	5.740584937807321	4.26356142111259	5.598870682681084	5.491215888649514	4.455199447367005	5.405629293617686	5.365858520676795	3.128662475678273	5.486522155767578	4.757805868121649
5.643636262635941	5.188391149154013	5.028505107272095	5.231854388525337	5.592177873795558	5.034318235222926	5.38950606783416	4.863294721301804	5.505552288577628	5.442348728997185	4.98754290149318	5.482044291578478	5.372442380209645	5.0411581013464355	5.085596824006574	5.73406340738306	4.572570180307594	5.463938447203031	5.525638930042959	4.317660498229825	5.383721689868715	5.17321430219637	2.7946549991147127	5.426595522709319	4.287446962255911
5.683858366580945	5.072386408743833	4.994802543800452	5.296531066557078	5.659454893972923	5.045993407373378	5.300709503315426	4.524053562465147	5.621692079895489	5.416243296045225	5.093578905558171	5.422120320612996	5.416920507117061	5.098109143163964	5.222199052167989	5.787601508510978	4.564653576234221	5.409610601841535	5.433105044044479	4.470676842767262	5.332892102664362	5.204314468261014	2.998719534463669	5.4094298383375925	3.691568422489163
5.33942593822145	5.059898650671407	4.73650249072655	5.30237034847886	5.605626824047447	5.052336380356342	5.106833106316685	4.701729991291416	5.513053948907628	5.257888101079714	4.710440937049572	5.397128160379231	5.436981383970203	5.090879355105784	5.272899277948614	5.745582513130373	4.276398850040679	5.511612473723243	5.372399987166226	4.740587311311013	5.393859818258567	5.070009078126336	2.3361161052413184	5.577549595948684	3.6108215939120494
4.969691195067391	5.135718815589406	4.874375563917085	5.419669582289366	5.588249107944321	4.97187159847615	5.118186956292597	4.475750377752628	5.538911211563386	5.238925151944709	4.520679843414662	5.430450145839935	5.194906498888471	5.121212259493611	5.364392149985947	5.734449226657899	4.197643963951601	5.574736955914626	5.414837129138469	4.8571014454389365	5.581655398140282	5.328900664539318	2.2760333742962864	5.66256989251148	3.968232338645433
4.927532705086204	5.161539052517518	5.096637967218029	5.488345887891675	5.60056880472181	4.9567259025733215	5.176590029268232	4.6003484183782914	5.528848390731064	5.173719770822796	4.444343181740855	5.375848755581954	5.167735457758596	5.147696049386532	5.511368476178293	5.769442027722002	4.279242345954234	5.660168426112408	5.531153046069035	4.754840596351187	5.571672054932572	5.348993127192846	3.454409387796606	5.553678068017111	4.3105056469998315
4.72658936721337	5.230142365252754	5.381244434543604	5.470538127686827	5.601711777868355	5.115993236685793	5.468404451500318	4.602004349104475	5.376245712011018	5.2020332839251635	4.477942387116057	5.439675551643127	5.163175041277742	5.081362246115938	5.503256393200492	5.738862358381369	4.515107611356647	5.702808674618949	5.465360634857514	4.925750293400753	5.5805477655020805	5.262489674901765	4.37693158408873	5.670447391471736	5.035123727629531
5.063565712575087	5.228881945489168	5.309719716912962	5.489293214946595	5.587452538230737	5.029658408227019	5.4543172721560715	4.6698310587336085	5.395740402009351	4.71340480096931	4.841026001572317	5.464305864593623	5.207927822616561	4.903925915276914	5.44452933119611	5.663842683282479	4.9475519045887815	5.683590232610217	5.547670434701003	5.0609357944472535	5.556158846200576	5.419212095121485	4.042948022630273	5.582086520269364	4.100014996757098
5.5338175941678305	5.25918530292627	5.341188622721611	5.567074820273548	5.634957187678627	5.046838667060168	5.550608242704512	4.850265615697598	5.367966690256347	4.6683906528755	5.469731451238125	5.585938042966467	5.212093772681709	4.3354265935019	5.277313499031302	5.7521823059852215	4.933647249080233	5.7664645690059135	5.503821044701488	5.277918806765884	5.516722520455806	5.449427172177763	4.334423957716866	5.518375774981981	4.159404700604042
5.461651117912146	5.141850339590006	5.218564780671544	5.416957239601421	5.652575761429896	4.992743709360772	5.446064071904152	4.680315085745205	5.438445495320519	4.07900827978454	5.119392127383796	5.577991524604824	5.265925138091239	4.252549932193586	5.164350322781829	5.773447895530928	4.879025681136652	5.705702809528369	5.468597880917244	5.075682790320486	5.531547172003814	5.19838853285703	5.144273370985544	5.600488208352711	4.438540008380584
5.508105645464065	5.075286713526306	5.211712504278337	5.501709469751055	5.726696636779064	4.958875554417228	5.417143072834068	4.782258582067584	5.521002603818056	3.8193492036246477	5.218063845739649	5.549142455180447	5.251938471357904	3.9399111348787326	5.072555830259757	5.704641090187919	4.8958969628272495	5.668818139372274	5.45858829879992	5.135067066452573	5.497579849335995	4.867733604571444	5.339202298642919	5.612582225575346	4.43918640012275
5.538021243317973	5.147579177826211	5.2324087546531	5.536164758374846	5.704437435152737	5.0243178165534745	5.430009134560023	4.819147252050579	5.519709085688338	3.5255998807462507	5.152716155370831	5.491064069032315	5.1590005594663	4.2958049924689	5.152674911802652	5.662593592768826	4.7352962543666	5.717477196514084	5.196860496819305	4.810250973991297	5.396492317045021	4.87033687354736	5.304973160854236	5.666453842130523	5.408482807720624
5.504419399886809	4.675671278212352	5.1908969136104215	5.534912861015534	5.653567034279015	5.114199857717026	5.310012091898066	4.8558536078855425	5.476459301385571	3.5969503986761096	5.462039884667404	5.4809093129092386	5.1408863769525945	4.335000323079185	5.2771880319254745	5.67345199099243	4.574443716165643	5.619886549271108	5.091733130450672	4.672419385893617	5.375219965821246	4.830430262829769	4.868758186958694	5.689805998590283	5.3901869766659285
5.509709711590037	4.38082891397367	5.216956699731046	5.437389343083678	5.621424926595399	5.070233668254684	5.131688685616374	4.879346257994361	5.474699952656282	3.927858850775128	5.379569663217465	5.483184420437012	5.124095680305897	4.693358347725641	5.349843903568259	5.70055618412238	4.692640487595017	5.741682138327381	5.2135809645212525	4.85635230160367	5.304005722707961	4.746244498145495	4.793430156244467	5.572591780977776	5.393883655492412
5.451729269598538	4.383835602877453	5.08532507807575	5.381185403237394	5.508160484471055	5.138402850729535	5.243158173924886	4.830897114213653	5.48847102044011	4.04290310172021	5.280839846509861	5.419838051437261	5.177242442680993	4.801298703354468	5.3885541991740284	5.769925003686615	5.0239543025218	5.7292570846508	5.125738076884101	4.830626839431048	5.407152541018241	5.16066097111342	4.810459931640396	5.540768204154625	5.071817721895004
5.528267942224149	4.342715107602772	5.251316822254485	5.44521386876459	5.63341113200853	5.228227887132062	5.170240806285129	4.817852097593295	5.6164189890102545	4.216010314686157	5.129571151593999	5.326207763546571	5.2054409397328385	4.924130665903925	5.517827073516749	5.7377153649320265	4.630872087029591	5.685188325325696	5.202108946269321	4.934301288470033	5.309396408972718	5.068268628129079	4.897071172259234	5.54065886110073	4.074497393457595
5.543019199780194	4.530609904282852	5.225998091543222	5.400645471515733	5.5708361597697404	5.078894172988439	5.303621169421559	4.804234756698036	5.5777310136851534	4.751711781194414	4.626943428651444	4.452863648694634	5.09316969092527	4.768943515779404	5.50042207001923	5.67714387845232	4.864826772628123	5.688850178530996	5.30678783945847	5.044775402079189	5.4181452081120955	5.301711946689449	5.108915933706578	5.475855103630063	3.7896113004416927
5.595885652633186	4.317640139819142	5.335835535716543	5.358001796229703	5.573431718265554	5.043214030955375	5.355498477202999	4.852063875881155	5.63697164096369	4.6650082009143645	4.4016668317571215	4.411360190648111	5.159997608697155	4.481693069338114	5.345581760728276	5.661004320173015	4.859146386712843	5.667752447173569	5.357661167498685	4.951746133358189	5.516898018177535	5.4578960872187485	5.209279456723837	5.477929914168818	3.5061461336996294
5.667474767434408	4.076851010065005	5.5671623916717445	5.464375568191063	5.6069577478448585	5.1601802037406195	5.539057686824733	5.0220408371147105	5.534264984665787	4.019901686281995	4.257705882855624	4.807905380336967	5.0964309116671105	4.509950290267132	5.403058189865188	5.737705634641224	5.071590886792537	5.6645016878466565	5.508186809184257	5.154862179861613	5.520853273623133	5.399118337470895	5.300281745714185	5.354718295724394	3.4135603984130594
5.531479406370711	3.8155233169433407	5.399643405283021	5.434038589092772	5.672099622347515	5.164036446149124	5.4154894967007445	4.917672915038081	5.57909605193548	4.394121048328515	4.278287649771434	3.8612100948785475	4.878794953196806	4.935340652570581	5.341337010770622	5.735626882385587	4.949298504011291	5.719063393209218	5.423726687303264	5.2833102528413685	5.524436730392271	5.487642343159595	5.377942380596968	5.290143323844902	3.479256430517571
5.383240912685401	3.8646568268987447	5.421048840383869	5.414693211062955	5.662575293269462	5.084167890420653	5.265117101164844	4.609295966178077	5.543578830568324	4.222551937088207	5.368511330270427	3.6224129437660517	5.146331268064188	4.982314856615141	5.300669604495637	5.743120931127021	4.502483912935397	5.729890662165266	5.391813633345509	5.204761896581379	5.548494945106296	5.473210617054133	5.25534465103998	5.171156607712442	3.6965050862174165
5.357899570455001	4.262639204858137	5.41512752836439	5.465746595070731	5.639273881609592	5.069060965788714	5.317239132355226	4.514750225955808	5.515560151448138	4.504065769468873	5.4788460301365545	4.2090306302468194	5.232016998146384	4.907877495452853	5.258885313586163	5.7420645642558386	4.645657702610749	5.641845089345476	5.360744526970457	5.201959054013901	5.473184337920219	5.124856729146955	5.2896594486479405	5.350785551775898	3.7841022517821563
5.300846664432349	4.546215614932977	5.217902562767855	5.466056817442188	5.677418267122832	4.922200312205032	5.224954005607327	4.249697625221789	5.588401217524453	4.702359087245134	5.497952693088011	4.784573006558452	5.21269646740309	4.770828954174027	5.299862060295616	5.803718679299239	4.8450054301016845	5.732581073327367	5.565342778787593	5.1536471321206445	5.446386047296326	5.138545342188173	5.2108475674023875	5.519442832700615	5.222759798386996
5.348851802105585	5.1490229736915225	5.109116487755414	5.541866227478006	5.678348656881107	4.989352978349762	5.067716091818769	4.373386405257501	5.639635994009489	5.133927176015932	5.137775196436487	5.3815976265157985	5.064802019721006	4.684281770946538	5.300065520864264	5.6850508516711615	4.825795519979385	5.652982740515883	5.530522732913424	5.089568899216348	5.462347683231451	5.340311995983479	4.887201382733944	5.429043996534179	5.105154725221008
5.433581304111632	5.040969069976546	5.153862773607644	5.566458495808282	5.59966966001989	5.112444230861711	4.954436829231328	4.65037378856953	5.649147426818571	5.281761227372645	4.414552495479755	5.512600046702063	5.082210045216238	4.823709844755685	5.481942764139847	5.6005585558029525	5.085952668301111	5.6634658328232055	5.610485430769314	5.145853836333945	5.489141158841796	5.278336848117288	4.748175102350439	5.31117692594626	4.7730206081411275
5.481860787368359	5.0856283459496	5.138317117082028	5.5380825064720005	5.62050056822982	5.004512346667232	4.947969485061612	4.690090390681724	5.515457431968346	5.225891510996657	4.518912614431094	5.546411981933504	5.173531725793602	4.736070428926302	5.373151486140019	5.703729603235657	5.225127053835544	5.700022209301835	5.454987699372418	5.088960507606548	5.347643767118935	5.272831667670775	4.591302999874114	5.146930154045923	4.435025222478327
5.562785763227391	5.105372401826544	5.17377625811478	5.493777665808881	5.527473222931372	5.1160315144407935	4.819906370335476	4.988912503832306	5.557559053377606	5.222751603705809	4.663083922459559	5.513078237637503	5.2038334298454085	4.42641540568556	5.303195527898019	5.565507821687606	5.016734746226646	5.6175194195581115	5.356833735488002	4.873059924170827	5.228701332580431	5.201052591864572	4.589554703101821	5.121493313168688	4.333388260312872
5.629467801752501	5.059917183100927	5.178839561385387	5.394020210288857	5.518312479697199	5.0563398701058615	4.736345887788795	5.099405995574399	5.689411374601472	5.067492730070555	4.57590586187088	5.418508457181353	5.264250915643038	4.657972965283265	5.406257112234827	5.709795402738795	5.043658330698671	5.579337760665702	5.187895523813354	4.618381918691877	5.2658487470854	4.989634451215878	4.891268633194185	5.181996436766092	4.0876772351293384
5.597329290399552	5.107740686635659	5.175200593948771	5.447549984226633	5.538967255579333	4.973117151652617	5.065591827812739	5.0902856318545675	5.660966043663778	5.261386278041705	4.1723993486437605	5.348998484871445	5.23561842752121	4.578873381902869	5.425488044522707	5.764742822740682	5.192946946716298	5.5137438156850305	5.3051747792916855	4.444527757891713	5.288172353589718	5.114973832423262	3.9884764139685287	5.25517618586263	4.2707643596057965
5.4999616537941005	5.052566770894465	5.260769682959361	5.54849475230776	5.530975304649194	5.012762138825336	5.145954053726547	5.057215243746285	5.6477072681552425	5.1552031599462165	4.14103476567712	5.463352593122228	4.932324463926769	4.504276330931906	5.465499545948792	5.712732933277889	5.073521600397256	5.533135531353037	5.322961357624637	4.5460771564593045	5.354608710381975	5.193272356108831	3.0153374027595987	5.2140264057023495	4.537576744835101
5.467794674402733	5.290713945654267	5.187395290374978	5.521311578800907	5.549417663410859	5.073008719513315	5.162767540160487	4.9466419156453165	5.655972974518381	5.212706733934756	4.568196802197467	5.508266158581649	4.599761619690274	4.506445500493391	5.6047732814126565	5.696574378868109	4.875771857944941	5.472660783606932	5.266355925630437	4.749931842222312	5.45043056179224	5.263476146059108	2.8596537368213073	5.362159032990163	4.742158026258005
5.528082038512062	4.857022288251342	5.27102566509239	5.540322519646088	5.613128623287317	5.022231782968095	5.468976404392458	4.949017707469112	5.573982275372354	5.449521128233611	5.384584767913923	5.552533876544661	4.572603634449649	4.57484509648814	5.591740598408351	5.700882881136323	5.181201810994428	5.502863073013663	5.608410389870408	4.753525017241562	5.290348676954964	5.455987134312787	2.4494999657661176	5.229710279031513	5.06942212223956
5.629469842409945	4.772068517424658	5.359416407796744	5.456772598386458	5.669599291128481	5.025519385702384	5.506766129557643	4.687840501277491	5.562888629428462	5.22332296948412	5.197999085661919	5.60923189774374	4.4955042088797885	4.648346539310772	5.507853572487641	5.78953536846469	5.049115948122488	5.546063098771549	5.287250750613177	5.069144931639444	5.189660130656564	5.415093422361875	2.6352480892523893	4.923354924793962	5.164421049663208
5.622210067928057	4.523826679091765	5.497402424635504	5.404072750715777	5.626305625819632	5.0570017871158415	5.546736319418736	4.618974916822086	5.5440715768913496	4.489407466232314	4.782992135487866	5.4955586224107735	4.693749030040692	4.634668932009787	5.517269933647269	5.722836194264676	4.976565540734849	5.509402026348888	5.2099275094699475	5.240633066117284	5.069121672476999	5.213755400794464	2.754404710625577	4.524475129261597	5.053851227013042
5.53666932074504	4.4759548120632955	5.386411271524261	5.404378040842299	5.602615787894961	5.047793952569544	5.406266508640413	4.6223205894880595	5.543553116817359	4.240973055052546	5.055662800246266	5.435770841173968	4.490441041032738	4.6267138061185715	5.369311219533913	5.7194320559508505	5.27119771343572	5.647353821184366	5.301529837782585	5.395833378823567	4.988079897093616	5.139385511912496	3.3980431126105226	4.7911842501005095	5.151200626256198
5.66075696513838	4.897175577797778	5.122871509471534	5.453637901699194	5.630630550536818	5.136853739327973	5.383927379778685	4.574109777858793	5.540230258994035	4.138332233751982	5.251358575735923	5.344812911624971	4.530502585163476	4.653922287814785	5.095637230569482	5.680672998923953	5.303861467941847	5.749192002406258	5.0885375806238695	5.3058399746010885	4.879610880040242	5.143924210445099	3.631544921172633	5.043728820110904	4.115101746139137
5.455326073399278	4.973819713202934	5.195524167926921	5.46718923523529	5.517813702854967	5.040866654716934	5.473428793915154	4.747437105677424	5.441045602737748	3.632061481024346	5.350709715136684	5.47414553540651	4.503796924407346	4.5896833019504335	5.048948593075366	5.659349560265749	5.159171313321195	5.808763615101131	4.98962218691649	5.21239783309577	4.924993281155363	5.181887280287613	4.2540744512040245	5.41909684674219	4.048731456089372
5.44217885117469	5.111197028305647	4.974436648409556	5.455890410012548	5.645926911993588	4.9752223354506855	5.402408351633643	4.789411682414923	5.525887960416952	4.169423921180173	5.444824196460395	5.551609037070685	4.430297893697868	4.618428096641625	5.112620536640274	5.6944014106655345	5.022536693739565	5.761679324150855	4.839216597414686	5.247029501312265	4.930555765134479	5.205271630768307	3.6654167531320088	5.399743399195802	3.9749865511275537
5.4434925334087945	5.114592508810359	4.884310198239853	5.492151334341681	5.570879071154225	4.8398941780062215	5.256754125769584	4.7840836793564225	5.469809367015089	4.588667599507357	5.5021557695791845	5.565175328123404	4.9420708258049695	4.989345890861552	5.29068762912312	5.6464612265121925	4.980848272533202	5.756013831627855	4.810140804260763	5.091661888731352	5.148102448901627	5.386478862700651	4.3177355371447215	5.315668193157473	3.865564665803494
5.330709198281815	5.084898763432451	4.882125405415882	5.435945793524103	5.592607346717114	4.9681489829788585	5.283781548278485	4.861311836801072	5.304426138016323	4.154573335159631	5.50522976794006	5.458147004025553	4.77390179408863	5.2045431404146685	5.388062810140062	5.579543093237691	4.95609422812171	5.652648364245539	5.253973580985911	5.19369944109251	5.282336765070894	5.34733537657255	4.8176054679123546	5.411113201752878	4.9873275414103535
5.427712917931032	5.0153547074884	4.947200698262752	5.296632127176377	5.635920536114429	4.9933314256991155	5.305608195220858	5.005128694899666	5.478674552367155	4.413359771508699	5.277589492660415	5.339802892276885	5.108406145174011	5.296057593006638	5.352628330422441	5.559168901340746	4.843845143436833	5.586977542503451	5.237872338863083	5.307282679759281	5.289371765769911	5.307852980753007	5.040988805758301	5.355211370389419	5.177843664889559
5.467087532346391	5.155162386119041	4.994062926080307	5.298404475675035	5.678933724472338	5.0075738418170195	5.296932827888613	4.909496449661214	5.642758469009393	4.310525537510299	5.203287038613205	5.312738294699623	5.131831881005367	5.105494896181009	5.360640395526428	5.567611751078215	4.889175432768369	5.624386656739954	5.272318469057436	5.2023294907605075	5.442172022686206	5.376796111813635	5.28167312330986	5.61808188610983	5.2503694943026735
5.482155518717965	5.250006951795674	5.072102247180772	5.371418116618301	5.58270810154196	5.1125796280970315	5.355115109547962	4.86694178799089	5.575948983252106	4.070905882925627	5.20969527630563	5.318772859829137	5.108200193351235	4.771898739611502	5.338196137087988	5.6973677039290225	5.078170524841215	5.565271718901354	5.253457243149497	5.0951724187971	5.3842560875639975	5.387377656173993	5.029828836791798	5.4917309814106385	5.250964362714793
5.386115639059449	5.398636163752096	5.147439985324231	5.360765623203559	5.583573075060291	4.9611975734941565	5.495616952407605	4.989298650563295	5.678586673996748	3.920537664057036	5.250756545532928	5.417512754361875	5.24673585898478	4.528080682838882	5.314087119158528	5.72575784225484	5.166827685880133	5.664825619063397	5.317015217481791	5.070298732072989	5.419883622305783	5.426071120317469	4.965161430093806	5.491683235075185	4.233589689781205
5.174956631717469	5.318405792064226	5.136554489965704	5.38070889919999	5.544042518670925	5.038337721943106	5.537479327328362	4.5999550399379645	5.622911580063108	4.385473122427769	4.7534798428771285	5.5418946755462235	5.1198011811094375	4.536940522112596	5.348499744461932	5.623656807296248	5.237296598151252	5.682311980667642	5.287457815266851	4.975135790512431	5.552904794466308	5.274070769940046	5.213020608083801	5.50351074877016	4.0814455785164006
5.241304220979359	4.932772465295021	5.246231880016658	5.375866100649111	5.550238439512348	5.142049870039435	5.628683494622997	4.773872725975773	5.614651287327924	4.598657525642488	4.671546912770289	5.453907368280206	5.162803303052082	4.569000977252325	5.23781050142293	5.567543189649535	5.1822432932675	5.701822270334276	5.161389508976183	5.051671405571882	5.443369494334142	5.283107859361073	4.9541056414116085	5.375678320154533	4.016143666328779
5.490209850941295	4.840660604800206	5.232682594033236	5.44587266702891	5.574195074658945	5.140225301942595	5.637352322487539	4.829436842151426	5.5658077002957596	5.103879357131464	4.5646231133779525	5.436514918728433	5.035833867560612	4.601814646570521	5.178040350831575	5.530179143189736	5.096982781505711	5.823824202027841	5.222658997982717	5.011526427694738	5.476059196743164	5.255498445350009	4.6779463334407545	5.278366727933616	4.181352835093475
5.421049461662234	5.025860298243374	5.211576697712105	5.546843293430002	5.676364085364056	5.115776499811661	5.564171754324313	4.529578862839963	5.529314240797126	4.827232273689022	4.7379088967887615	5.407459923368466	4.925380478768509	4.2153718721632005	5.0715466576261115	5.650806776689774	4.972728108693345	5.782229195721859	5.279708198766844	5.002198055918001	5.49945921249295	5.359207609116308	4.75387799843912	5.193745940172194	5.079195206026595
5.631838403828943	4.979608159507699	5.340408923264437	5.405013755768325	5.671912342432769	5.098259313185838	5.437288952868476	4.799910264298477	5.5288010840083395	5.174174896351848	4.797015617098426	5.359928351579678	4.656654178810646	4.4974539407034255	4.932083631805764	5.679877166767273	5.108406953421541	5.73754723936947	5.363610426641804	5.186559101375158	5.467144051265742	5.594538083766539	5.577993945451054	5.146218773990398	3.7374160202578866
5.582430873770596	5.38917211737597	5.191944776365162	5.3752287405094545	5.660109766344041	5.078726087961052	5.2923846693831	4.73771779404192	5.416909279935832	4.942209469236704	5.054581600214972	5.447052596927437	4.543311216208654	4.406465150521587	4.9945075947859	5.569708175858896	5.114191087183076	5.737990006162234	5.445698204597082	5.306561736276366	5.491067120097417	5.615690183315964	5.462341325889534	5.284700630416424	3.557947593438457
5.6074316584583785	5.4173064631506795	5.2018655885412795	5.444570264921367	5.709043594853467	5.122624546319541	5.26313519613834	4.720083798296704	5.417682969788374	4.7481185955799345	5.113277042424279	5.372368988042109	4.571782824174959	4.752561794009941	5.121932984106922	5.568458450326019	4.987169566898658	5.755984100467169	5.35762092067265	5.357636528148116	5.532100494888273	5.507868423030346	5.432245653430268	5.359772326405785	3.5222318821743306
5.697001626980009	5.193513843596289	5.214830551322531	5.464696819375123	5.623109986949944	5.019398642499738	5.384138708901474	4.800842058392549	5.443549037922631	4.523440290750484	5.184663376483582	5.353953946156181	4.608994037293173	4.606984053151828	5.153152335159883	5.610316898270561	4.9359054301009015	5.61051383106812	5.2975464590132795	5.234020287197386	5.5711996924486895	5.1487223656880525	5.360154886976304	5.317539963625998	3.501317134986716
5.770719936092794	4.729964517998598	4.97095160050388	5.5402758617781345	5.552458918328198	4.9311932054307865	5.330228603057864	4.946734619070928	5.447395683406305	4.243240984304596	5.287487070141633	5.359358411384396	5.169170555082933	4.630411396205936	5.329912001516371	5.6564943868228985	4.966169835354265	5.500730693093709	5.335367266194755	5.21778966140814	5.659132586657318	4.937063590557371	5.400908688342729	5.534840014538287	4.716166336336537
5.6454160796412	4.812177529659598	4.8738274282845	5.439629413793762	5.405397608891743	5.013688185143758	5.081224899168727	5.01840448597155	5.502080620088478	4.262269050404785	5.14657183816735	5.186252030730366	5.087581393266176	4.638922356739608	5.224553770958327	5.706366126432945	5.037435552580017	5.452868856950158	5.4218253634143805	5.140239114492889	5.576968087549855	4.89808995439451	5.4365523630855455	5.446669899137405	5.090776676226725
5.620230275446926	4.964333143776939	4.916469111798277	5.341797284501292	5.358746559366761	4.961205731697092	4.785815276000821	5.196327744969292	5.5453444650311345	4.405359194027679	5.134193805428409	5.111555566557633	4.919657431042949	4.652471995342825	5.150413404167604	5.717980703461402	4.976629209176474	5.384687639132426	5.496424273918963	5.200379877015991	5.523882583067662	4.961252220277165	5.420382444580772	5.511097780161173	4.596010296893656
5.585855263914652	5.029918288550235	4.928073913717586	5.413065846164423	5.442326237831332	5.088749558241599	4.674918694995322	5.030923867708969	5.484965906178455	4.656152011787645	4.876061966956485	5.018875113299341	5.016182569756341	4.865790018556266	5.1731910511890895	5.82359990493108	5.221826218790893	5.610493274595226	5.450224025392788	5.334542444276403	5.442732851680713	5.260846317611826	5.349963139167275	5.5383852466146894	4.6083383803309275
5.579311943181852	5.453733188950498	5.121060489093802	5.485926763978119	5.481390770377018	5.136048745580599	4.62188078656057	4.858858077021805	5.5336926547647085	4.56483516047372	4.80081122577782	5.106559553293681	5.104629045952315	4.827679454951176	4.998807041268942	5.759193182968822	5.233862386258894	5.624171865119674	5.5525482497187815	5.250555264762467	5.495301052889661	5.192920225097547	5.060134395162543	5.420017283277303	4.5452749751950785
5.574673641040414	5.492528164307821	5.134492565231713	5.506360498488246	5.47697951065108	5.127676185988579	4.749608845861024	4.7866201200059395	5.518511006138042	4.543425868632478	4.911028444021877	5.441644332623094	5.2042816851193505	4.857257967865925	5.20828121571406	5.7965853175938715	4.845035122059816	5.620178405205356	5.488023971040036	5.308822365822172	5.561488267280161	5.4268587652465685	4.452441131653833	5.587925694310155	4.037822899313551
5.570697475747617	5.465212771616002	5.200605593437501	5.478274281040788	5.506464060412015	5.092800572080457	4.996599869383826	4.647864290234213	5.474208701811216	4.559218707979225	5.310455068115436	5.548660284698521	5.229401730987778	4.721798956128608	5.3733654485055125	5.753290825018553	4.68798449485191	5.597194084541264	5.652651789968756	5.380950022580879	5.5421929200821864	5.389030889807812	4.547045908731905	5.603196041785869	4.20658456363527
5.4267108976842495	5.266836570174711	5.318264752265935	5.505626358756373	5.423449697503288	5.077328370503153	5.198533797003193	4.746094465432189	5.56984700964527	4.5929031347825635	5.440171315263089	5.572618756103968	5.182519004069307	4.697108760019612	5.467404393336053	5.685433650174161	4.407417203125742	5.5561663125049545	5.659222168822223	5.317454480377304	5.544016929619202	5.385647313896883	4.160950246684294	5.5328252059285195	5.0159712467254876
5.543802234015197	5.372088983123779	5.306475076106501	5.479221824075316	5.39893980680162	4.9999453441885136	5.226333340785745	4.6724232222827915	5.5308504772992055	5.2077840156708985	5.435712656274456	5.479045742406218	4.957774732589225	4.731471200335761	5.440799928015003	5.627094490242216	4.492195934853837	5.60699821157009	5.583857033021257	5.288388554032853	5.519782834678697	5.431743676825441	4.1731503410872826	5.404302704561599	4.067231611255619
5.5323660354164215	5.360432336527553	5.274663287055878	5.4649627185445535	5.447494072231395	5.149896838623808	5.231593067680686	4.746405000578796	5.5678565259035935	5.177318425125433	5.418576394511819	5.209112342270737	4.761545608596127	4.8280981393740525	5.502365693355414	5.600122717681341	4.597079076399491	5.68815955612153	5.586103572698078	5.109191486555318	5.479174845135402	5.336731047725944	4.483648438995805	5.439451799332628	4.0545918905238185
5.567868175933901	5.210260676102549	5.082649785118167	5.531087436833298	5.37581226225843	5.05933535142872	5.390776785545095	4.79742817265885	5.447347323940394	5.186692462310483	5.223116685265126	5.009478552454685	4.630953062959624	4.79428177907553	5.387030589628243	5.542702122955276	4.646782700495144	5.67409344802005	5.5124797056461095	4.876900844361915	5.383542015748482	5.252605064060199	4.827165554328958	5.476740687730857	3.9738332437520323
5.47171542027242	5.448208835010474	4.93233241337854	5.6040386236480755	5.4940675500286416	4.965690275518184	5.39989787493198	4.921584771353664	5.555055063915451	4.300179720715113	5.188334522366727	5.188592260172582	4.684618088938944	4.679749874477116	5.260442576079491	5.620514376187313	4.7302359919343875	5.616350389213737	5.470415353782843	5.018058368984337	5.415709617872377	5.258365884758087	4.997964174242665	5.443100606305074	3.8785119537030166
5.298277143247036	5.266794268591763	4.95623846008256	5.585603235459134	5.430177274916915	4.991485148467531	5.480429085035115	4.985303087533758	5.5696161276516545	4.174181037166276	4.994370101531555	5.391055314315654	4.879460659095539	4.592784481021397	5.251365795911854	5.710859149130986	4.6974587392556835	5.549755674486793	5.474534607306004	5.222417515155805	5.455505963502157	5.092705385786361	4.660450888755308	5.098415839585813	5.068990868197905
5.303288904872125	5.2050959687471945	5.076459928825603	5.557559237852893	5.421752416159682	5.063301625569009	5.460703429377714	5.18114553948929	5.629315118286408	3.7565231791660114	4.774304268565912	5.4612175813365935	4.943711289383241	4.663765647220362	5.212367586509776	5.689687509051594	4.968160835147335	5.489010436970642	5.390776202022591	5.216683252053903	5.3497480101036725	5.196985585637862	4.705282290732338	4.942044922920768	5.340061016761637
5.328989941269632	4.911705080265425	5.2841218126284035	5.51011881687309	5.409228737203847	5.01212047712019	5.307336697635938	5.161318052375377	5.676517924473617	3.9383333289308715	4.941918561622145	5.47317254530144	5.0399853964221295	4.783634428000505	5.238086934937598	5.72246368244852	4.945914838389029	5.5026627318580115	5.295110810032303	5.351093075596075	5.340127804517398	5.300991477128809	4.8599452601260165	5.259685952446064	5.411885556300957
5.418833948772158	4.293489532290707	5.339426701773766	5.354547392497825	5.410754261785226	5.225421477390243	5.394138289793122	5.207797766788812	5.516742516839148	4.8036833961969325	4.300419838983002	5.421108530968357	5.018278443263011	4.847956213685515	5.300994438675555	5.714236036485873	4.907204223730786	5.58783341129958	5.3638696638536	5.3452934897692765	5.332893485326146	5.215777281246283	5.223473753053677	5.227988088179515	5.489993382498926
5.58412415607069	4.483238737938991	5.421693957671102	5.290898169795568	5.399311331678411	5.109671895419652	5.4574232172914074	5.146698238584235	5.667271964120179	5.1575914759335415	4.264168463459498	5.550030974098435	5.0841682185525245	4.888944856638538	5.381283487003983	5.6087762932405045	5.170520609525017	5.711057623690275	5.372144926248923	5.235583292089598	5.298584730371475	5.151218682682821	5.343209786484699	5.459863790954561	4.320533987834781
5.578825327652233	4.451013830332035	5.258951505562178	5.247723391416373	5.418791530642209	5.1778703845651535	5.478670602360015	5.034338887166764	5.588328331590253	5.533790949457252	4.87959639110289	5.568155623883201	5.173326604014728	4.9071458891692075	5.379442928345424	5.665626777354815	5.25522529375042	5.613341112973462	5.3979023042417555	5.499055667063501	5.339388965146635	5.191638961861377	5.5361184146087705	5.583389295077444	3.9061053697499624
5.656786574668598	4.8682325464346965	5.333225123395268	5.373535844903654	5.406603135469603	5.133096729331506	5.531919961166351	5.098106852823822	5.534806834693988	5.489842758112565	4.896691880237774	5.435486335462944	5.170439726945959	4.887926781208517	5.409192274070411	5.720641475094089	5.32431838435954	5.7342916165075115	5.47119849957426	5.564928435524765	5.485658291241033	5.191284113444918	5.442252915264875	5.6282275872835825	3.7105906683461414
5.601959964685146	5.227068600412155	5.315914838431592	5.49208459531788	5.339238322669528	5.0944246549602745	5.539457266671673	5.134353468730183	5.560245149440257	5.504797504499823	4.926375611742708	5.393199267701637	5.186769610263736	4.868323667001708	5.592008102997706	5.636966980269753	5.364433666238334	5.767208861832391	5.427072720603558	5.396582111177981	5.509777508096307	5.226913650457299	5.430240348513815	5.631364739450541	3.298454284010327
5.491157367248671	5.37472374660924	5.151953244181817	5.4270725346982625	5.365587618853651	5.145863509363858	5.519404460101741	5.1959964838115615	5.64530026420732	5.467480800723729	5.34793854187979	5.383030698799093	5.120536591530653	4.731263708849106	5.525080267374682	5.698149318371266	5.092639716703736	5.632689600441585	5.189870887241774	5.480319660638515	5.458788090848654	5.180506318533982	5.296381892451866	5.5469062112550835	3.949728793569129
