5.048437120892839	4.57231324544786	4.900332770244025	4.222155439019512	5.562276944868122	4.731585786051451	5.4247925269867165	4.514448076560937	5.04692491462489	4.458943641062942	4.067165010830156	5.486293593434303	4.80213282863953	4.817373877329454	5.27758673158192	5.597012975473932	5.30222840767917	5.778680457891654	5.134266152265619	5.20607949895588	5.62305893594838	4.984108138688447	5.53410736027057	4.704632645798444	4.822241547176754
5.36110076367982	4.7479593039142385	4.985618119049666	4.1194509244345765	5.483873018392506	4.87474522237332	5.501482618177197	4.342963017280384	5.354764530705844	4.168499372846663	3.9019835211152287	5.5910757316745565	4.8245292894691945	4.867790236281322	5.136719621982155	5.664382779951871	5.522193417921659	5.802855730342688	5.058804931512636	5.082444729493011	5.704691900196202	5.2256443087952	5.599842277833741	4.893890974730317	4.732972346757692
5.233519166070486	4.803846799794992	5.033648005984608	4.0091625520370835	5.376451963796553	5.0109839282450315	5.385873663749458	4.051463021221059	5.42413194433669	4.1364285200997895	3.6310366640777225	5.545414304743433	4.8031982348259445	4.79821813538119	5.134768340194455	5.5511697254373304	4.769634288887695	5.772337848321557	5.043815087754794	4.8742563007339035	5.618750753801489	5.229673180835407	5.5415987787584955	4.812803827143236	4.233226600070381
5.11882036605903	4.86844062658879	4.929420323804326	4.507684011197287	5.354542958758517	5.168816986975332	5.258427516243355	4.409091944359824	5.403548071511672	3.9814721821254895	3.5062138443835176	5.4477901188335105	4.950032304413135	4.914652616452835	4.999288358738611	5.494148447143541	4.389279970027344	5.599924656481019	5.359417835128316	4.912467482199506	5.556254730872644	5.106147146952141	5.434896163973598	4.868750537744981	4.148556659728424
5.072015375505194	5.095393007192566	4.686616027775457	4.49689418527916	5.4660432576731806	5.05676320414229	5.1386839132582836	4.768121042832661	5.473115557943516	3.945360248111898	4.352350095014911	5.414313616077129	4.902626921820716	4.901719425224182	4.911359032083119	5.446698714203238	4.023084117314653	5.5810041932322925	5.053073275860058	4.863687669956225	5.543560144862885	5.164959474893679	5.623870257250992	4.799866956307307	4.299831474877238
5.086646206190437	5.062202181929727	4.825783262641312	4.666701632587135	5.4317444446676095	5.048420194394456	4.925331643989082	4.922689602382712	5.530187488581745	3.9201207149421373	4.315171719760452	5.44314470204588	4.99687190344559	4.794733944309186	4.9530719772505565	5.455653028454755	3.9778483538586666	5.512597113574036	5.11531589235843	5.017713825384572	5.5749797828367695	5.042400012009135	5.648195033665954	4.835526907400318	4.472359278364948
5.060523998620232	5.100941603599353	4.883220495895116	4.6281460984714275	5.360949734244161	4.905047160856666	5.183328802491744	4.730682322330748	5.438848253979403	3.5364554943298536	3.3718687734926838	5.509579149087663	5.0118240224483195	4.905607426574174	5.000016448385019	5.398709132172907	4.955258763357899	5.532696484220334	5.023333591883265	5.291779696509738	5.598481260296299	5.254494979131683	5.762884265305216	4.759722995868583	4.991810243219732
4.879246537920012	5.07704468148086	4.93401815925396	4.626161709341241	5.405207224701313	4.824470503286196	5.0398495090746955	4.593950924321873	5.344397427667388	3.376455868040222	3.020309356304901	5.6279314361121875	4.957083988827013	4.878238480063716	4.799648701557934	5.508904133529806	5.08512295168051	5.724481329705237	5.16428737342976	5.3042063957219145	5.630141629887316	5.349536786854734	5.784090583337732	4.799340955340768	4.567793447714327
4.9584999703076305	5.020665763312431	5.027717717505182	4.75501131399474	5.366283801361617	4.852618182961736	4.6939986854298414	4.343185555164129	5.172243265001616	3.5002808657990694	2.961392450309723	5.632498854784539	4.954996472121917	4.718253663275002	4.9558392532867055	5.592047002914206	5.146686556727884	5.803314619683434	5.258568577100466	5.5191626478653415	5.658443149733114	5.319874672906903	5.804460073791777	4.967595803278217	4.605342399264945
5.15629216041588	4.859647159967845	5.13044990661949	4.499454641296719	5.580401348725074	4.772831992117014	4.521125799876211	4.295850568881297	5.132106236088492	3.43535986673278	2.7588482127833984	5.710330329894185	4.975160462415528	4.676497360812614	4.873582834310813	5.654422814142552	5.133146138851043	5.58883332124417	5.151586561846231	5.644962040913448	5.640726318488447	5.370499159749643	5.6617307755206	5.005416252588669	4.351369343204277
5.037281570130981	4.816383424832652	5.063971083068072	4.297554079241248	5.568751773526388	4.84291267992438	4.469825367838046	4.3816494183262	5.167088948138402	3.759608848329498	2.937489538778433	5.489224193637237	4.998788655992219	4.6595849055234195	4.9338128059028445	5.622562171824473	5.222127837412544	5.596913720298314	4.994909484698558	5.575682353930187	5.665495634596903	5.2583989410997045	5.618802619592526	5.104017162064121	4.160583079436676
5.264946508196234	4.736867556175751	5.051689078276031	4.298217829463981	5.576446601976575	4.836096500251973	4.417536062095769	4.464469628712314	5.354892242708982	4.178060521871226	2.8815989200047714	5.414253841137964	5.006702496237104	4.669445757687771	5.09182174493749	5.479251011115636	5.17684069664251	5.579644122482019	4.9888014935120815	5.620858551675821	5.60331831233973	5.245465029859003	5.500374844472118	5.1363616073124065	3.8645124029482445
5.119390703516078	4.75748523611342	5.010722911141204	4.034992459301245	5.288015381829509	5.022929834903821	4.744265818415952	4.569374043879911	5.405372059391571	3.9008972994637476	2.8978750031356553	5.45086776835621	4.989319380742163	4.785972298183924	5.068348765437064	5.3470950635407055	5.177298063602632	5.504458214679232	4.9733673885764125	5.368181239683513	5.492601649707876	5.149279644058458	5.635726581202184	5.000273772308963	3.6095599898821487
5.017489978468246	4.835296216294158	5.054890177747342	4.013635894367345	5.163561667042533	5.035494371961982	5.005982347535112	4.503540175943414	5.448830850141324	4.038277644736869	3.4020186296864643	5.542580431659543	4.978630722839433	4.989952401846908	5.04317802184732	5.136278391441923	5.287064188711214	5.5634871113681905	4.859761466534107	5.416476655464015	5.497020459736907	5.207664067661761	5.704316269324568	4.889188063380077	3.694877431459084
4.965641536328679	4.842850460037174	5.022871192367389	4.049294405643364	5.1343559928367295	5.041209015889487	5.2108656144054715	4.433485172016456	5.099290206997467	4.124756524801629	3.282443977156383	5.678876730331413	4.93356128818631	4.984374299319312	5.042851328694768	5.475415312517894	5.403240064002515	5.47284662695104	5.149917234167458	5.5538091638246785	5.5371132859904755	5.256981645395859	5.577773095763599	4.7104403804741946	3.688990726220958
4.960228423534515	4.8445803087734065	5.051388465085103	4.026551610554221	5.075432574951004	4.9842587468205855	5.35210589629706	4.632052472942568	4.9962009334246416	4.108186548390577	3.0364728800057224	5.42190411637547	5.008737927183582	5.001511755917418	4.961297821617086	5.45171746383487	5.3807660534465045	5.51032835439491	4.977060824574164	4.8717234908171	5.568755797591392	5.219257042787196	5.659439834172808	4.839543510337933	4.166062631870633
5.123547546681568	4.971363871226955	4.95335578379666	4.06457505701772	5.154336500301916	4.966300510302415	5.252442722955548	4.383090221474401	5.185200945259344	4.306846480811124	2.9223142677921885	5.485172554548734	4.861649458507458	4.8359639125517555	4.77678061485234	5.192202901897901	5.417426367545465	5.4905391727324195	4.8066648086673815	4.788015965851852	5.615815148848986	5.227782736071562	5.608862081385512	4.86069637937436	4.421569341943777
5.407139086623664	4.909625034282531	4.900041568682545	4.182347203082307	5.390025284566752	4.991385762479031	5.2124384010565175	4.458181560267952	5.066610832290266	4.319039578955413	2.832519541494365	5.5093534431337945	4.847150742731352	4.649344075605757	4.860027673541532	5.405841510640432	4.8295703298407915	5.484996803323135	4.659319186059254	4.725074062454153	5.572749083768937	5.166507677207277	5.6936625723551915	4.8699010174552635	4.505552575069695
5.562364506317566	4.989683837711998	4.664635463801436	3.9171248215068775	5.275415489116272	5.032777146222683	5.158143600769695	4.586627441209152	5.387473233837111	4.156730802631189	2.846668679132487	5.52777728353819	4.884920085407845	4.458932212127272	4.727561784917145	5.599997772245461	4.384141645668216	5.597486981332959	4.599422677494772	4.7499873002821476	5.5328146593616845	5.118054083174403	5.613976795961137	5.153046520972337	3.6923198073939147
5.633240839130151	4.911475139184452	4.741118371358613	4.07100403287302	5.184670291509511	4.938839980970238	5.06082245362897	4.646193430668813	5.375332603498716	3.825446400911516	3.393012721125137	5.539948526615328	4.82495497517752	4.322764982925147	4.611955567078802	5.721940311883814	4.225308081289661	5.665405344350292	4.659915018670454	4.9062063009917996	5.589302715943446	5.040418711341825	5.5208019896330915	5.202459809623926	3.7125412011355636
5.375083407567295	4.790068427185083	4.895993102161265	4.107046965823557	5.151126909273235	4.913884863877582	5.350803799731887	4.506797193527326	5.266813298691708	3.656804568083811	2.852166794331789	5.520472131512846	4.9703902115597325	4.31625842991659	4.7575680404095975	5.586690290691133	4.103264187881881	5.612248545205298	5.114655496783215	5.291233735878808	5.511242756961932	5.229708784924043	5.65901802216147	5.039355478359791	3.7302998589181398
5.1737060108307125	4.737339208042181	4.5578117836738	4.226261857384156	4.965237393550735	4.859828930536074	5.242939632062646	4.40868906753056	5.441820766351205	3.422593661855027	2.750699709125677	5.572861547045184	4.95740643052673	4.284945719049673	4.947021435395484	5.577138225184503	4.57743795844426	5.748987383050911	5.078727798151736	5.495849209696174	5.561897583613934	5.411234577407788	5.662599187655551	4.954850621951834	3.429650094501216
5.113344294180728	4.660211072495415	4.689912004155646	4.123965051975563	4.841764425813703	4.903070535565514	5.128769788066415	4.381538756337881	5.342705414032671	3.8946617629588034	3.3131831018920304	5.635674214802414	4.977454793472818	4.440741296558635	4.953258337687686	5.571697589929835	5.148501827341222	5.6483899552445855	4.923901647404939	5.37432563942132	5.536806847372882	5.4778337169623725	5.66186300804037	4.829693939323689	3.883414426638653
5.071422249083328	4.655710165256868	4.788432127193877	4.274414901599095	5.114054712291622	5.096890790413345	5.152872090819645	4.391240812387081	5.3624592638162705	4.252156712011965	2.989607718770095	5.731330473963055	4.9322659317123945	4.553736956048471	5.048323919533874	5.569830660509294	5.1363483955341875	5.637398565569822	5.316266085465389	5.091757917585534	5.4198374473808615	5.472971475237117	5.730412277202168	4.863791898365196	3.517884684559645
5.210083317174964	4.699207600888288	4.621009652284094	4.120450621874281	5.160902205689843	5.164112875350805	5.289987808112129	4.631489973150883	5.316644482879954	4.051485774990766	3.3176556049773063	5.691746991438851	4.854704984500722	4.573449247205741	5.222300722804494	5.569887875112668	5.138357901751992	5.633052890177067	5.280579630575363	5.15870951623772	5.39313217795687	5.330528904886029	5.68788429324203	5.049006710631871	3.483504299305325
5.383163595866881	4.7789291756211645	4.836139422187618	4.156965821257739	5.019631238489369	5.069840907519715	5.568390073737692	4.475146885068133	4.868220790470184	4.173482582115437	4.142006186345811	5.67107962730763	4.861334604809832	4.833486040574574	5.148014326399221	5.439180049834691	5.124912118978326	5.573483807658699	5.365408799407015	5.035386028135776	5.453347974303192	5.290217279837543	5.685692985518559	5.091025447836442	4.024469171977283
5.594991350762112	4.733128704265459	4.851844674626757	4.108244985532541	5.042284937485079	5.1089745459034805	5.462166937509638	4.51365173575976	4.573209760841879	3.9641463775892865	3.6354978968922	5.596383178260992	4.784089178361176	4.727627111297467	5.174645926195295	5.272751234338865	5.298506977638915	5.633978207203379	5.421034830898937	5.105579838960337	5.492862836046258	5.256329251681901	5.664904227337838	4.926813897079904	4.443706794592913
5.583753944266325	4.68099797660352	4.696803986451617	4.036677112477131	4.977182977472278	5.018903337686859	5.516744571801257	4.304854582456385	4.727192134932988	3.8882534813541096	3.1705959809469446	5.564941856913657	4.9813444818329	4.694788232572238	5.248671562462454	5.368205651278386	5.398940016197987	5.6124580505332045	5.40031948880253	5.220421720958149	5.61338206122437	5.300741121257313	5.546445151208605	4.809058266362256	4.320541850288952
5.597005182059468	4.783432472956497	4.649814906051517	4.226072399430401	5.1420588238373	5.037229764513435	5.4536583936594125	4.4392627333894685	4.517172572735704	3.8182440802828523	3.746071161535552	5.549354792890221	5.030955737378129	4.747664982844834	5.29937667425483	5.470418943291108	5.381039299567266	5.483857732186169	5.339129327692335	5.239710275080395	5.575594059415457	5.306575308791561	5.622154179307233	4.974424151982371	3.9693318875199495
5.453228750469876	4.768630536036686	4.692560875089479	4.08629541343694	5.2046951958851455	5.203942648387707	5.514632833659292	4.408598802145012	4.920789735539517	3.826428809494224	3.9468597926547915	5.589733350139543	4.896236211244298	4.592353863380254	5.149236628425141	5.4012761669447915	5.366840074426377	5.660107019709082	4.495651878594592	5.157475125538252	5.611237971672243	5.22906878385502	5.676453904735342	4.889261320646036	4.1270564159237475
4.99023788840573	4.800901402309237	4.683805933514358	4.238305835232794	5.130134344927663	5.257920555709318	5.479514590038738	4.3489560767498325	5.2900818735153425	3.897032379055108	3.6675960825495726	5.4732217429841015	4.911180174447123	4.62011956422098	5.317135454479184	5.459259518619257	5.256769732875626	5.598849288935601	4.259868645954979	5.295027452309042	5.611307090787714	5.315412000007648	5.6975500051589165	4.8224623788396	4.4012925080688134
4.755782844439942	4.918571780987096	4.665357897573346	4.2100857346417575	5.0906401447150165	5.31175325919246	5.398689227692611	4.534718247336192	5.379591326511973	4.307546987541561	3.785194376493089	5.376327965393035	5.000826401578739	4.772057978853863	5.117282303482361	5.472658063538718	5.147067389406243	5.73933693268099	4.2180701727189165	5.172802241400279	5.477024769164787	5.380676564008913	5.728256057626323	5.1744287600416685	4.2983216506205855
4.496402331863027	4.950217462953406	4.69785164643737	4.370034897381467	5.087210124655212	4.962860691198571	5.419646436964566	4.300097553666122	5.453158305737376	4.546280369177278	4.073927062648769	5.29464420095729	5.049220070674789	4.791833227995734	5.136508210698888	5.580890950853242	5.168054681929126	5.698047405035222	4.205797785653883	5.200522868452323	5.3901578945053625	5.35509715005988	5.701181453090466	5.171965854747655	4.186557225168229
4.605348085774639	4.978963961068434	4.715300139409066	4.447633953976651	4.902856071842748	5.0599767801119935	5.4033519865491	4.35125079551583	5.568774996221313	4.796563888785898	4.161860040219555	5.2621720183560745	4.792324799723959	4.745064314773582	5.1303793604730465	5.67994854687965	5.251535202739806	5.673283540674777	4.962165097656381	5.137830208871949	5.497658985434717	5.486774523051528	5.779806814378219	5.019292518946483	3.6223817520768016
4.661322188152424	4.797654745276508	4.753470022666763	4.473797841980497	4.936851942542658	5.096892830547378	5.297974311298885	4.354544127331097	5.421986482078261	4.8089613478890465	3.8630036957877354	5.386376319734341	4.998995218046886	4.778273005673768	5.032070165885255	5.657410938319515	5.136398632768563	5.724958708463232	5.285018715479067	5.211106555729373	5.394245275041001	5.537806222467903	5.771328571085636	4.947980996995285	3.761006558333263
4.525349344313591	4.838928054994325	4.692732811492674	4.49898663482501	4.902038144161642	4.964312077300856	5.309952208903767	4.551395744564302	5.392459849355413	4.9075107779776115	3.5906400704859713	5.5070830409462435	4.994480172921999	4.613436719916047	5.0897865603064325	5.754567679056962	5.17705877639234	5.739016980203657	5.0643193259148696	5.012092802460004	5.361665058194256	5.505027813682981	5.689199449458206	4.948662667900322	3.5699834019952275
4.7784303926421465	4.841806201244782	4.569393503893888	4.290512572791799	4.7616361505389735	5.0659676476006705	5.403237768276658	4.623045873222068	5.3206043157308684	4.2880149120528	3.4101146689728834	5.662282323554218	4.949948456267813	4.655994003959957	5.1055417238084	5.645946535310294	5.246869277906313	5.69492808627129	4.689894695088327	4.784113019986532	5.445078765040046	5.455180477790227	5.747920557506509	4.9274129224836045	3.149328209280122
4.601616224479099	4.811331693514682	4.529229191060211	4.223164617663456	4.9579679063445505	5.059144033499359	5.319333481859273	4.786279774952425	5.188773507967482	4.300863457681029	3.5320867490464467	5.669565903345817	5.01783898873629	4.5859106813397	5.038041610497199	5.575890255931853	5.118254075563313	5.625154964835151	4.647656947360172	4.430605454652136	5.437667523404388	5.421355425579248	5.587596827376906	5.038463533899522	3.1195251816804808
4.406275414219772	4.850220257899546	4.524115658589951	4.267069938104892	5.197233052775609	4.93712272636913	5.247622697465842	4.7154179374463565	5.143037181518308	4.3359124236405995	3.358095470304874	5.380423490080615	4.740615932684041	4.720471365915091	5.070210962374627	5.3977139449009295	5.284388690956062	5.60681070796333	4.6377762489670475	4.331934899883802	5.3952511934268035	5.42830967025256	5.543468083050215	4.92433976990875	3.0265704930877644
4.5670785789460275	4.823060612458191	4.501725562595428	3.9748034550183684	5.145915444253865	4.667012206849097	5.18022615210772	4.648604970077244	5.037492238002425	4.3328858615235175	3.3204891984005607	5.432911054696584	4.524044987517742	4.738361281134828	5.12073798694893	5.192385905756507	5.364991028646243	5.521883877087559	4.79160814139737	4.191100827930805	5.4192164760893755	4.97376147879611	5.594699019640802	4.744333245943269	3.1264879302296955
4.7582048392016425	4.78713791806966	4.514476052424993	4.257158683770264	5.095650781776215	4.826230079384638	5.145473505537055	4.5823337215648525	5.074746279641751	4.337203716750673	3.406159106768421	5.566807053207609	4.516125593888148	4.767626803688285	5.08983986519792	5.376485224121982	4.703221007219836	5.653849574795299	5.219851828271982	4.145738844567742	5.3096000615439705	4.979429601620339	5.66916154831131	4.877152340460984	3.5150906163733486
4.559638355349209	4.854187583747375	4.6588340220529965	4.092105292366507	4.996567722766381	4.852413053473203	5.0041613513939005	4.525508551045998	5.113216175652259	4.6761271531053445	3.1584092561643398	5.543127272972711	4.5026982130869575	4.723699616913464	5.172224470485802	5.490634943711652	3.796581403098613	5.602326919034504	5.227150950696234	4.361153708317102	5.229444915862616	5.011363470300674	5.638733735085119	4.832663769939513	3.524286670674191
4.664963356605113	4.836713027712504	4.773200823593421	3.8880046289465233	5.055127522870668	4.8923363897562435	5.150788470679462	4.569423359201366	5.310640414357801	4.595767336923337	2.8950164933969678	5.50515465849698	4.737365196226026	4.691390727073747	5.054400802109369	5.396020213233618	3.502870097428306	5.693282677164014	4.98196759352524	4.494380853603248	5.218238544077261	4.9365753703997175	5.566888824476519	4.976432767883547	3.729677574475545
5.060767977811295	4.951993670972032	4.910849340110164	4.146146143220294	4.998198298539147	5.3773162096719425	5.379043513618014	4.745145059637542	5.3102979734820215	4.558435869002211	3.0169110489752122	5.537323564667893	4.933041836187175	4.680655037508357	4.990632117494492	5.362929615299056	3.45722268173627	5.732019192288952	4.392257931216426	4.872798129284258	5.251836983556786	5.179357776299179	5.629176916797956	4.9439358359323835	3.790051308410786
4.678190660687828	4.792426976577608	4.90557860041685	4.524704500360862	5.0872649758819675	5.429735414920766	5.495981132617347	4.78854081316789	5.308550899043406	5.017705222039413	3.0241498791432084	5.411042181785875	4.932953816893181	4.535957790509661	4.921422757109019	5.336300906744138	4.30787549976903	5.469852151805778	4.110582204078414	5.492316145823643	5.294204145638558	5.244365258374256	5.6932079072371415	5.060530083989809	3.692033975783191
4.670945674218272	4.714343610483654	4.825037731687728	4.433632306040259	5.078655485319483	5.415219467677949	5.49965526600133	4.835413189980229	5.3244969409446306	5.003138345667528	3.3330818022530404	5.390528618735773	4.840873655092153	4.610495750295837	5.018004204251041	5.541962824500753	4.971545554748064	5.625597569676126	4.064227501877196	5.368228157354862	5.272474185768067	5.231480765100717	5.729893484178526	5.143123418835274	3.630446593867351
4.390594393838699	4.77811907609926	4.796424478937099	4.4093528668292965	5.093759607706941	5.158750403818837	5.410833936601545	4.657963369160971	5.02396182126654	5.080478638743649	4.411713860099748	5.366430689973379	4.834429487938758	4.789944139979611	5.058664862687538	5.7908629299532235	5.5134401405472415	5.644035229111612	4.07055920393036	4.982986605998877	5.445886419074893	5.332211492667914	5.6420724459038745	5.05878294409661	3.653700864249748
4.419561519346212	4.677318071545291	4.740297733638003	4.362399913830178	4.871128731476402	5.094442250519705	5.237191338578633	4.4675462597926225	5.05803067125436	4.552105622203991	3.907370175183038	5.37185729564144	4.801621075680191	4.902436727153454	5.272333880861405	5.698856479136438	5.479062037356612	5.610168936058578	4.515692272930497	4.916136350935372	5.496734109884818	5.290052466429213	5.664483597250924	5.192187941871396	3.2917526653949416
4.369153621553331	4.69105046904056	4.74034381396662	4.168323156468494	4.672830881198607	5.080178052086912	5.201830084313201	4.442525409653283	5.171341679434901	3.9348122872190596	3.937793184459908	5.346971820673581	4.802784963359078	4.59718697327961	5.178398675595464	5.690140554031287	5.512193504511699	5.514378635002266	5.179666097086957	4.913803665149465	5.497040813994748	5.336393186188885	5.753949373320837	5.143235995334271	3.2325261455708967
4.391377776362187	4.685872163536363	4.65333998736026	4.272585911168266	4.494915182235298	5.0827678118843	5.155287720953448	4.5202266854402415	5.183692014124298	3.606969098544919	3.848889561079022	5.300147626051587	4.711987632760902	4.494269110442997	5.263869847260261	5.723359810821792	5.313905778758881	5.643557843051584	4.906747437524519	4.851698306440949	5.426740709531989	5.5106520614604895	5.6456892114004	5.124759313360473	4.200419753174757
4.627775245906521	4.795110820194712	4.8259371939502085	4.434639390815168	4.198159843058428	5.3357448345638	5.093423104378913	4.523302248120395	5.232975433615417	3.5061102750063298	3.7293790116624934	5.414472784952428	4.6584155911009475	4.492026083217633	5.24814159468717	5.566031746303897	5.322905136185223	5.581013764425137	4.706068530003339	5.142140559362716	5.286695432208474	5.428362502418402	5.560881614506471	5.088863191516492	4.180134290795859
4.724457875037443	4.78822603569785	4.908806522583745	4.555560382220096	4.404418653723975	5.085524417155472	5.246904355269529	4.627315487765275	5.22153845950876	3.721745051469929	4.348199315488287	5.485779063943366	4.6603692053767825	4.286187487471537	5.105857591497165	5.582237685941586	5.351397858583203	5.602574225123836	4.692148879913078	5.242358721306092	5.208969743809848	5.2486862716897225	5.652363267529349	5.067114320157742	3.9216518088783157
4.628092678669974	4.656986307061388	4.791504137584996	4.494794577285957	4.533024830523112	5.066073025215696	5.089569977459276	4.640036514201884	5.272077889833777	4.234906083229054	4.044463938319138	5.5211555214782475	4.762746159712809	4.575753100102605	5.099387623073941	5.470428348760163	5.236935276726023	5.691589410553872	4.664266807538929	5.380391536557536	5.169837867952752	4.757265669825528	5.645763424894303	5.077210827099627	4.177214575100802
5.125240523511575	4.719848852055544	4.944128883687118	4.5223405768122165	4.580759745837856	5.045948644008874	5.115074924304437	4.5117277729015886	5.236938399166299	4.416649973634904	3.221027122088084	5.6103666349942225	4.909696922805204	4.779201081936973	5.166412897972921	5.489534703969784	5.342048928432256	5.647545823013019	4.712676077978083	5.455377444172855	5.315932131406989	4.685779437377165	5.583401696310648	5.021582906772402	4.235816491476152
5.338717017697028	4.677193718860233	4.906675055153822	4.442240889455436	4.447115502825946	5.046037167061407	5.168834998269433	4.4231302028215405	5.313773441911393	4.491747742527572	3.244824425437756	5.653366015578602	5.02537232454815	4.810188965698109	5.0795131394469735	5.54950360197837	5.2383636896884775	5.740008560901819	4.41191672076401	5.3339626833347555	5.383867097527879	4.783272670572547	5.755707809714703	5.024672687658967	4.316750189831813
5.418756839031335	4.589532102782765	4.85520681896442	4.372783299360308	4.377791122547891	4.990093427464892	5.279591515380985	4.549574981801103	5.185477054099425	4.767674044888036	3.7566635089976814	5.762469021815776	5.033939091602868	4.761989197232319	5.112372834764477	5.53038896719788	4.4006105832426545	5.675753812263296	4.235807714775139	5.172220110857153	5.385296497930596	5.186731043120149	5.777237931381941	5.076248361821714	4.672784228175235
5.394452529751062	4.675592583217467	4.868734366502589	4.412742653908678	4.386707502496295	5.098473203185489	5.329588078223515	4.572412125488478	5.268885599098184	4.225462909610049	4.151717464720629	5.797129034126883	4.986021865776135	4.669032252565528	4.97858228214312	5.538329548538939	4.34139251012042	5.732625846247011	4.2565332216787555	5.142679965495052	5.351174412041785	5.50668256265071	5.72398197928913	5.057774871676809	4.038980487491246
4.792847638769374	4.682265948711299	4.740344590945823	4.5649990061766985	4.672225784828879	5.157711009031346	5.370247454803477	4.671808401427389	5.2306065511834525	4.022386139843714	4.626577303632933	5.697511660731747	4.974217346802373	4.709853509112519	4.814755339497458	5.615856521404998	3.9807382520219634	5.716105594470931	3.9195331415927983	5.175911256882875	5.401388545000298	5.509875723493512	5.801615809653965	5.09073212713074	3.6163478440434997
4.734817717898636	4.593145521420126	4.597320794162173	4.507150925649426	4.615964025092839	5.140725034562005	5.0171543507748595	4.692835012927682	5.359640524610151	3.784772896582212	4.0197300321165645	5.625045831141081	4.944270889673694	4.318666979900425	4.789158215281861	5.628666051760068	4.084848325736505	5.699982590952221	4.082596082373455	5.037490455486918	5.32908746207485	5.517845508589041	5.736657658376881	4.936789693237609	3.4894758674977946
4.82425376899012	4.6867625704220615	4.4725160546289535	4.517736347957219	4.632563108825266	5.2343644345708285	5.033586365449942	4.762009850131397	5.328526504392756	3.8495396072512587	3.492643432266342	5.598794584566096	4.95064463589169	4.447047396784143	4.7692525331344955	5.632648406045858	5.165674535249169	5.746866710679461	4.774597636652712	5.132670907121548	5.398882339883384	5.450014439500388	5.698795583984408	4.837817465331667	3.5631719683255327
4.643564794568246	4.665524142936931	4.446872101143821	4.298414421636927	4.650353964917493	5.257298070301605	4.839875566846104	4.646211313658834	5.376765452701635	4.298866774136927	3.505644483231441	5.417727342925813	4.864608007647905	4.492482232976691	4.945864303350242	5.574011434612757	5.281357006887539	5.697544869250388	4.501500863716979	5.220322913260459	5.511950770511467	5.400870419775804	5.764660071215451	4.857516595229601	4.07042637031101
4.820725152379679	4.758158814945774	4.4654295119535	4.233732226994522	4.749202552843911	4.906325321284435	4.692413437277583	4.5882368512465295	5.180519140947252	4.665311035179149	3.284714490309223	5.107554943503679	4.806766833873418	4.572327530939704	5.090868782302505	5.64545497691901	5.403538005995156	5.6787992039317725	4.492690459878491	5.036910496070008	5.576671585481487	5.309134345686378	5.570534811451431	4.797381175244223	4.464458430416773
5.0484013586682535	4.952883763696487	4.539399719420185	4.422059846580593	4.788046471173767	4.720040274889523	5.321566122322547	4.7435808505954915	5.236687536417175	4.178428932620932	3.000512280843354	5.167992748584644	4.879029911155651	4.556588892115855	5.1322982372826615	5.65084617315618	4.885740268658502	5.678892617790581	4.643266841209196	5.292588205111516	5.5146413920775625	5.3387114646010065	5.635300466730471	4.798390167064332	4.848362762204384
4.94758424689423	5.175286117880737	4.518321368788086	4.6903906815855665	5.1109545091139665	4.712799420872749	5.006668182759224	4.9677121854887965	5.187623467208208	3.6917295869055615	3.339725796109033	5.174154257875321	4.787858314576238	4.596814910057756	5.162788411662478	5.648089457985611	4.300358574704161	5.6432512744061105	4.802793235585588	5.281687027361586	5.333490574012953	5.465359280374025	5.64970068534234	4.793436881748703	4.1676107289081665
5.030868559923275	5.147114065291213	4.548076150237773	4.532651987964861	5.106549779077593	4.716826963007344	4.9883948579879895	4.899230618991988	5.200949693892959	3.290071470247802	3.4152268017130534	5.350413480959089	4.93516820656042	4.6713619111098446	5.070072049994921	5.236003972287917	3.97978178033175	5.646559858665469	4.948261335635463	5.302650766254338	5.213237633858852	5.306661984500058	5.670516841056866	4.877997307163519	3.905351180548032
4.892994936278342	5.310207097929496	4.679665413802197	4.666887305683164	4.974604169981346	4.852038125914685	5.2365185465894895	4.974710571748942	5.250777764646944	3.129873010972736	3.3016697064341924	5.249446279939108	4.913766522346582	4.593649807212772	5.083060545845422	4.773841160361591	3.760680347923544	5.628134588544823	5.02169562722951	5.3195491816118	5.259591239934274	5.311984224586534	5.634467059872384	4.973108510710787	3.4667561878969155
4.743572157550802	5.256546214780172	4.510884806283387	4.626719432080554	5.1605859988558	4.895777994128158	5.3762355269759174	4.9783424320229095	5.297558901380373	3.4853680407187473	3.309569916851657	5.314156875879125	4.912884046301061	4.544629363933648	5.1102542357084575	5.09139599170773	4.133305018163019	5.713473924090687	5.184921768706498	5.057987183508976	5.317159873324471	5.260168185844355	5.694521733282062	4.954903551787555	3.495009667819363
4.856594196025561	5.267658423529874	4.688461406921364	4.596195840587984	5.082151198466715	4.807416568912184	5.37232124120698	4.997216438882496	5.1864016758415055	4.142272918363248	3.549157110682397	5.485628573735082	4.962075436458023	4.60628348465009	5.096368695194059	5.405070127168276	4.79628095278196	5.630066920263108	5.395945189587312	4.99673988782572	5.450857818848626	5.0932971207817	5.753213110913173	4.703836974799305	4.626762275095888
5.002189706344237	5.211456092873728	4.686506014936069	4.565418903524212	4.987786355671201	4.9102866987532865	5.306315100127379	4.866620176319955	5.234067991850231	4.124192742764947	3.4012556096274564	5.490538811147853	4.918080894041679	4.693287821500663	5.104305181799641	5.426767294497681	4.583292879081175	5.707505933041258	5.170867046000736	5.076790059374883	5.564465338310982	5.166584438723559	5.69038598177616	4.672027527869487	4.082810320867956
5.035385522988919	5.029629048707885	4.478711653314335	4.571449957413869	5.1798197596725375	4.823936201743788	5.474977732290671	4.741037931870096	5.333586240862135	4.122299598455218	3.785320261358119	5.558318302716272	4.962772873014327	4.729940915634142	5.203458948293543	5.276412352200829	4.8675509234476095	5.652772507166704	4.987126112173462	5.087538180284537	5.5855541098484585	5.190476517200949	5.558890457287258	5.124354269239795	4.173439138571018
4.8246553287007785	5.121477777443131	4.445422486217185	4.737620710644716	5.388932050640285	4.897286170533796	5.452933661532278	4.5238418412759795	5.242610764125078	3.928245800815876	4.0423747178525185	5.717442953039319	5.080395103597113	4.879324883889817	5.217841867008713	5.419020829134694	3.924037717243462	5.647937381124459	4.895398526809849	5.154430845051875	5.6216248738690915	5.1353653011851375	5.646891559016749	5.169096463635447	3.3994617166931596
4.872972369847485	5.098397089920461	4.359209253519637	4.700420838633506	5.3674477017097555	4.975291426272034	5.426984269128621	4.606466412732543	5.378148917480762	3.8830241961767276	4.329735617662079	5.759532079752963	4.964305964132689	4.791522905594473	5.107845976614939	5.6270929161304055	3.573934644281896	5.715443116414702	4.903874226064012	4.931195063845719	5.451277308348371	5.296283739556209	5.6876387841782075	5.066470956112031	2.7920495177228943
4.561351019569024	4.839408647852817	4.4245195685348415	4.790915822108784	5.3882248373706	5.016353171460845	5.461946680424753	4.710220815414486	5.352062387851258	3.6707010568541634	3.7420339095442916	5.604623219362015	4.7837678951219536	4.704894240322137	4.956816995508381	5.614678108685938	3.9057835151020956	5.7063529123454915	4.787968562824983	5.009274225239331	5.3343245146633365	5.358739311173449	5.699111744987444	4.988169825507057	2.612767880741611
4.586916822648619	4.792161655190609	4.4638310816035816	4.769788002823883	5.305571651610076	4.818334206651675	5.604043249942739	4.816090288153613	5.231605028828438	3.8565716102112813	3.7721084538574443	5.53773579857237	4.738798187773372	4.676722321669036	4.959391834316458	5.708874478501749	3.787771178365127	5.662732164414828	5.111601466286102	4.996767193396416	5.30739849188514	5.313242790377725	5.652791502146388	5.006065267675787	2.700333841062369
4.906156452797945	4.900903104018615	4.610676084210502	4.6924381781826865	5.261497938458007	4.9114196958766465	5.741990424470417	4.73319454995058	5.122597234350154	4.024012834569757	3.9725816461546173	5.571475355997944	4.6629647770363025	4.593993981945398	5.011180360210716	5.733703464441597	4.674443912688567	5.653838832288278	5.112134211368921	5.184077708121653	5.318478544143481	5.248615719212938	5.7278152642358755	4.852508736459094	3.3233581711278606
5.086838844343862	4.886698247894894	4.74788581835867	4.547262354058054	5.244907577068131	5.060579914849662	5.634936773544766	4.723960952724631	5.04587511537541	0.985821623525744	3.8088078255696356	5.536782892712968	4.566113178247992	4.807966306338746	4.955700414607497	5.802036163234961	5.447371284043213	5.673023826270251	4.863471427291793	5.525544237467334	5.527023499982117	5.407517638498745	5.642140556967039	4.954962409103824	3.0511514959945227
5.1595636458783485	5.036730236271406	4.75882157076087	4.591413285922302	5.193856492890015	5.0158214783721595	5.646844063161324	4.34671790384236	4.955230016653695	1.140127857183869	4.103469571220413	5.677271126881648	4.718714430221833	4.616823198184778	5.117741232258453	5.821050915319455	5.3339356073207576	5.606310626224647	5.105111213042113	5.425090697802922	5.649387640271025	5.472451843635296	5.605948815444097	4.988769611355271	3.042207519671131
5.2770011641597945	5.2474362999597375	4.5975016519013	4.510467938734779	5.331198348068706	5.0769579735199475	5.574053045047764	4.350890623191246	5.034271330427671	1.40329819677273	3.367759205237069	5.620415252783026	4.681591067215138	4.391482263875822	5.06152318215807	5.7907349350397945	5.421796617928565	5.6253076928449985	5.025950094892016	5.4695381503084075	5.687217133510519	5.3613545141276875	5.531233278122839	5.257965664146241	2.8200100327732223
5.125613257218866	5.288977559828588	4.567573277725266	4.467402032999322	5.156959362704347	5.036878787560673	5.529439850929637	4.495610361360875	5.283380918217093	1.3991399219529528	2.886970500098444	5.53695848092368	4.659112084564267	4.474795466311617	5.09441959444641	5.67080986762404	5.443382700737778	5.820038599635234	4.596315134328608	5.411594352439941	5.696221025734827	5.399739201033029	5.670846652726852	5.330360821626543	3.207433845290541
4.979961993899126	5.317998330109266	4.3972889354942	4.576620709759272	5.1785041692410525	4.9466628130288575	5.6042796776068595	4.582634908455153	4.790429708958798	1.4182521859760624	2.9346647338129386	5.64933266570919	4.489063633696902	4.514974245870248	5.150457265632293	5.569243040495439	5.320729681675277	5.787900424694649	4.856039891912505	5.469726796943722	5.6720688873229514	5.336370952080874	5.669807665321588	5.21255518342199	4.099903419702296
5.10688361210324	5.325692815895935	4.375147869848635	4.806261790724452	5.004069542349487	5.001280742684482	5.558102890600567	4.920469062035914	4.771702659897213	1.3757921971948694	2.5815415084956093	5.613440698183328	4.605382193860284	4.668637996571098	5.195525002051799	5.645911834147101	5.38172773124667	5.770839735776867	4.863967884846205	5.672090414526646	5.703949100607512	5.458822072446439	5.712151168960778	5.257248456722966	3.406879948247177
5.094848096938371	4.90559516650737	4.503142690288217	4.782600170455109	4.826814529675864	5.109512349968245	5.457435878201191	4.894176634332344	4.908410811193325	1.8604936326376198	2.667411544593383	5.570123247379102	4.73193206742891	4.892957626591941	5.188342618445475	5.63232142850987	5.321887519205764	5.818958338730824	4.9849690862989915	5.6109466909228995	5.707375811974341	5.373420828868437	5.657735193048901	5.223018836291308	3.4687471990540324
5.271306107562214	4.676844851751809	4.560707565422326	4.758686205925639	4.7641566340375805	4.858856213446511	5.4606198194767215	4.769231907471144	4.86570017333193	2.9130997332655797	2.678500575513695	5.585038445134035	4.710620997816811	4.874184167617322	5.1387646433583605	5.699897107074026	5.35404120912174	5.758533483029841	5.127841443876039	5.7714689425206505	5.756495858752474	5.027235258617487	5.722588380355976	5.197351821011966	3.665328046883978
5.187342246467835	4.518827957954748	4.768535160453286	4.738339774858628	4.591725601197881	4.758781207915248	5.6074624900393975	4.6215091593436695	5.235929694118527	2.2009447398062916	3.0804424406234365	5.589592366593257	4.852962208923718	4.937311147934431	5.180274021699694	5.65808018110191	5.391516805555806	5.72644569524978	5.130760566447567	5.609127883487962	5.709479587101217	5.103242403105011	5.751147798140746	5.093407292530031	3.2261741146752794
5.101646138093239	4.230597015982874	4.682515400967215	4.546783993586587	4.527261017239244	4.977925466122759	5.547123520680271	4.880919619998556	5.311230312369834	2.379530125828313	2.872750089351888	5.609554285061317	4.799715185333172	4.786081093366774	5.135168045323827	5.6273052579067855	5.348644372138264	5.701406947441615	5.193265804964327	5.51106995555086	5.644536779307709	5.365827349630422	5.676751501190587	5.092399437259368	3.4104261755817418
4.96749685030302	4.24400752949541	4.444761008459565	4.387880854239822	4.760730131260569	4.8762844346263705	5.435734206980327	4.822363068807257	4.941829443306948	1.2138607123889409	3.146924742351275	5.549256833174145	4.797340507588525	4.782565975105062	4.924637979832792	5.554078362582026	5.338247852977465	5.672979623044299	5.425528102404628	5.714209891668288	5.7235542172273295	5.321031047112241	5.7493430241071195	5.042132257738235	3.7133313098228276
4.965593915283388	4.727352637445344	4.321248515876708	4.6100034891583626	4.891791407441904	4.715633820513595	5.327869615206684	4.685861278317022	4.778410426450828	1.1930840926942343	2.6709919178115733	5.570594234355722	4.846741106674939	4.949210465665627	4.663860229892686	5.54187669025528	5.322969743227622	5.649729916330398	5.157085771155778	5.579686627627537	5.7928249726668035	5.271606754474935	5.672800009358795	5.040367629254941	4.265463738396421
5.212696789127973	4.723601244069955	4.176269500413952	4.530770824701747	4.8192115546145695	5.04416486370535	5.308268448334426	4.805748056022421	4.728652370806731	1.2429011721966376	2.7009517929197777	5.5174653243217895	4.919562936215264	4.872003710647841	4.859698162529765	5.5984223481279916	5.298659681000113	5.639881800068027	4.951820239397452	5.546633910708043	5.6492672531794295	5.313575024431391	5.6509920059085115	5.064862157730994	4.212407910914467
5.215846294034614	4.799459435173804	4.043303250758273	4.606612394461539	4.88254161369793	5.020804422614876	5.142127305657168	4.8394375355523875	4.784985851054452	1.214397848759537	2.737280409714237	5.629256156970236	4.9988596807892165	4.879222821978391	4.956471811696518	5.594596760590619	5.307074899879944	5.645074045841949	5.061541799653151	5.414904162987381	5.572989354562344	5.380795588588954	5.667799551355724	5.1671193072335875	4.488952404109354
5.391437478467392	5.01898269317206	4.2257807674301455	4.700233480091131	5.132648935126282	5.063787218569415	5.144002170645504	4.669126596605376	5.080787886920736	1.281982217850013	2.8130107645853304	5.628841644656195	5.020379121003421	4.89625282581723	4.801693124942085	5.570407262659604	5.369164816540149	5.731072524751209	5.009214061365484	5.369853747543112	5.428903592649275	5.316387921627726	5.664165321597352	5.187094899868509	4.21831826963687
5.021166208865947	5.049789604195865	4.176522010969207	4.57752669748044	5.060479737942727	4.8944301981885125	5.081896409606488	4.897131306363655	5.1321982304369085	1.4196928756387814	3.44701350597554	5.419199166358021	5.066786371209623	4.851023490545232	4.920216681177138	5.540245822857609	5.3982892461716565	5.711108325577555	5.248714204639143	5.387269185821733	5.480303053924979	5.255405081066306	5.748238628346387	5.243578153703026	3.599853464123256
5.010344938983734	5.1819399903723475	4.211154928752426	4.599811273268367	5.272969522054165	4.519398815055569	5.2911823134115545	4.946864030793516	5.104519900354802	1.458760050131248	4.28090128438874	5.431180368919348	4.983458867282749	4.878944978678677	4.965653517240251	5.4813520424028335	5.388401546795794	5.473682258680908	5.263201428624521	5.330125770576104	5.507320409724316	5.382508470615572	5.738707577590854	5.189439460936567	3.2113430313640707
5.111877170399451	5.0079754973003805	4.3232586109992335	4.802185855620389	5.227636657011549	4.555298585913649	5.309243083027005	4.8302002881442165	5.192053311845015	1.5517811152016354	4.201306142862174	5.442081283610012	4.966650761230428	4.7951404876929695	5.039785000406522	5.439083810358149	5.4156931702431566	5.458456425233059	5.2741311507244175	5.3800777108133415	5.508473913492867	5.371578156584722	5.7356216824925	5.3848127689982475	3.4436463941038693
4.9653868260960765	5.0928175122467865	4.37816340112313	4.766553626601005	5.306868021865457	4.529257945678873	5.327234188585865	5.011857588525307	5.210041275381771	1.9716630752718725	3.940220598252587	5.5601383421643895	4.987931157939168	4.777967491173133	5.257467891689606	5.403839038776305	5.45006702910959	5.503714654092417	5.262581854446652	5.342010805407065	5.526032315753126	5.423135175553096	5.711504771875093	5.248798655742406	3.0899949948935137
5.094211796280438	4.93752237481982	4.3672329010297455	4.804020455346347	5.259647745800656	5.036647334795256	5.3321287175942365	4.7429437698541905	5.53693415342115	2.0732441847772027	2.969385598817383	5.716726697230784	4.829533728567096	4.663630086847585	5.1112943187775475	5.3315580869705155	5.457594645361239	5.6052039660234385	4.779693464267345	5.453835574587592	5.539949136473509	5.424591354150835	5.737316477226519	5.143549677037902	2.893511789533659
4.893342345014611	4.918591748593486	4.429555443298401	4.57324596724799	5.372498444767226	5.058354728826448	5.365343464688785	4.497855205182005	5.251480509186367	1.7957185716833453	2.7601122736447055	5.661951251711759	4.877525215683696	4.717760100453026	5.069207660047363	5.554891409990117	5.510446977805509	5.690687121782593	4.492796600100282	4.973906518486235	5.55973830534606	5.376919926790881	5.816575047501615	5.000974274035694	2.810578030171531
5.064342665524251	4.974625714118777	4.313230254375418	4.571346893138103	5.239058480429202	5.115846074042079	5.357811639754039	4.676503453452217	4.980998956317288	2.0633406100326837	2.776678534750472	5.548470156607681	4.6735912435538	4.783138708351192	4.992695460627296	5.514299029361926	5.570568057258767	5.735795317489507	4.54742719698697	5.0421176027014365	5.576054868308481	5.307337966521391	5.740546654277999	4.9147915305651635	2.746034950427267
5.025562540160349	5.032942466433428	4.3156268028821625	4.386674188913703	5.20854070745351	4.748507182359583	5.324043322604476	4.4967172000369215	4.784860710063878	2.082851867439497	2.8077884545663827	5.693852147317149	4.750253985182356	4.799525565474029	4.964168687898309	5.619412289099288	5.555144902904332	5.741341099024525	4.349311868565486	5.225932165293906	5.540435826348378	5.166887736837239	5.695473836915524	4.728147399365199	3.268386938779225
4.978254755516741	4.995469785606424	4.340801273775642	4.464932671443555	5.1330990903873674	4.636349393065385	5.574599747571224	4.641916236270381	4.681695295559064	2.433006130242311	2.764179656836924	5.714809750782777	5.016909096465844	4.655608478163826	4.898012190682376	5.67276372983376	5.509532671641829	5.692639686864238	4.934727073153571	5.265821488712172	5.482240940531232	5.154431222393067	5.819618044159397	4.576035270869093	2.8864607861900056
4.969579906203829	5.05588031686503	4.370857241869162	4.567492367006962	5.030059585701657	4.747957594850763	5.37392179906953	4.907480125418434	4.492827533850509	2.880991065299586	3.142147289306291	5.738471698913401	4.982486662752696	4.75740704500868	4.887191448740051	5.651453729915844	5.254698976733073	5.77348809096644	4.477966465637875	5.692383769495115	5.4117632711754515	5.208516416611616	5.72727791897127	4.672463410838258	3.135685634747152
