5.0692765149896495	3.9672760728786707	4.519734805497699	3.96339268811761	4.8310325031199595	4.136768478367121	5.13940469715269	4.940622921044666	4.747216689218805	2.6396098227132447	5.6534500089788935	4.081707309618242	5.042208753075526	5.325226598601939	4.861402472066861	5.278789204756781	5.0907427659285815	5.362829277339897	4.59816410842212	4.5584312302002	4.668498018690519	5.40631560586004	2.6025867742924946	4.538032416363223	4.064536051420459
5.215444258743494	3.662130023262611	4.375560723106038	3.765200696472381	5.436672741078988	3.9488628100821046	5.0328173951240585	5.018238669179165	4.548314904008824	2.087767185238122	5.62074718506611	4.192477351870862	5.071894784170974	5.4705384634106995	5.126985934275643	5.157666514177881	4.93026639322388	5.127372700559275	4.476487672335661	4.721396173016396	4.59954589128632	5.173736370721502	2.8184983971222426	4.346194553380207	4.593445779882535
5.202238632041408	3.1545824628121726	4.3980178442266835	4.49456618805572	5.416826917740396	4.0364838044202465	4.743192687190033	5.054664906869446	4.650047983666258	2.221733494415667	5.675090371896736	4.133937092851179	4.514209500117498	5.502849572598452	4.684790739992681	5.046532387352539	4.672842392995076	5.051760059291868	3.4518172464970323	5.1120854206116855	4.401857814353378	5.050795802296741	2.88423795299055	4.058991810555113	4.752055621763615
5.100955142383359	3.0049870472986515	4.280939044984027	4.570886300268376	5.427094647514475	4.145707778357206	4.835551059385613	5.184415572956884	4.71622757297323	1.9526343415253662	5.6633757665538464	4.2847912548987965	4.352657857165654	5.429960083248529	4.816772187408437	4.973212854967224	4.749098010009555	5.081384796153599	3.3229198533819075	5.002826624459428	4.130248955176046	4.968399417997634	3.0900513251495334	3.6673954241610804	4.909445306344326
5.179408386014007	2.7991855896921165	4.321000520170614	4.812855206571838	5.4671834754917885	4.342034112781432	4.768513455562376	4.883690817607097	4.709464622749085	1.6541044324411476	5.659942003877531	4.409936820766681	3.9313183754422307	5.487806156388556	4.503351159045521	5.174222712087078	4.910159996505115	4.9397452635211945	3.265514088293342	4.970423757586497	4.1174188383837595	4.925954896932601	2.9436304707979577	3.6728671231036683	4.192799097339635
4.961742311486127	2.633159179099936	3.862157238612489	4.603060099151987	5.391477324969843	4.476882902394681	4.983567144671304	4.528069393169635	4.596628615935306	1.5598844771786013	5.690006015733931	4.663432676096659	3.681201165694901	5.559974953413974	4.2075718044526536	5.299592733673834	5.018162068012443	5.215489558495626	3.075872764248472	4.360790089772577	4.125937204901912	4.9646850674170935	3.0360385701961676	3.684307370312938	4.235576369944199
4.9979781988978855	2.8578392488566915	3.373553335954243	4.065523778347261	5.399072135981488	4.25902613982249	4.910887666552866	4.678821647867733	4.4599674223512	1.8173736573766268	5.67968917973684	5.057962020383711	4.109000557241313	5.317537381074173	4.6225952524855565	4.7047873519974495	4.94902811286302	5.3994872448165045	3.5233869752465496	4.183189937623306	4.594765272275019	5.086406612454426	3.4463372106330032	3.9710489642613678	3.9413439391792333
4.849002024987241	3.8448189008150253	3.436865260717581	3.509616539740373	5.40201440547168	4.300932783845302	4.7665539570758195	4.44904060271988	4.520476633083889	1.7602608751227657	5.735108743855347	4.9991963367862065	4.322685776003426	5.339875807536301	4.516087756024411	4.676021517399595	4.837544809523002	5.29838845270742	3.0661386500827277	3.8469875955903827	4.970531771197337	5.045045379569017	3.418669183120994	3.8664055651951306	3.862968092949136
4.6764584787353	4.392531782279399	3.446053654160543	3.3754811093440464	5.470960071351209	4.266825446218462	4.232850283406557	4.4464014375983245	4.4330913103751115	1.772770356155779	5.753956610307582	4.8568624686075355	4.853834324036953	5.398122376602477	4.377458874422561	4.6184022787910255	4.600098359564189	5.354885095367076	2.798754797595783	3.8701130720449353	5.095474633836457	4.856422001235439	4.007504583909618	3.796837993191699	3.6030233364429884
4.634954971324535	4.824573369171989	3.6707435877256924	3.571887599547145	4.912809295935866	4.327911234260457	4.30686479723366	4.55878525384177	4.110150759478065	2.025145722509468	5.704162256573713	5.080489961539526	5.242803712203445	5.288875653055085	4.620697238697538	4.417544117676071	4.572547559631399	5.194054912368428	2.7202269322779613	3.9035649983213108	5.14789178510677	5.088862330144709	4.266325650985534	3.905270269855307	3.6213166321677352
4.618528477879153	5.2006671768195485	4.414557798022236	3.6608443875540244	4.882230252902318	4.602399463134536	4.528176122879587	4.704480774977638	4.295663997133734	2.640645878234229	5.75577764121138	5.042913292750799	5.250513528192313	5.384178993007895	4.510961562211097	4.790535364813954	4.99059950831403	4.903297441174562	2.8295796632739036	3.8723037439512313	4.870691856283913	5.233930143660106	4.471015040759392	3.6560692886221546	3.498436125713893
4.618771839211963	5.005700911592527	4.219321034605833	4.192830499746021	4.777367450104899	4.551088600542621	4.3456961744898255	4.67692279307833	3.8527703206973944	3.3847719443763955	5.722823305640929	4.740094549406032	4.714300163650738	5.401545343928726	4.735278925136928	4.829908560214734	5.107401401258741	4.646916759530281	2.5318371342966057	4.063645057118907	4.725339134468023	5.16260887494886	4.5221807280321515	3.6630472110730183	3.4331372837746943
4.91367182850481	5.07322821565421	4.142468521213379	4.484209214567261	4.694412181495138	4.256152413718805	4.325869681526021	4.697823702037661	3.7978955973572273	3.50845770535188	5.637205178094312	4.6374380500121495	4.612130342992815	5.3862857511143	4.25792232771391	4.720707360997452	5.453837419105964	4.559147380575178	2.5325085846015942	4.171817930897412	4.605713548880802	5.432642446762252	4.569519429311432	3.822574768863723	3.932112574029808
5.211447971232053	4.902652507119423	3.904625173704119	4.81441366824605	4.917771646065783	4.138516578607045	4.456180259052413	5.007383691160967	4.559755189202171	4.17894762061345	5.655255406167484	4.6261841029247615	4.272306816671926	5.361410062547071	4.249272570852938	5.379059677932619	5.546863441129164	4.597029839930801	2.567695656551557	4.273560964045184	4.4764421908157415	5.183213560663453	4.646303758805993	3.4591855654517585	3.482717665699716
4.836934488421915	4.819166368110198	3.9821432117052455	4.9412925565551	5.092236966068852	4.126469520926625	4.448039797250829	4.742627644905013	4.167830534047257	4.292264077226021	5.643907053976866	4.970499625519761	3.9458405046915566	5.440971364294509	4.388442843568461	5.153958641594907	5.505732553567308	4.95801736507797	2.4897647832142793	4.315153921118148	5.209353256083524	5.096287007578593	4.136905702387234	3.2114195416724702	3.8258415776521795
4.89597558517524	4.799321682523467	4.295161830048965	5.215170464736194	4.867140764148152	3.9480558065896676	4.445207388845887	4.553626531219604	4.214124034299129	3.9952506062939444	5.593579508072278	5.065946832256224	4.193498824123652	5.385578185386669	4.425828291881969	5.0785994692761784	5.460266080589038	5.207946788639659	2.9970666933709524	4.503085317937346	5.079537286996088	5.13926764845116	4.011689666617787	3.127525868308546	3.585671089390181
4.819103071246988	4.960662411630599	4.355586284341633	5.2257020541658905	5.009491862925628	3.8445279908339356	4.534469745725742	4.699804742956169	4.412010205422071	3.7609551628400575	5.6416883980773775	5.150137117697632	3.647108625216291	5.19396658442136	4.620823821835135	5.213979201172482	5.224405675689143	5.275232255157445	3.4092556805444274	4.844858144154545	5.114788467922642	5.090096057789316	3.389586871885399	3.212211276233616	3.729807296782325
4.534746151349408	5.0166056864137545	4.606247269994002	5.34366299448421	5.073828374624844	3.8542209944710843	4.484002749527742	4.836541506265502	4.418517635933	3.7118308155014095	5.673235154405592	5.133831131354323	3.5945135028516937	5.1969929152587495	4.4811884948595635	4.39770143159984	5.056741247967901	5.383496354167224	3.1382169354964375	4.85766646159424	5.079617161043978	5.120123676955523	3.377590298878263	3.1636123662251348	3.895827935466054
4.639969578699004	4.9990318767028565	4.2903143070115	5.31966785706223	4.951361130339877	3.8215045235049296	4.6010419372528935	4.839070743017598	3.8022730899205586	3.82695910482906	5.717120467455708	5.199968949145386	3.2608856904431547	5.055648223360461	4.53224822011758	4.542744751801024	5.122550514826312	5.437798119637207	3.203531378244762	5.080305000492501	4.868590770752579	5.1837639799894175	3.361308008443409	3.422892968675696	3.9231703725332663
4.716861512103643	5.066244363657937	4.296704752136591	4.982211953596996	5.202179325688467	3.500279243523744	4.695838151075163	5.005710043031629	3.5060740495527765	3.970475488790696	5.782852900555397	5.050713649983674	3.2977192417224552	5.059046186080107	4.5562442429309895	4.782094547908782	5.220187653461446	5.421762946520382	3.140814676198919	5.0038698316237005	5.072821084999134	5.0252306862581655	3.408387543025211	3.2674620922176163	3.4796242906153876
4.951521765526892	5.10175588883944	4.293385599144337	5.051268710913195	5.4158204433820245	3.859391370397744	4.826951664917731	5.226166178960766	3.51279053817207	4.221875389092653	5.752559667390851	4.888916066048401	3.5942676082540235	5.020585469254037	4.600468258150537	4.406982050389172	5.244852055231127	5.410571262829005	3.166058920114433	4.820898143065891	5.024248879284831	4.537464701727756	3.4142302200246606	3.096299818149285	3.389112079442094
5.366397999838678	4.8525298409633235	4.2388417240758915	4.130972413951825	5.147741668286415	4.37622944043469	5.016083763362515	5.164155170756023	3.138391734165984	4.581602317332024	5.696641870697854	4.96281047931668	3.976047715069202	5.168028864660693	4.526139508493072	5.1101093254552366	4.761754157503573	5.326345970958152	4.318571515399185	4.7976330928345945	5.17155976939331	4.307175121308088	3.8493220167286393	3.36971036889622	3.295565262033426
5.3199990520177955	5.043115696093253	4.423670468774156	3.986512971614341	5.165185751098072	4.305679855949577	5.111876824653315	5.000881967119937	3.1751742995872427	4.618906575404497	5.629080697876073	4.817381010777587	3.6481179035390374	5.374738803482732	4.104081141665813	5.159008091354749	4.54472627343075	5.378143013113082	4.596308197080131	4.890185147533712	5.256140333504288	4.30011103712544	4.000783374422012	3.2964322193903413	2.8834072266495183
5.361274561264867	4.96330883686122	4.534527679191118	3.9267316340908582	5.1091107810208936	4.363057702576905	5.109813854823004	5.149046325678824	3.9705355790554506	4.440103168253284	5.075870461149643	4.749803761220826	3.6949449279106052	5.4731857928348235	3.482026834263468	5.284810041298662	3.8865686531145385	5.463079867380413	4.684311051220922	4.99610731168892	5.540112757937824	4.495963241849031	4.0088486939180905	3.718407316171724	2.9176510211520816
5.191218487733962	5.051179621638268	4.541912756139121	3.6027201053994995	5.165114926319962	4.460243540118589	4.984940152993238	5.039669308960079	3.5975392574678184	4.148140234145891	4.1790981649012995	4.952060303015423	3.831707037207563	5.523616062467562	3.7216432161639563	5.375839877334241	3.721434313826574	5.407822994670076	3.751140847047417	4.932958587310031	5.210831094485857	4.931802511587504	4.114586548163895	4.302092481314175	2.9433559195504357
5.12865166776863	5.037188865479182	4.422296414876744	3.879848466583074	4.971623005283003	4.6739107576551415	5.133356905689731	4.94501115304102	3.880031913256006	3.997667305998215	3.3260696745087053	4.846729472018312	4.156362941438459	5.42768757473926	3.720297062919798	5.557753402182029	4.115670733387566	5.034486906356334	3.233658814052101	5.0644790729211	5.044498265643508	5.410900157525587	3.921079879922405	3.8354464453286576	2.8000202535184995
5.230095194230968	5.087471723274899	4.238040230442139	4.696479240818708	5.253621609333018	4.611398725518445	5.056001268628333	4.829479653757137	4.545466636451927	3.8490737453268444	2.5980698392170902	5.014894370671774	4.01135379240227	5.341572255249655	3.810780112726046	5.52201636762046	4.659540712889903	4.782018510403185	3.046056859370828	5.062746820403114	4.857135200496384	5.349674824778791	3.8657117043187625	4.080461627970721	2.919644824252714
5.101182719259369	4.982512039187543	4.092383056601315	4.763066672438735	5.304459927574186	4.919808895531184	5.012708488964584	4.808171818139521	4.520922229173552	3.8671585967624944	2.3570588243891057	5.139194636044136	3.9282254749537477	5.224475508520488	3.9349843747967417	5.466259862672183	4.688446283473147	4.763645855285554	2.5796172176532273	4.954072338842256	4.285661302497	5.393832814462804	4.284776264578216	3.66204747674656	2.847895069467908
5.1900287447219355	4.985580881171784	3.8170519457943497	4.958755347641733	5.070668576944075	4.994418058769471	5.133204508704696	4.781037471179837	4.583709654699713	3.5015796499119576	2.0796308506515233	5.10927094704546	3.8034904154512397	5.252643988972658	3.6927224278571016	5.020034602703864	5.446196697406583	4.806058832017248	2.765648275973094	5.149669906960792	4.182622090175657	5.3807662649689485	4.344317477439159	3.460701508010003	2.9758460770585167
5.394715976195008	5.045154428402424	3.7356793121181626	5.07943752772383	4.932677542020422	4.71845756281927	4.935308564893245	4.84639480009019	4.376489816849349	3.518373983448533	2.466201468822678	5.240626851875566	3.586195842242532	5.223108872633505	3.8843229962227586	4.913861773353851	5.53604383988916	5.1046915112077995	3.4029833572213257	5.273065740382053	4.33912154918419	5.45290581223206	3.890170342820935	4.118797938892002	3.148482032742139
5.4395735493471005	5.073090790204498	3.26982638826552	5.049475389109182	4.580372955016305	4.5283272920201565	4.853659079963132	5.043111671238989	4.282895006324707	3.566002724172127	3.0384909264211597	5.1814049981309305	3.746781833841022	5.154659914898321	4.376234038105342	5.05337533138315	5.586660098686718	5.314670233074219	3.5467064888495337	4.870787538030132	4.102732015407172	5.469618705607251	3.6508791757049126	3.5640377553623965	3.2375881331114686
5.299744076819545	5.193677568112204	3.261285915623434	4.842861902534082	4.586822399325494	4.340898426100801	4.847380421575469	5.05716523779307	4.336027529478105	3.4116311230668592	3.4746260464899805	5.214885921965797	3.7056356591915334	4.97864148955542	4.666516932376611	4.996604049840848	4.630055633143141	5.373442673146861	3.967352384479707	4.7921743333190445	4.515875918465099	5.283855409349174	3.280549352186789	3.517222617685025	3.4465614048321678
5.2209203247474525	5.249204590089642	3.2880769246286716	4.565344052991738	4.600685922191314	4.194043785297667	4.90276234082884	5.183367868374971	4.3778621139786535	3.7870538959412645	2.793736201604621	5.2540097465717075	4.073688319733279	5.007753134921966	4.944522740355691	5.316668823938066	4.337666398318512	5.312177293844096	4.132985316252615	4.701878469662529	4.997107333875313	5.046683050722635	3.205373509502453	3.4947013561161833	3.2923326528295624
5.0087838986566435	5.2389258526577756	3.576633815460939	4.767719462819969	4.799169889884857	4.45911740474423	4.894754343267251	5.300394859429482	4.629503566306186	3.43045548492303	2.60579524730945	4.874382114863697	4.340158216900599	5.165976721653786	4.987303819884229	5.019036254752047	4.115098803508607	5.475032921860305	3.8023271033865256	4.36641401415913	5.121937731868006	4.804448998335449	3.226410111606681	3.529048544447793	3.060188613642461
4.627822123317621	5.285608017291999	3.9064911294563807	4.874391039054544	5.062076653375196	4.420906215931894	4.860550776776296	4.9908642085258155	4.766640513899779	3.1095604488970947	3.060098106312957	4.5258024874552945	4.432280452959214	5.232100829469938	4.900464787791489	5.032143945933179	4.076144736090474	5.496516475359041	3.755155199136798	4.590706475586253	5.133634771601252	4.404516281526857	3.4346139410485748	3.9313986226656676	3.0833928166998223
4.238023585075881	4.864953520270211	4.442676306394524	4.022095112872329	5.31234277136338	4.530789335559833	4.7487452980048035	4.8559785515683265	4.729699439351828	3.3463127821836665	3.4648939243871295	4.547201210875867	4.265055419985854	5.471351208974504	4.75322909827369	4.816868308792566	3.99142598793517	5.545530482607205	3.6870725747448603	4.660289565987451	5.1472397233070195	4.355897015559947	3.5730095659658128	4.003691313421144	2.9365245982572024
3.8505985473010114	4.728358062626537	4.404282167610562	4.002268140868152	5.369336937697251	4.303757503705143	4.804149345934559	4.793734574500261	4.66140957380509	3.152685530230694	3.857652371963731	4.287471459977074	4.259658913337415	5.497826024036128	4.989992679109058	4.9429974731991395	4.120353582840743	5.535970315431895	3.7555798041236113	4.64950806228286	5.1110447029692185	4.54653094919215	3.7673712715068413	3.9041700083610786	3.1657910838890606
3.7031330307300463	4.676575240956819	4.555244578818593	2.964125480958763	5.06520828730179	4.367923825022565	4.695709563163687	4.9632937944854545	4.211444964695886	3.115444760102119	4.629353335311445	4.715793872494572	3.9983139848888767	5.495829855869084	4.862205872546058	5.066508255155233	4.119649517818768	5.51799513597518	4.177899685896993	4.859331236431482	4.682891283045446	4.686728480520122	3.9679162068017746	3.652070573056213	3.0124778835755563
4.229771761023525	4.489331510263435	4.5460514182067175	2.6450202655243036	5.170681585924247	4.447357168877712	4.838591352679356	5.037208426347825	3.655460466980883	3.6234882971044162	4.51821479822744	4.703247168785821	4.5271594376536095	5.456034829392595	4.42429030946705	4.8661853747616854	4.214282815309898	5.427601148050314	4.620093673420093	5.015798277126903	3.628414368464452	5.093320765038284	4.375843190733117	3.629343369658419	2.889745236436622
4.158186902129896	4.628261457511053	4.423432523496166	2.8275625966308495	5.048107599089699	4.3866662997332195	5.069739528712791	4.972777776147592	3.018406865206674	3.5153175964265673	4.201226802548879	4.859821616174836	4.1935322767758825	5.370347005903198	4.349597603961803	4.660915938365241	3.888440352867217	5.409170779121974	4.598238714724455	4.922844992722075	3.7367935601693456	5.176165013604214	4.235718028140979	3.6301646266114203	3.0542922102435406
4.770314192436811	4.460889290819552	4.535432369375048	2.702637573787869	4.883138826697004	4.347565604339733	4.892557881086311	5.049854758617602	3.354530211274923	3.5017963823253	4.174021145019328	4.933591085044248	4.196337741454372	5.401388190308296	4.397504599746348	4.59985497396919	4.236752965302492	5.4425993738461385	4.765943913628463	5.043826112994254	3.7945535948428577	5.319850502399447	4.426241201628689	3.8610139906067693	2.7610363657334496
4.906186154385096	4.432199914837826	4.4104872776204775	2.942958590012173	4.561843196034788	4.1674970450411015	4.825707686271429	5.219118290850255	2.6480914208538833	3.6342440139177112	4.239262370876573	4.787441889679843	3.890030083901426	5.228804112216591	4.346674285355166	4.467846752338654	4.333477803953399	5.085152949152796	4.822053184166814	4.77063648422146	4.059151878974466	5.433291984500953	4.521287697116164	3.8919500129864715	3.027602475573738
5.176909109623537	3.968275607227347	4.133308333940899	2.948626024137963	4.491333710932743	4.118208085574834	4.742972919188407	4.932081961739276	3.303202141415966	3.753350518409796	4.253742514491199	4.95265817998461	3.9292013958839416	5.110866683742782	4.626737522642243	4.501391766870826	4.406591476677951	4.94969126006772	4.495293205499527	4.838170389334195	4.552719299450508	5.195728565537207	4.4487798206777835	3.8974320804950744	2.9024750432807447
5.454995886951742	3.2552930495395325	4.151406197271455	2.5970062485982046	4.481775126087397	4.1917644932048805	4.723427751320734	4.702063584408359	3.602307512842444	4.170094414598244	4.746460331589303	4.919309007649554	4.625804639417807	5.078138126734191	4.787612333337507	4.720386322196303	4.608989986312502	4.914719127096651	3.963939257582247	5.076351467584504	4.444910109493576	5.090934014011057	4.265665863125049	3.5279089215259063	2.9103090697568974
5.552350729801265	3.1312084313946213	3.9741135616458587	2.3952515472958353	4.718531976088668	4.60745583008475	4.908013689172322	4.62683799161125	3.485576955083289	4.167674965041404	4.838743564551861	5.020667448743366	3.9637369349374882	4.812810409677852	4.641579159047334	4.7215783144375445	4.670603882617838	5.105435111745262	3.4101579792567662	4.960267039138222	4.391798770364331	5.024736281140252	3.913399413248428	2.5296444256047237	2.801816754638574
5.652605035823786	3.1365683863398215	3.953242635933766	2.7382370985040625	4.702402459489612	4.466529792189395	4.950008655837461	4.595401035661384	4.375722455992065	4.6948444543393935	4.295823541646192	4.928805036424304	4.204899654563539	5.006715241504579	4.510157523303197	4.916315639900047	4.462362699184253	5.163521114146782	3.5600776426521636	5.128335523584046	4.20903353762209	4.966945717360714	3.9290221675825254	2.296440321882438	2.8277243664913736
5.593310683289786	3.300804115527384	4.453115142417258	3.607819343726741	5.2004007025673	4.628144978416572	4.9616044057589805	4.932492699821179	4.761837583347093	4.509033937258483	3.84655223299895	4.654853679674826	4.235173063874078	4.825969407451891	4.261235408146115	4.779355972177558	4.301671986153814	5.036514123764081	3.6483954363507447	5.177312758069136	4.081810921200854	5.132949511923241	3.61532308034688	2.3686979807669513	2.9384283421387307
5.563436532916631	3.8876477878347138	4.340647837450192	2.8595741619153605	5.179287333434114	4.504531871615442	5.054393743255557	4.994177734291716	4.854635657698888	4.387709114654426	3.223795284187317	4.399421188155815	3.958402095203624	4.875392584471394	3.806698427715177	5.174280595158446	4.632999875395154	4.936088292972382	4.279644178967973	5.169631123624676	4.274305818697557	5.267262853003577	3.713970304361797	2.524444458767537	3.158272602189399
5.587307495785041	4.598036887825618	4.441071207056448	3.6565242886106106	5.140044572386931	4.392933121887109	4.908391699628237	4.895206488962995	5.1159109727694405	4.203710507742169	3.534662213052276	4.3537869965325635	4.309225870592786	5.1275899538626755	3.7967800060479804	5.220702198201278	4.525208271690968	4.965997231827527	4.798546247740785	4.618821423187812	4.368543467155474	5.264079996826966	3.5602373377850207	3.5243211197364723	4.053393188441812
5.156926716050744	4.512876539273097	4.2109888310353005	3.9689178523161264	5.1298501097279905	4.620252863275467	4.984836291006365	5.027643140853718	4.297133121421459	4.3113904310234705	3.6452047725156973	4.389705329278989	4.373770765636365	5.179118044758487	3.6660701019304955	5.403984524262696	4.823781696088044	5.274747068103981	4.800785964785977	4.786570468725815	4.2775574443032465	5.172232610825567	3.2710175525478835	3.8759852820963596	3.8043709144317592
5.0906337595442	4.672308310173171	4.480582153429794	3.8819837880804617	4.72906253250458	4.603897760025571	5.095531240224978	4.694616185979387	3.902397272726026	4.209044335585276	4.139772983048986	4.455756257551615	4.262119658378706	5.328794768482022	3.823387576615619	5.539244537666919	5.06939599800553	5.465823535198157	3.772066144956907	4.769279165926643	4.532758992939934	5.231649200294221	3.4081896580366817	4.1100032716643415	3.528893576907344
5.031576844743885	4.487285621356647	4.061474812506009	4.389446140698503	4.603473925509612	4.636100056969242	5.121595888940526	4.7694120863295835	3.5523303176456666	4.209685145708199	4.968338334493338	4.676198840773257	4.417026344984766	5.415075199137819	3.4078256614007345	5.401912141086346	3.8859191928868926	5.5568949228540845	2.950003077808818	4.677312922009416	4.640271502718851	5.317341139478005	3.355215898497613	3.954867424053966	3.8479555795397626
4.835870573496471	4.4330867755228365	4.054570935432205	5.076595719931238	4.598535242533607	4.599986770939375	5.2198129898749235	4.737492860703148	3.2966148378247544	4.605095742840268	4.390350413759971	4.659667077374053	4.4932298889404185	5.259908697274496	3.3278436377119016	5.418597108570346	3.899642169855472	5.323330551418099	2.7955053928705853	4.565485342551569	4.4901992488080955	5.302444290800667	3.3376456904175114	3.488099542911629	3.883500619046845
5.018169064996569	4.599256804685957	4.307475299459399	5.120832045056717	4.67575055377109	4.675122007405378	5.290214670836585	4.69540728682869	3.6981172138115945	3.970316189502513	4.545790421783171	4.495828138916647	4.817674581167586	4.997662401944558	3.1130404954166715	5.466038546027345	3.93060158117124	5.192961325923771	2.693142588686852	4.651197867992823	4.86361635940373	5.435144061993854	3.7648554685700075	3.5539342222616415	3.329804879621454
5.1362746354168936	4.74156604990659	3.701495475255912	5.069615896084145	4.6115661378765225	4.617357623533521	5.364257616838813	5.04101338582283	3.8787034203504422	3.7479539273511024	4.469472044588438	4.666071287148525	4.713666843799255	5.021570738460672	3.18997917794756	5.496500483315313	3.6056536999489555	5.157066543858123	3.147676567518713	4.733053026018961	4.22443952321572	5.142810181882613	3.967659739778545	3.399107202319544	3.457908498194098
4.992407165966064	5.103609831721213	3.8777468103307635	5.219248838407785	4.6678597412248415	4.758077912227302	5.228123763401728	4.812675550222635	3.8642746636868988	3.8354651235897905	4.279747359418479	4.66430796503791	4.9437158095457745	4.717067149142414	3.6531173116281215	5.508925618727321	4.012635253432136	4.998632678382199	2.8812425180488086	4.755775546515186	4.295910987147063	5.251608535026371	4.33073929117477	3.535363854862045	3.6152783614050654
4.899450406765983	5.225418029407021	4.13285202730094	4.9918370960936675	4.711676383028162	4.956242087484589	5.382024427281523	4.739540804981957	4.370970949042547	3.802328269191153	4.239106234533097	4.819404793963788	4.428720906582667	4.7060032438577855	4.196066375012699	5.346479743339418	4.046771886628048	5.044515643290141	2.6933053267827534	5.273269241697606	4.591809348581887	5.236991445319142	4.023167070940218	3.791158701369396	3.5060387088885845
4.753545252298677	5.400169221985071	4.206327391749504	4.885738340008265	4.676905958317458	4.511635881893761	5.417148410321027	4.937457216111065	4.062387183254229	3.9366832376387135	3.5783698694360853	5.0141668479415396	3.806054956708952	4.937436266695463	4.4951023915598505	5.161850158316628	4.493129250851149	5.0988709316296985	3.0470357311808995	5.257404101631167	4.722914845331395	4.9775707890229155	3.6344986765445366	3.3311794699898294	3.915357248901757
4.5594623649445385	5.456876123410008	4.296352463533927	4.825746415089008	4.58330433421635	4.320286345987203	5.323304385550244	4.967420242100701	3.7304110859715722	3.952862901715509	3.522495502889427	4.760002543451409	3.762255632106039	5.207448033533281	4.664151046492052	5.15063683109722	4.5056754948749544	5.267369352679906	3.232696939445739	5.396969744081913	5.219525366927609	4.953527280175312	3.538432965764886	3.557714188049791	3.846584048503783
4.821301687992065	5.3632425027026684	4.243121641514536	4.701716461536393	4.716868846758787	4.0074125556639775	5.03267655457661	5.016432217708439	3.989642551377751	3.4871044497836143	3.411358860436081	4.707216341159969	3.5948767440073364	5.321577455827125	4.799190925724139	5.30952127702253	4.690968491445466	5.351681043259329	3.412508411583506	5.2552858967316185	4.940045534846588	4.829301173148861	3.3774138406143033	3.4805633277434156	3.810293193787749
5.331574446162444	5.312732410578867	4.380532073247117	5.072897511538312	5.018838412090413	3.8482684401094427	4.720777622080284	5.014708750059581	3.976263910504271	3.422685620107439	3.8522529025974426	4.5927250978752605	3.728662178518011	5.31194441949033	4.894468800157925	5.379938240210425	4.765807069738386	5.30164193090812	3.3584003943336893	5.18719579013919	5.146139392088428	4.587126821067544	3.2124201897021947	3.2379992499526207	3.8193128729371035
5.223118550423632	5.156244979939081	4.121516979786438	5.127383515266678	4.892792393531221	4.097117497789478	4.449822766651646	4.825132721481234	3.932579939711585	3.193003510184967	3.401252594788307	4.526182579415843	4.360361688255604	5.4801664494768065	5.058465915120235	5.497940889222237	4.749180923096154	5.199572024581205	3.258832396636272	5.299329477407309	4.820777282394668	4.871730199075149	3.234199045341657	3.4629894468791895	3.1420565400739027
5.3824691596629215	4.870074546350651	4.095086799563889	4.588951765956038	4.887745353915958	4.44991899930078	4.23940829732056	4.333761671604806	4.260562367551227	3.069510113890274	2.95925891918271	4.805010948423277	4.364707748201413	5.46448317086132	5.3235374006848994	5.4962846986206335	5.006166621175044	5.034650660244932	3.3503678646258046	5.30701961524023	4.385821966535883	4.904824163163737	3.33378944057715	3.378979565646887	3.0705522130387775
5.2846274726269185	4.541583463403639	3.953112541550352	4.8212067471454425	4.938968657983601	4.323797037516957	3.976069704287659	4.3148279393950295	4.096916072782698	3.0830260286421827	2.5453183411782256	4.976043675734128	4.68410904687268	5.502722155635043	5.150133695754245	5.556122499675314	4.59402116043373	4.867361595539544	3.1506547404672984	5.252854701559092	4.530138410575375	4.8751703873004795	3.3101067481416058	3.5294842739683094	2.9539309484407346
5.1651390558146675	4.373408490529794	3.9866613208448327	4.940574656679376	5.13645978418699	4.037711358554402	4.080332961391251	4.263785424351795	4.004458288504169	3.2617857799555225	2.6001807225921203	5.070725528458875	4.312298589201484	5.42833447415429	4.556849719409886	5.74275730851405	4.692934830141928	5.016499448734315	3.6696444915320963	5.4150875648538515	4.085518408041517	4.895007756613275	3.328998964076278	3.785949266295656	3.0268085023009252
5.119208091022824	4.341030906463519	4.27848643352769	5.158996817555993	5.150474534119338	4.025516365590396	4.119438555772182	4.545196918616522	4.916973336237836	3.2747292556773018	2.5740158049967685	4.9924198798713375	3.4219292649354958	5.306682484268029	4.713727619961964	5.58775277713084	4.855885319762815	4.923135799009209	3.4665170986526586	5.459089633417399	4.070505928245687	4.619730535473134	3.4517311200775382	3.380450959656679	3.808827225204272
5.218099024252341	4.377420068908707	3.8778237174324115	5.164616900084208	5.237241872992799	4.010539961563354	4.565865033223159	4.507514363965707	4.2752131618818705	3.295024249415311	2.360890102055346	4.9642674265945965	2.89291042623661	5.36199778712969	4.378041528012017	5.452616167915528	4.819716267558288	5.25167189399933	3.4371219072573442	5.449551831290558	4.224721217758614	4.6108402547162575	3.784391919050937	3.595252070823895	3.7387969081534496
5.400795845835269	3.839527680796586	4.214991819748308	5.071259927869595	5.555374931321344	4.161356770619148	4.837564051362112	4.608972992605868	4.051542759606714	3.2980733846813153	3.0418087397975806	4.821037854325441	3.2366288896598436	5.119111745385807	4.311837226612125	5.324303478989107	5.193938877438036	5.60731292846686	3.3939253922581636	5.391134464116828	4.2887595327410315	4.8405116125894985	4.011260847168848	3.197359901837013	3.2998940672655004
5.179216946065308	3.6566193367600075	4.4896101573001035	5.04280139730633	5.703328713650995	4.548472207193769	4.796298720019394	4.831880252208752	4.424538242954625	3.171129445078046	2.8571584309747466	4.940038974156334	3.7673788675293047	5.272653148190541	4.650159870432224	5.032057186944115	5.2512701200526894	5.424208975041634	3.2952679647807748	5.264068947506005	4.5011208075182445	4.920359578831473	3.814958943896357	3.2386622095140662	3.4353961765079424
4.800003632383328	3.2598181901571532	4.609943197365152	5.026261189624019	5.3935875685707275	4.682567990990033	4.884991572197483	4.713788983021944	5.35963454306025	3.3568496379195483	3.107036976514886	5.115849026969007	3.9863267762033803	5.210220498220244	4.614939762500226	5.26081960800742	5.000687075439601	5.540245952521979	2.8918886875414263	5.184509810218935	4.591592764674712	5.235789013221337	3.927280993859471	3.505925198140898	3.351808747654884
4.5931111399213345	3.232136278182105	4.5014525922080075	5.001529545498058	5.387372730318507	4.600259378702562	5.055566271916761	4.833173533478233	5.320126089481777	3.4393769269547847	3.0454577702344627	4.8330512236211485	4.6240513444805975	4.994635692860604	5.082270026878202	4.925016138379703	5.051175228517524	5.528463722341323	2.8216219053011025	5.227915423784661	4.762661094459161	5.185432270297244	3.9172582517593386	3.553595248273932	3.5457942117128542
4.611645448015472	3.5192237127315775	4.409725896292918	5.200284774848995	5.446310345580009	4.646563313878688	4.774116324298526	4.564884362892557	4.617639863384952	3.7114924555168756	2.9264378607969195	4.629794294744076	4.962095209873268	5.285880783365208	5.023847054957128	4.564784979655063	4.880585905342852	5.4477764979366645	2.783941239963377	5.341224293838322	4.899033878734384	5.216404568567582	3.523124207834847	3.8361124965235547	3.6688563999270274
4.670153583073609	3.54020063300412	4.348773747965646	5.225605891951671	5.49728108438185	3.950158090242797	4.809411849658859	4.451156001533897	3.7451459744106015	3.9023394251517676	3.269851593044348	4.696351547722456	4.374641034065802	5.1061932681832936	4.847724658250801	4.7256709107805825	4.909033305414871	5.469126680777864	2.6245038245354477	5.619465602980664	5.221121084745327	5.291728188932802	3.366666851320009	3.7684873794423286	3.604796978811845
4.679280089053311	4.138229298787209	4.4498072045083035	5.05272367600916	5.445941913525811	3.757349032952818	4.677787067292864	4.525911125942477	3.2905243133987954	3.5783793167911786	3.3728812279713893	4.388669756674855	4.388431727252199	5.301548245367862	4.82219144682173	4.704785722014412	4.536331103145075	5.468874849626662	2.4815021742836327	5.659894640002013	4.727010288314665	5.0676822829663895	3.6148535304141323	3.7454749165247816	3.6988744184156594
4.768529190495035	4.600730939001051	4.6072079425966415	4.418867528472123	5.530239247795781	3.761760478995072	4.618019385668227	4.675049653018283	3.4120972789998203	3.33323923361661	4.158461634302497	4.416069828090096	4.274053487228952	5.2977173873091274	4.73204249213084	4.709322398086082	4.166552356488858	5.5764245732795645	2.5673209050748085	5.577737700211536	4.81141659007146	5.013482251458408	3.5008105680456207	3.346904243644177	3.767365722751091
5.099463629874636	4.283975592802461	4.434560050112093	4.213868654408439	5.42709207640331	3.8587982272109835	4.611398705698339	4.963047450273703	3.63521849906942	2.887382809353958	4.941085983223802	4.546338625303775	4.464504429370096	5.175705524769233	4.658014922617486	4.956264242926147	3.89638966438187	5.63235088005717	2.758626908342194	5.120413471964137	4.729848337620627	4.794644046550735	3.7109021647838647	3.1734817772634725	3.354013224278084
5.228724733642188	4.283334227442809	4.114651910258227	4.041174970544357	5.542130887807856	4.357459167419588	4.755618407950888	4.9715425642022915	4.563516984725823	2.770356147599812	4.31180538761916	4.357363395814478	4.29994209561768	5.313193315141996	4.784308369801058	5.271832505819081	3.7561752023275017	5.605872342752965	2.9120112375320346	5.0234490176943725	4.530581678429274	4.806532540691294	3.895168792260702	3.076214813493794	3.273282422831365
4.973426842165229	4.303297593538581	4.072866224161959	3.7906330047995445	5.480561763463444	4.648305335015311	4.864857920761177	4.72220320515682	4.831908579887949	2.746627951579184	4.361326639648425	4.477469651398643	4.473363978633807	5.232526407793502	4.9368012182287435	5.171344548202346	4.597884423229888	5.635956734680999	3.0363751379904675	4.985446466601606	4.96583247449315	4.7509336679014975	3.963112035704386	2.8599391288295593	3.332580593071642
4.760894901225644	4.288997557501875	3.784876200379273	4.8174742592576765	5.4273527027391495	4.463914413901043	4.863555076501482	4.526813449987157	5.279460030944381	2.953111788656055	3.9997745253074797	4.485694068568506	4.832014619612987	5.4938359538022095	4.769791951204492	4.814112450382548	5.301344145803541	5.598122425979942	3.0226119406499534	5.018000293544931	4.750563928248858	4.831925590860784	3.8507091885011	3.0892261451488414	3.378947784882832
4.971027282120426	4.176203527139916	3.8070718979072216	4.217858725135607	5.161410710869332	4.317026155275162	4.760753815554664	4.79207789217661	5.017117708023296	3.1875306647944983	3.257794185611105	4.506113099115135	4.470006210982418	5.138065197002373	4.797130054315907	4.972961593690823	5.311857919036854	5.66119972544536	3.338864097244435	5.123864652378629	4.859826624485634	4.838399168336786	3.5143308752966815	3.2769508961361944	3.955719812064868
5.159374989114186	4.927191556315034	3.9627094198126005	3.789796045898303	5.212154819757831	4.3147588466372655	4.803430565689997	4.230260717750862	4.950583888790523	3.4902039563726763	3.6979151893374325	4.780350524451523	4.8846185657486165	4.467291272862236	4.936959700278343	5.006461185191214	5.241744958675455	5.6111364168248	3.3233107613648976	5.15201663936405	5.287181542302834	4.8584348016552195	3.3516274694904347	3.304439627066356	4.028613523173332
5.107742656569717	4.8661967876258165	4.230985834464246	3.709129637562893	5.195756444427348	4.089103256562495	4.802054007066167	4.172253102987587	4.688155851241207	3.6508886897047907	3.2956970136728314	4.926690151843495	4.000127640882749	3.87023972586359	4.747725946808835	4.821676009493751	4.730843723644142	5.523898505317136	3.5180994424102816	5.099484711995107	5.3217565699116145	5.130645813394276	3.296667827264246	3.8291170120428926	3.4658514329203776
5.282845604526437	5.063798258128895	4.389204442198685	3.6152070632552196	5.282168079442341	3.978762618396336	4.6703063594392065	4.2367006888302265	4.6987684705953665	2.935285590795622	3.57304701319472	4.678590381697444	3.1344261075407003	3.757052937325895	4.879068805143359	5.042279941321793	4.197063493565074	5.4081508488630705	4.209512165840156	5.064523521231502	5.460570195783157	5.128626256952187	3.262865937905664	3.5679071711626658	3.317005670033275
5.193824273229519	5.137338127334642	4.659855063178872	3.1534646924698473	5.314902885246975	4.401971649840303	4.483764333308871	4.3693855893122615	4.58345475152974	2.922782510070298	3.053466206670438	4.728837026262383	2.8736371632661717	4.176541305171557	5.093012173358896	5.290167017907017	4.121063839336144	5.518773931868048	4.398315341445978	5.293625905264232	5.006365050747516	5.2812361269128365	3.49054041543722	3.610146410434375	3.3703604340729307
5.1996978928253785	4.945998948272399	4.364556106514434	3.4934526186119887	5.566080569243964	4.4600405378962975	4.661136505435106	4.51231458376648	3.765247362541651	2.679580495965803	3.0292605086582816	4.46309336893639	2.7820748377703386	3.9126841746489456	5.120556113232334	5.284112548978837	4.016013045774413	5.46171415943186	4.8192536586106165	5.3235086087519905	4.958504501441405	5.296756939357394	3.8007930875574742	3.686619887165483	2.694649716329157
5.304734545597327	4.892320005562165	4.396569786583008	3.3759993149676393	5.499029373625371	4.018295852088719	4.964706089670647	4.548662146524361	3.5369463678355197	2.8079386699434083	3.3223575684938473	4.465240313460265	3.202439338080427	4.075943645886908	5.255427485872811	5.3307887041392	4.180488984428605	5.37407140926847	4.777697319875375	5.382606850543894	4.761877516815571	5.2624329692614	4.026991881548915	3.4474736968659676	2.6366895159503585
4.702855364118753	4.8414354635244	4.060406074686727	3.3563339088785242	5.478281881285281	4.571240308965758	5.218426495303815	4.640311223549626	3.5668432308566143	3.4353084731480377	3.5394992443381246	4.754334195665602	3.532497096551284	3.6026815789328066	5.178993910116506	5.411767037135373	4.602749117951434	5.332057637725537	4.702949233439468	5.503102794626598	4.681173824952174	5.441764588885748	4.039696261001549	3.369476021288834	2.8994937174778874
4.469030088598462	4.7634708753680535	3.767170688446767	3.8535059931609026	5.365990048467273	4.661796649577545	5.448085971849008	4.91195053624729	3.748829441945256	3.427851516950764	4.097513164837104	4.8818759996223875	3.2938220537454095	4.02425008090896	4.932565115504004	5.412639618361385	5.257361902860482	5.176386496148186	4.195225360827073	5.5068329150770206	4.835604407035646	5.244321179132864	4.3119477344372825	3.3358176669056996	2.8395405964318727
3.9940069384808092	4.884422465149169	3.9239937710827157	3.5247923284253257	5.252944702722751	4.64773000497521	5.142922126876211	4.817581489827752	4.300439665843734	3.792637347391502	4.579504261315434	4.965089896985699	3.7493213016056828	4.389492827165995	4.8507856250154955	5.486486720684514	4.897578452480135	5.1619303473294265	3.7676549997610254	5.59329364219178	5.017565067706123	5.177969089117291	4.065276575386373	3.3966058440849047	3.0989484384026738
3.64068419274014	5.020284879593896	3.891937690096865	3.209589349432124	5.279717951000431	4.780172159020819	4.896803553102235	4.546300889439566	4.125705155297122	3.0432508212089164	4.8704825403927545	5.043463292274363	3.7703635418152315	5.148988392071712	4.797716735584558	5.34123496085254	5.002376443433429	5.250368968709578	3.8093467353742243	5.616125276593632	5.008460716624899	5.247835412948352	4.094783914730387	3.708938198895288	3.452724801451728
3.5067035649164287	5.074546466447848	4.132114481926818	3.0323817177671297	5.231358679478691	4.482986985821508	4.779612834559956	4.558692310924427	4.051441445829542	2.797749046965188	4.690234602844163	4.937519927568782	4.021018997901746	5.307603529619394	4.954319468077946	5.319168608137338	5.021674328696364	5.2442248887551735	3.8649979241884553	5.458582521369122	5.069320098983091	5.1218954661448475	4.1817901524034005	3.6596030663239603	3.449248983988241
3.4532417528645545	5.036982912241989	4.469592424915127	2.996221162271101	5.235053844840327	4.525808720511905	4.483813686689931	4.60965918160733	4.329837502526025	3.0492002563968725	4.990961206841949	4.618021083497262	4.303058517481036	5.141298392773143	5.014783967678956	5.041730949504482	4.988147454451299	4.8094154999367	3.9993513467959336	5.461318783255939	5.191451131546844	5.203641007830975	4.1090016800808895	3.7035915790386262	3.306669457976767
4.171632978153977	5.132810879667054	4.499049015190728	3.7162312297672715	5.4468987804859275	4.392940809615678	4.517581574775851	4.590596847698114	4.34316398585074	2.641979124282839	4.976248346156256	4.477118100059243	4.523904704293352	5.179524655325539	5.261339883971372	5.033604247084318	4.176419795666423	4.164005058406465	3.7788554336611786	5.3950539381494895	5.187457186803969	5.236106964712557	3.919701966143363	3.599808783659419	3.2281886425039414
4.200167595764597	5.174190995911594	4.227913887764343	4.579826713272352	5.6778012403080895	4.58656071634447	4.642303261282381	4.6620257545459785	4.887516241441556	2.8406343397395224	4.970438375054278	4.387461177333815	4.235470172980438	5.295952801815869	5.0760914331107285	5.092471201143681	3.7222763965614107	3.9188018666093622	2.9920893886521167	5.446544947550157	5.059547564442488	5.176389330846729	4.211842128533073	3.6387922736526352	2.749692146257822
4.225789178832361	5.158810393341067	4.026846538262626	4.138334573223938	5.765523872084048	4.598682317432791	4.561783065607396	4.435883739118504	5.37064408468462	3.475386133257181	4.958952254633721	4.358441470251195	3.3777245034029795	5.06436952252089	5.024566267686904	5.059802670948608	3.298301278455655	3.7589207303482524	2.9351293832291687	5.0779589194343	4.445601919464811	4.7641864390813025	4.185119853345978	3.920905794789592	2.702204844263846
4.439604001701085	5.233438388793122	3.6152120626438813	4.1497232258138785	5.756724501692896	4.739688629358076	4.533343135808296	4.594364065508755	5.341317717050295	2.9632789541459212	4.960061371952667	4.455280670757426	3.5244936310680104	5.19486140501668	5.137120481870312	5.401474723927519	3.2829749432382527	4.278777273382712	3.0327598341403363	4.9624959032471745	4.236609998125417	4.779883296334157	4.477112149211931	3.530608909744915	2.8155131819540475
4.46878324700326	5.216221554973994	3.7239433487031737	4.00516188807267	5.73386508115369	5.240588909264733	4.591885248560391	4.0872845013609025	5.3648613540711665	2.537242929867765	5.113585694220695	3.971067983510734	3.4286276337133135	5.235055745966266	5.024193941318792	5.505436579017946	3.70171748815745	4.513197911848304	3.2717581946655216	4.882640396898738	3.9238868614412503	4.779744785377996	4.068970553185547	3.5566274699911897	2.642204459476846
4.822850348861015	5.293019401852535	3.898467487466612	4.21112797737642	5.6816774135637225	5.147046214300335	4.455492008087568	4.376153135787779	5.479758167922708	2.5664026212391464	4.742205880958475	3.950051015186624	3.401966921332384	5.255999643391931	5.136454811946266	5.527011065228339	3.9503269730703554	4.845612207517824	3.5839438450023735	4.82923768541505	3.946119000748527	4.866946591094953	3.636255155955368	3.8643276850863932	3.0359869471658385
5.423179917184885	5.196725293477283	3.7334933421716707	3.8789870675794975	5.709659065026233	5.02089798738065	4.347836745471508	4.467869634748605	5.165833189329452	2.6756334318556494	4.080961008790329	3.839583879361542	3.331083670401127	5.36897661977801	5.133463878358508	5.579258741633783	4.742633745556296	5.060004117240712	2.9249726215512375	5.030030605953279	3.956884442446298	5.046900763345764	3.3766100682420723	3.6995222989025933	3.124936302329065
5.253752259277716	5.038814603886191	3.8713145708304952	3.501491972399433	5.6176078406685415	4.755402509392871	4.389813197684627	4.8389602217022185	4.451740255986088	3.38523379633195	3.5690748696541665	3.7410748177217754	3.3340179015467855	5.502583128546193	5.220684122526219	5.600882609958143	5.052731826475314	5.071739640065022	2.8024580011731226	4.9146070082811715	4.4123988567384975	5.193210906341789	3.1130671893143393	4.120366965454003	3.168742475965487
