4.350006252476014	5.094712277113293	4.801742581267571	4.68323704250937	5.115044250123689	4.656285835734274	5.419037332816069	4.925374667314568	3.7568745387124016	4.443429358621481	5.434949649500191	4.422169458470864	5.215637295459921	4.722753236495082	5.406448171924523	5.645347510739196	5.264687594300531	5.693701294549022	4.519713377847272	5.194895191461453	5.683477232160383	4.6980410061683955	5.356081905026184	4.474509625655232	5.286644803496345
4.372201332428215	5.3056646711128606	4.859788954669384	4.599566102893485	5.095853120587432	4.970654424792992	5.354921233701473	4.897594189021597	3.829427707659776	4.139248004087754	5.419638386336346	4.433039936944379	5.196581218796609	4.789297246022673	5.194955825060882	5.681849603672612	5.097424911518777	5.659642099771908	4.392127124238494	5.193085062216227	5.587705707376024	4.658351299899072	5.318212888903835	4.760640235067208	5.301347983270034
4.12703064140815	5.2335259049158855	4.923936248277537	4.6867677455057235	5.121794282797778	5.224339474426456	5.253910021506333	4.783803871844311	3.744175113124591	4.015057676174269	5.506987940204103	4.589046784398852	5.217267484344138	4.991354965760693	5.109202714557041	5.4885336858389175	4.109464325653607	5.688830427105057	4.233635095049736	5.13588684415521	5.716964491033698	5.145572933216621	5.382990406073467	4.879248998895431	5.042868113446914
3.9225864664367065	5.227185506571398	4.929341644584314	4.883726993668341	5.1844498976182685	4.90358726445846	5.096013748560742	4.761991804224815	4.125739601286898	3.9828451070585613	5.547284588333677	4.833231437395267	5.3085749269655205	5.000404951546083	5.101023596680005	5.339218477840492	3.9499041705409588	5.641093515502759	4.65674773526759	5.168102356533713	5.704510344925742	5.143634878627962	5.364883159876396	4.800072700062735	5.070627569836745
4.060653899118772	5.215851789885568	4.805311117546682	4.98051187681929	5.44963881252977	4.709759404475419	4.884718143195154	5.221204728444451	4.232095968743012	3.8247070359403694	5.25096017983564	4.98745974249308	5.332975082199656	4.979053242716585	5.033519151381374	5.6132771247190645	3.5877069982935637	5.538914773990703	4.551005505235925	5.163420604162335	5.744433294176678	5.267030837606146	5.417418894702048	4.316314362726859	5.118908334187563
4.145623318483735	5.088613157233794	4.82608236517305	5.002675422908937	5.482534726660278	4.715359872822968	4.845547546945498	5.282532299783882	4.1598190100389365	3.7551835847468795	5.344382729778448	4.982693720957568	5.284359237582313	5.017730137713475	5.117533195951241	5.448501808250495	3.5780382347579023	5.517025633006284	4.6837798517849425	5.267033052723918	5.629209277812661	5.29474001134816	5.460141953230203	3.914828580946325	5.167601581983349
4.00659797231095	5.141827268936569	4.926025520552047	5.042706265028336	5.309212248498356	5.019767684301778	4.75491965437684	5.245627720854294	4.153456161726057	3.4685226927895023	4.731022358560534	4.972613245196243	5.111330005210909	5.049972620273445	5.01059247726365	5.351575444188038	4.80996777170889	5.451425482997223	4.779395580744973	5.367443134986423	5.645223123018182	5.266699681993711	5.529353043236301	4.43337296503651	5.40700295313619
3.924584200604013	5.137536458561745	4.905838024466384	4.870703006783637	5.191559052060193	4.971109940144984	4.8312362401366045	5.3062182653116094	4.056571677218454	3.3936953471666156	4.696310059531188	5.044396650724125	5.1966363897796	5.022232959857811	5.051658362896896	5.431107314562704	4.9777472251412584	5.53304513326843	5.0939552196576905	5.449780684098358	5.567199333514781	5.406109206337021	5.512631292353699	4.644619225449098	5.126086439820464
4.0468064713988845	5.048575302127943	5.003682325406239	4.666350357742617	5.191955408546488	5.067169967653122	4.735815025963133	5.184687035780142	3.948976743514778	3.501319760485159	5.068768057026446	4.819402119061296	5.166671027504008	4.9775640962533565	5.185142090699667	5.607368632176944	4.960182080442663	5.571518727649439	4.952246719984182	5.5145626747798575	5.493201989424139	5.486640515955272	5.634108319613348	4.418642217091649	5.221461287870577
3.9270719571707167	5.049049018195323	5.0186035835668825	4.287478139993242	5.216680131774328	4.975110398647809	4.151072682933254	5.045052104213793	4.038029715966253	3.3448359090403885	5.38598874603589	4.6709698679113965	5.127450035621343	4.93898462505342	5.005108415350323	5.635393521471205	5.0309246381348	5.5810376752750885	5.342494299464132	5.481408206109393	5.582842296061734	5.464500252304857	5.643018409564979	4.895358334717893	5.03920185169837
3.872229598249414	5.007388559405633	5.031051253909449	4.150095393442946	5.261727217146504	5.176062458732716	4.103784237526737	5.132465857157107	3.9488207357548015	3.7996342471595206	5.4192937075982845	4.6973489012477865	5.183729077669369	4.873248414336527	4.809754066872037	5.504523658396172	5.063100418989797	5.592558275052438	5.1954590481467875	5.440655447135059	5.653333705685355	5.61564615584598	5.668665313196638	5.175340663929087	4.960422508401649
3.8976926065240347	5.032454511022968	5.01116305003239	4.379454596655255	5.262435010521063	5.262347399269601	4.306728212196275	5.004942107593462	3.9755554397934665	4.27384604133692	5.317439301461886	4.793989407194792	5.162097712853467	4.997469159280135	4.936074552846922	5.43489535432145	5.102188178491956	5.5218292403834255	5.024737544259087	5.59025336191125	5.626025738356758	5.609618351196604	5.609385360594605	5.0147137442311776	4.551401553486598
3.711314243541716	4.769310803152442	4.989654398792152	4.339657694388477	5.155950283158059	5.257680295281061	4.817863966793831	4.982873482263939	4.103055303363246	4.06995501884176	5.416511753986231	4.611666566695043	5.208187421111932	5.011401408142109	5.2270255268129	5.526114236433986	5.203255785467152	5.599081808370428	5.045538825593164	5.603271524950367	5.611977279553298	5.4642005908002735	5.621588847699922	5.082567813398529	4.368401164762441
3.738014768486851	4.9742310224077455	4.903379959141288	4.415349055144691	4.998263377883219	5.219067696509829	5.031319965584487	5.00853503075452	4.036625230963001	4.24066074292408	5.599554290043528	4.6909300088459664	5.195400029050201	5.159901003845082	5.189137840366924	5.57978957285086	5.3829833572718035	5.558361216568771	5.024672825603968	5.602409682872375	5.558314156975911	5.395693847476791	5.4627604128265945	4.85420877167247	4.502563826288865
3.8549081266962495	5.009165116367211	4.760208049309606	4.447680751101075	4.931901201068551	5.274353012855858	5.052662188921274	4.88729403005962	4.282809603988083	4.219867677741069	5.543214894138557	4.626873654694645	5.2936512102265505	5.149362979484582	5.21665187500159	5.628235962891596	5.346873156002716	5.481010308744193	4.885271913831243	5.569567878581668	5.571114369456317	5.411800847122648	5.306807633858112	4.86897842235393	4.642439424984374
4.15099536319213	5.063289174943727	4.809450959131067	4.049970230106959	4.871696208287376	5.320831080352102	4.935028448253621	5.013683817658714	4.239116126858659	4.145370283619535	5.521198156390409	4.62147510459089	5.198526245127661	4.910891907575814	5.1049004577109685	5.675117834143411	5.313203511907906	5.502774679447087	4.992081931560605	5.395667066587927	5.590491874893558	5.505815937075351	5.342298593057587	5.005170627294756	5.156931806982746
4.719670602730674	5.142911097022299	4.750615050228172	4.217163763390656	5.062673734247523	5.122060609681097	4.8214769189205615	5.033617764461756	4.351306329955363	4.227903776829438	5.5721482913676255	4.952461508930059	5.181318703606958	4.761324801127775	5.0477282668464865	5.593037628106173	5.054413386243456	5.44491091031343	4.347874875365736	5.241758031764644	5.672529990983099	5.379441731285823	5.353105037431568	5.13181875006931	5.335905815932643
5.343370229484263	5.063884507142056	4.842757847605998	4.4141441651111	5.146095742095548	5.0467819722446	5.012842565098259	5.075003216858626	4.377161267739792	4.242524924846115	5.4985793392737925	5.100093082044715	5.1446840235374935	4.598568585277339	5.020001826102806	5.5651212217043105	4.75050962521295	5.449215498178623	4.031591053982454	5.127031063990469	5.702162642274916	5.287931471709457	5.301167468538558	5.204241765919035	5.193338793619691
5.612562363020227	5.139100434714833	4.749203212236678	4.555783674413735	4.983455759853662	5.025961358004435	4.915038247625969	5.0719615396509035	4.2713871579528595	4.1754666160095955	5.305846117247504	5.168604110595174	5.124427270687595	4.645078019800344	4.579276253884683	5.485936629488232	4.775782099866089	5.573627127878689	3.758364466840786	5.21158884957812	5.584223646084779	5.339663680864099	5.4795787959674245	5.131189535267779	4.627859724871665
5.2485705245811625	5.033443827670972	4.89150341018928	4.563347139723153	5.018404013394829	5.030051529773107	4.816412305546061	5.022686987062101	4.324545759067899	4.075136580080398	5.333766466274968	5.225748761355921	5.103354349006643	4.463061467591362	4.632762232903135	5.425560208199286	4.3178515437805345	5.59319308880075	3.682274059687658	5.264680032874143	5.6624767379648695	5.1294487549840655	5.4538047587648935	5.1268616699923095	4.703042488170129
4.788231353013516	5.0334726637324385	4.938947708791291	4.324945331112345	4.970444813126852	5.132299907770177	5.115977862549267	5.057104805584205	4.334146280988815	3.808806654197852	5.357751075438158	5.175565594004642	5.235156533956939	4.52701942877119	4.8636307345881304	5.254285744651907	4.2380282093270125	5.609682764023371	4.5007020640514135	5.306617933008785	5.692544262932071	5.311449787843336	5.420383711880011	5.185549185362516	4.550690872850812
4.01785869135361	5.00508622598344	4.506927510548491	4.2873438620120945	5.0287616193350635	5.090218340630581	4.86124427356404	5.203902736902052	4.346043561483991	3.606665041355435	5.207665768500062	5.058467818182001	5.285960947238491	4.521633211498321	5.107630861151987	5.2815098684471815	4.674486009103117	5.680404543683223	4.718654347102032	5.557659776845265	5.6246855470301025	5.263143475106881	5.393276771339855	5.312428481250158	4.462846170127207
3.8185861312927183	5.0857634606545785	4.6596428276149755	4.437793301049498	5.128694966587295	5.032557234720655	4.686055838978085	5.207784539093487	4.338834986719063	4.110391366325145	5.275508989186907	5.126434372322226	5.2777868443132645	4.681447439615753	5.078760249120824	5.590321995042464	4.873959593582585	5.657760036550992	4.728144981678503	5.518711674196667	5.642395687219503	5.316297927413364	5.325867173369036	5.3973513196940255	4.553375808549971
4.099136496126913	4.92403484164342	4.589777707503952	4.2818335697532826	5.120140254905068	5.352301834221063	4.705534272192701	5.177381529599155	4.137151551413828	4.3014480269445015	5.1484238816279015	5.099612118136465	5.337375399349328	4.892151168019115	5.217679751659974	5.7512582619221515	4.992608738611718	5.625931233151731	5.017572074921058	5.357749081412957	5.5767021212649235	5.355513208428326	5.224819834261157	5.396125397435471	4.34130992729213
4.414445267191326	4.912096783829222	4.230154476233201	4.340418499177117	4.985688336247517	5.258748272111904	4.966126420693209	5.194240463490156	3.9954440486945	4.1005116872849765	5.298622816827125	4.80850847787033	5.358856909784324	4.823377093484779	5.217686131058229	5.729095093319184	5.011388327013498	5.602997861036909	5.089955228486754	5.30552524803363	5.5954194953313285	5.317340608818104	5.248530149142622	5.39547611203703	4.525654902646114
5.235476674962029	4.77621061572196	4.729222914655454	4.416109193098186	4.959317128367195	5.344869980931522	5.303196256747757	5.165499433380244	3.9436770140839825	4.247005747599474	5.35446279327888	5.0285745640822315	5.332753313214291	4.970517445349136	5.229644534748555	5.631959629967071	5.076813651732559	5.5509501450262695	5.178678635884781	5.305910528760765	5.539010772555227	5.440663608747348	5.211344341815354	5.242970924590822	4.657541491523639
5.638620037748505	4.71134759258851	4.832928610371618	4.300825828922038	4.915173002530985	5.275809665183848	5.274856787914623	5.071015601937762	4.092513855246995	4.111008721391655	5.455339498726851	5.0778605700928425	5.167981518164529	5.151102722884437	5.137724146461569	5.581843542568409	5.027485690258731	5.584266518483978	5.359662584553809	5.313485194321876	5.55579472564739	5.455753394119786	5.421310929056651	5.221597661122861	4.962291836772153
5.592431418072589	4.853818687842302	4.720456110646933	4.480638385615816	4.927906013482342	4.987561926516631	5.3919627956197616	5.1330397884714865	4.1985742518613955	4.0124722009698335	5.473711756580193	5.1355611583157685	5.118558273035108	5.16786118958403	5.089115078049008	5.541111043231218	4.809643315909684	5.530430131186035	5.201574043654978	5.252822905592131	5.56113349218469	5.451023486887629	5.4264666264512	5.023236272541001	5.0205857582336
5.548069942314138	5.0657172661699255	4.6968490781082375	4.611544069175895	4.934265622453663	5.02269730578092	5.5318525239208505	5.03067597553994	4.242757281674251	3.959022422539568	5.513637167163493	5.244477658040725	5.207546993106965	5.1222460750520415	5.2487803161942	5.606705009692514	4.896948544471111	5.477382829915844	5.176677334964578	5.351651629312871	5.598309995779394	5.535052026762427	5.299129992075661	5.189897373233212	4.951072511103107
5.148164913253435	5.043378685099654	4.702274828564712	4.4615764271107965	5.041566409471062	5.091049410863208	5.518934342312884	5.002796949624191	4.259488113216112	4.10686369073783	5.492982855083011	5.054696585030737	5.213185546312442	5.162401697509261	5.2570701393060535	5.578468095714732	5.1538492211297795	5.612724597597289	4.630922138750182	5.249503393295741	5.544636145372139	5.5357323150515585	5.37487960246642	5.073956860992005	5.3090746594161855
4.397712615377967	4.961054935657872	4.631895845693945	4.524084278209313	5.0231089454004865	5.255494875181411	5.558456574013276	4.849916502238746	4.0506575146935	4.264239291603358	5.3618632065098355	4.852712554467958	5.250365680093499	4.849375667328698	5.290058382499693	5.654032448025821	5.086511246409046	5.663153827223421	4.005826072107517	5.227192381807562	5.430603653610678	5.549931156664205	5.443007672279008	5.080079647799138	5.258469296130195
4.091865885639226	5.098876337506099	4.642009171543916	4.289868995352642	4.989104465248487	5.44044332957892	5.551879665851549	5.015429310141294	3.925816765547988	4.607023022426451	5.431674914462887	4.906540656152161	5.226539031891781	4.80786830479668	5.158911920474538	5.706655168991006	5.078141860380929	5.638316781595704	3.6961919762959936	5.144819147030898	5.48262281161659	5.673983200622605	5.4281559527699725	5.201879189064427	5.064760829717093
3.7334031909919205	5.118593868032539	4.792313251365325	4.448431087459247	4.829450978524514	5.3469330125128804	5.482752248113424	5.135778791892172	3.806650057733963	4.800700166363503	5.541415948178199	4.864045481701039	5.227057671072597	4.720500840046825	5.127209814403457	5.74923650523682	5.1611432702276065	5.643755458845233	3.6600439016690807	5.166346358573484	5.564798720819814	5.45376572058257	5.53351244357017	5.175946040891318	4.912704419714443
3.6575502174102583	5.08419468382362	4.950779359524301	4.545357729338428	4.76205218322819	5.226589772599489	5.540672895134319	5.189930420241364	3.743978648541388	5.056435544836937	5.1786064080514	4.785769493193506	5.153240479520777	4.789919379991865	5.087039843389963	5.7501656014002185	5.38381932664624	5.678797284612745	3.9550978566278374	5.230341430852578	5.424398747348386	5.503250320097247	5.489748132456242	5.071874428132203	4.8339208307713895
3.640195604403993	5.1515097823884455	4.90527553117153	4.709621762107314	4.805692327660357	5.251302837781331	5.528351939636228	5.134422157530533	3.7335000553090065	5.030755001383091	5.1528788801326675	5.1301341883730185	5.108523901645555	4.689384659168997	5.035816030700868	5.73440331433029	5.198414526572548	5.71690470253045	5.025534569905599	5.210763113552528	5.5038258596463905	5.491604640781801	5.416246839396534	4.786091366308101	4.563718852555223
3.512057103463992	5.058774477623443	4.7697032873013505	4.734614027054151	4.857621482893967	5.22360684283721	5.3254876623629634	5.029907744075938	3.7439412692696092	4.873958049883815	5.195343072016839	5.296835401857762	5.203757778749065	4.6698203772763005	5.060289145931604	5.68697141401259	5.040222151785676	5.755611241270901	4.823045539957554	5.132583298714584	5.4127647264636	5.441261747076353	5.451691185841338	4.874756238070324	4.391598068616262
3.734994264523723	5.100258480375393	4.797393310554345	4.8092916347201164	4.874516513996805	5.171828632373096	5.2548510242911695	5.015926169893025	3.960429144055265	4.239575866216427	4.876544919562721	5.262720627497459	5.335455472230853	4.740214170043005	5.024384747619351	5.631466849479216	5.074122757082777	5.774754045615166	4.739053193224391	5.120985333752192	5.375738949557245	5.636840389007825	5.530030602209292	4.468487690826558	3.8105234849538197
3.9029321576477303	5.0313103923906946	4.745301614425225	4.445506323148629	4.779740369468206	5.260460894349145	5.085932962309999	5.137296925117916	4.057208250712732	4.2327542963661	4.937433605164477	5.355655537993252	5.3412342019335926	4.693324458364887	5.11616835261629	5.656243968619624	4.94662589951554	5.666568525547209	4.445090360961938	4.903166452461137	5.5099919740661925	5.529097431944399	5.513706911260028	4.492192007388515	3.8575350940132536
3.5625182982566885	5.074894033694684	4.660980893798373	4.333555062741249	4.743214328971929	5.229194297154863	4.8821058215235045	5.183548475024753	4.107896583817496	4.24085067325037	5.246909481012236	5.171285949926031	5.282231111911074	5.025945046269724	5.117174266732017	5.72551917018787	5.038990685692396	5.610979617226417	4.350384462307773	4.909948112942369	5.457187449970298	5.537807733015543	5.571385831814928	4.747053338961071	3.770661743687028
3.9192740235826364	5.173367226940805	4.684361373250589	4.184349455186969	4.8716342280092855	5.155852449520325	4.721689886749964	5.058462058430886	4.174394673196417	4.189394446513674	5.262803362396871	4.900569698342635	4.888960264489884	5.089151771697335	5.0470731666377855	5.650805291430105	5.245118313088478	5.594585704829002	4.447676554636938	4.808128601835908	5.603700903185747	5.594985426517375	5.527367293738243	4.386319439258493	3.922965112453043
4.123815609574765	5.18060971787096	4.627771975111099	4.173362923140808	4.775771559311359	5.060771713133589	4.9167423390795415	5.064746886691107	4.142273167863128	4.429853332147015	5.29804861713071	4.856678654116229	4.6100939883414505	4.902516127896353	5.100184053427465	5.604437383871632	4.536863382901449	5.653646604078489	4.844305983651266	4.636757902705046	5.606580008283365	5.348489346651293	5.493525374036932	4.582687114012113	4.2116202482699725
3.9235040749553916	5.2306511279285415	4.658090155151302	4.260759427622195	5.013905906666611	5.003193909321364	4.845973571517939	4.981952085731698	4.140395692898174	4.790045953953089	5.29130780594752	4.891081129409021	4.632821101867967	4.985657977341331	5.138796347197228	5.6014754694872595	3.6847923221315297	5.619366564784832	4.842905624204387	4.701555459752027	5.591075976510034	5.5096130307378965	5.468921135062924	4.859346245077445	4.0949028412974755
3.8719877321515037	5.1837995963327455	4.7590546732216135	3.949867976544967	4.929378646274898	4.9955179871220965	4.806765269788202	4.987313614831908	4.071878649903181	4.726328097500539	5.409184910006794	4.772136498023743	4.680021734436996	4.979871007060611	4.8311639339928725	5.471495330363468	3.229887774513786	5.670205951039854	4.996228592469786	4.705917499051805	5.417192386171755	5.535914860897288	5.482298126532077	4.9675788663721985	4.442280766060518
3.999376936638242	5.236007586454872	4.751143803314441	4.102883236291638	4.986071251725192	5.369578337882695	5.1904450496071455	5.125662718959413	4.139233019329909	4.745043342341147	5.528105123821865	4.878130726164602	4.908595208532975	4.931201363676169	4.7355892649581355	5.513056878302932	3.3412362914996874	5.738448595851164	4.586263373384571	4.764334776421732	5.300336738525886	5.450409404617044	5.438773630314002	5.2813077118955984	4.492003642027609
3.5658425093641943	5.233292864370728	4.640786505277654	4.37664672666274	5.131325237180098	5.479673836082805	5.115950646155695	5.141685108038186	4.141830870128937	5.23985026379129	5.50491650835852	4.890943237791323	5.303966687438874	4.8135329808999545	4.7562391784085225	5.563986524323738	4.30843242508504	5.647847497560088	3.9239031630028656	5.196480780262081	5.3472477314684195	5.520221441053766	5.405171172263497	5.482454553969998	4.733210339981432
3.716078548049254	5.1133470741447615	4.673058920223962	4.450475397102392	5.286174562529974	5.49555302892705	5.004915151357445	5.1738620042205845	3.914285337123653	5.184297751243719	5.441514649332036	4.982298091563706	5.318726916770264	5.099393367405751	5.043461146503938	5.611380129675507	4.418555828100938	5.600213160435687	3.734184834457027	5.422216025878619	5.290183204692069	5.6375736647517725	5.404213228395475	5.3412210282306845	4.254378665016105
3.7289171668563297	5.243609420253359	4.784704396971475	4.674411404326139	5.285180139480796	5.310153959300976	5.123559475230558	5.173948208676324	3.826705446994549	5.215586026618264	5.297104470182099	4.820921535691513	5.200656243830736	5.235672638084666	4.946340324314884	5.332491745665736	4.818101616878193	5.608180655935291	3.307590466923956	5.261195842709835	5.49687595552431	5.668477279820642	5.40503085853006	5.158194539152816	4.162742051649799
3.865936273423592	5.156554108737716	4.919000586111413	5.052912918174958	5.015315589104177	5.0644078162111095	5.030361660016639	5.152403626878448	3.8678854655778276	4.7212373353343775	5.264034600266992	4.951122402346993	5.28422108954777	5.262888129218962	5.182166194826057	5.14483682934761	5.070870885735462	5.5963482418745585	3.4879889331466036	5.213817653865957	5.496996383687414	5.634746393022238	5.45336078420383	5.323636562026268	3.7771162303899684
3.830184438537433	5.0356856383086885	4.8420204407092085	5.026203267171212	4.892440958778835	5.0287340050216205	4.969073473489291	5.163043022661148	3.7293405859413697	4.123784934413404	5.084767296515314	4.947417329308401	5.248838908320828	4.886286533629148	5.398892168593679	5.525530277925723	5.160389142180213	5.656210331443771	4.6941919079091585	5.188413946344639	5.486989902092187	5.588324048900511	5.602633014846583	5.228249808946651	3.7306166665678435
3.9774762444671428	4.813462899634035	4.659869089763186	5.1379198799702746	4.954548862323376	4.938728823417466	5.05744306464446	5.009338024910473	3.8726919909520467	3.8258571146651352	4.8905652448433115	4.9379267492103605	5.115079350615737	4.74968726350832	5.318673961289607	5.745330835759843	5.3203705634193454	5.682688666386402	4.548484916831099	5.134010712231246	5.499038009588633	5.552050347738337	5.68853843957293	5.046128800382089	4.815680297691685
3.9084969281977306	4.893243268942594	4.743807435149525	4.939239635034916	4.779863386733553	5.171673706523973	4.875984390384399	5.008654369603743	4.040097915390226	3.7736858472375103	4.953339804583148	5.002815328875189	5.2013403618992955	4.735191106236539	5.382440093340086	5.7875351195694185	5.2302673281521415	5.589814033816442	3.900140564569702	5.282645777779342	5.453317723359642	5.6145038601408395	5.664608920952557	5.147406551495959	4.520917241395317
3.976133902115058	5.016468159511244	4.6587399991853475	4.674828256176536	5.0767285765488674	5.165719684291583	4.92850074279162	5.037732886644548	3.9687929452848665	3.9053377555635658	5.067144654046826	4.887569568644131	5.208095191749614	4.495689142012966	5.277558979043621	5.825599622695868	5.071722432257256	5.597400130994822	3.9770072236682594	5.1855362313490065	5.47758761835694	5.602357716751927	5.556486017311603	4.821263751653316	4.552081441904959
4.465629242672456	5.0490120030989045	4.61648799397871	4.566230388774728	4.975737759918671	5.149780004247238	4.860704473528099	4.982412225916668	3.965071157153695	4.333058767723771	5.207752912814814	4.817395497609026	5.223969339930929	4.813201919189387	5.101992360622809	5.836681637486293	5.184029719818843	5.618007830323796	3.8693604871964054	5.3334759540448164	5.512495728391877	5.62282201125566	5.500116291665911	4.506216081451477	4.842917820094262
5.24052684933506	5.113048976429096	4.838458769289412	4.608599479078214	5.041329920754186	5.070829824000477	4.865775368516619	4.926242330931095	3.9697364035122806	4.506892372504221	5.344576154799716	4.935791985093578	5.293433483125707	4.873393487551396	5.162705057415941	5.786917312962809	5.310534428109273	5.554237943597403	3.726420556412198	5.546108915794777	5.52297925394544	5.579900226896722	5.494006510653299	4.550769170751013	4.8109460441846394
5.457971738347745	5.1683827962742575	4.807482726734634	4.742513918363832	5.194650908075904	5.078585130037365	5.038329398946942	4.916404269826394	3.83415523857289	4.400456686489935	5.365341498385069	4.862281105789918	5.311394498920065	4.934064593498935	4.938290657049976	5.739789720918773	5.18548463372081	5.597804002745438	3.9199407945052864	5.444994148793345	5.499021311254501	5.579751121276191	5.475018948519927	4.534354988834833	5.098962012149577
5.349700106880352	5.040481305594873	4.948919329556189	4.86169720284493	5.333376047678626	5.054081882124069	5.000255437721115	5.092157303571415	3.896666865343975	4.763462179884916	5.338853920799797	4.963342482758595	5.351168588267554	5.064296823393215	5.037538053715032	5.695513931091169	4.414816036065535	5.610620140806094	3.783227320821119	5.3370155375545885	5.487347327496047	5.606753831688134	5.471701492583268	4.518208227270732	5.193667597535705
4.708511110130128	5.033404972327669	5.035188405966656	4.838632203042356	5.478518453425386	4.932563116451761	4.789403938716188	5.112198687111043	4.025004980542894	4.20407038071936	5.343261807760043	5.090940621859893	5.329525504248565	4.925455810071822	5.239796648126326	5.677464803665667	4.291424799445331	5.780373991591571	3.368222666481322	5.297201107748817	5.492252222605138	5.550246560832788	5.381361260807247	4.7380616837662535	4.266582038024287
4.253051942876213	4.932667500722116	4.933781927177925	5.092183647968779	5.3218179109264385	4.919265895251197	4.968315139504936	5.111580784051225	4.05810706729051	4.064554192747082	5.3519108917789575	4.961416901580811	5.394544577935828	5.046637167190499	4.969953833710683	5.54322397574622	3.9530206158218055	5.762413314044152	3.194490951425397	5.257234245843018	5.501099032152583	5.537494079782627	5.430363904662475	4.845222390661929	4.160406412839609
4.134136129217653	4.880593967486413	4.75159873208709	4.890675926642604	5.266949481737524	5.133757209615324	4.723412236939122	5.010633904893117	3.988104041074071	3.959087466946615	5.354583766291215	4.736166601761914	5.302947416806913	5.05515232186104	4.8409586948070045	5.629224510472702	4.18830189630455	5.75002155665117	3.9225129227188424	5.260397356840724	5.538830893159962	5.6296748452190535	5.350215819924588	4.785141033112016	3.8897957779043066
3.7510102917933095	4.973803324037902	4.4845650417975405	4.879995351495788	5.294029492887375	5.1234392207160795	4.656069609399168	4.945456255820866	3.893452404600793	3.990840776622066	5.273160202635297	4.676284767342471	5.191355969943833	4.913610686274964	4.782014976442761	5.7014211345406	5.332866631220749	5.7838436541001546	4.656838101898277	5.393435219553058	5.613355455728788	5.592743300233308	5.3089659231843385	4.872419354563379	3.9482195747859894
3.7572711862768875	4.858353416426886	4.539861219940525	4.684481054998786	5.204731226879419	5.376258303750008	4.8647429575616865	4.999460617764125	3.8223625130889483	4.181242394389163	5.322017038088877	4.203447455926521	5.10216659420971	4.80396671311289	4.953799674554973	5.308161228859455	5.351801845906687	5.690060907668164	4.173033022664434	5.294994226951739	5.652493332105401	5.600128913574319	5.414387317600547	4.882803265911921	4.8412056491975
4.150584372120465	4.960448335121023	4.456301448354445	4.648230748989073	5.376065517770557	5.096819219849506	4.663685619080098	4.995379809797865	3.8005615520703886	4.5677566706314305	5.206182528529423	4.604783460442175	4.945931569458816	4.663875442950553	5.113875209302699	5.18486038776304	5.3381364158122775	5.7379610562482295	4.759222545541214	5.233361150395062	5.548055086679939	5.627999771539773	5.325781953899935	4.796441428474962	5.050237031586226
3.921380631248561	5.158838654327036	4.50080930899737	4.613966883804591	5.1130758747396365	4.922992413162522	4.866896629005138	5.133324537082814	3.8850118037342574	4.194902390036426	5.360537572296874	5.060588610910503	4.929490120954327	4.690347307229186	5.141217159868493	5.477886786385906	4.412824403636984	5.668235746891655	4.456184481248033	5.265550179901349	5.506650798144366	5.610220999295036	5.34810475298337	5.113624406175012	5.055117593006813
3.8904506976135425	5.334639966004361	4.6465839439838685	4.792288153073734	4.930152225878338	4.957543466013468	4.739320180912882	5.053064144574029	3.7943612021769857	3.8422961907186157	5.465282868551577	4.894650249730997	4.893029130509904	4.766606409559176	5.067061174329433	5.7373617045132175	3.8990081711187674	5.724930185405895	4.507047822737807	5.213427586017554	5.449697603646112	5.440279304938828	5.318356470420071	5.196943125884043	4.829954489654843
4.0123595422284275	5.293859727815821	4.630865781286759	4.878217629957741	4.900435926119406	4.858082087402261	4.668654059910348	4.991092557203327	3.830584230810005	3.494352140844854	5.383105228790823	5.054984917613714	4.968833794040402	4.838038539319238	5.012851835813686	5.656645397762929	3.725105046209067	5.67842274607855	4.297671628141776	5.272442062076042	5.377109748739907	5.247622569197207	5.223450516281708	5.251470432630431	4.5510263802701685
4.079887003969082	5.272625535115618	4.6058579993730895	5.067750385563735	4.991299183123862	5.033857808589023	5.355394024806652	5.123648015329269	4.00220163737601	3.2939861804421913	5.427752430515445	5.1390333376518	5.1824938449613915	4.825124476724627	5.0131588870331365	5.7127064086555155	3.657468461248925	5.686694419559288	4.433427933779381	5.272172017648177	5.383022388907095	5.173097627540641	5.438316761078305	5.243494345377762	4.349367826677591
3.789443581910087	5.214757927762521	4.477617107263471	5.057942723627802	5.179303679760242	5.087213058641147	5.151175621972605	5.100316594039487	4.000269308538224	3.4764500917396752	5.556419635681094	4.957835230540115	5.096905549187825	4.836684303139702	5.145000719636226	5.741596833970199	4.312750361916935	5.645823970816721	4.584214731046937	5.275489508936724	5.193678905665299	5.219205541966535	5.450037018217499	5.00702202124099	4.586201919328336
4.098657391994208	5.207304758982165	4.530063148410411	5.2057168496666035	5.245886476072766	4.969201050435805	5.074115422163107	5.114250900727063	4.009289107896629	4.293202569157028	5.407931433849667	5.191358530535512	5.137545358750554	4.976278317267836	5.096586178981457	5.710783354755756	4.165987823950389	5.609555997488967	5.0944606781886685	5.142777428506844	5.343887000484633	5.520070675985353	5.486091621749663	5.087812386583984	5.181494937530957
4.015999183826323	5.2354219974264815	4.589422865246185	4.950674144070693	4.9867048211082805	4.938243154616439	5.004631856687655	5.1832794347590685	4.218915909924187	4.268875336234316	5.358281816439527	5.108231195851599	5.18606509805579	4.991640276500275	4.93845570373974	5.637540909304126	3.767557031762612	5.672656016052642	5.037610683141189	5.238434800685967	5.460685695369331	5.491610482725319	5.367043929951164	5.188703865447556	4.917814545185684
3.8800935316715397	5.23734478293061	4.533325557413313	4.699618607997566	5.013488918037636	4.877561876251337	5.281017220336376	5.233785865153658	4.048839248602447	4.244005136331706	5.358501499817635	5.133305817358263	5.070950847583776	5.047142703213803	5.079903683693134	5.6600693157021515	3.7315294586338195	5.690609651874185	4.965361086511351	5.277979617088817	5.4860467810595805	5.547009749896532	5.204510336192697	5.290939157660878	4.458705339014412
4.106767250725341	5.290533478174909	4.579362788024866	4.592250882108833	5.017597379885548	4.885163194459103	5.2687833677301485	5.012957312034418	3.9851709246084517	3.961417267574968	5.413289426318254	4.915805161148876	5.149413416380626	5.215241808682391	5.141558383746304	5.698010509174172	3.0102371961806496	5.659398854044801	5.061343492340625	5.256920642580381	5.601121633169718	5.489373844160632	5.128216721594083	5.327382291959854	4.0801039366585705
3.8058084586096066	5.278864717443579	4.702286719189038	4.119946917067902	4.947018341476306	4.990147726440045	5.42660546482931	5.077013105466053	4.009244514938323	3.8370050764225376	5.5737794778646075	4.735185259723308	5.187696555295373	5.128825129638259	5.1621061702649085	5.629361230880672	2.8976339990267888	5.58974774516592	4.6437120109207655	5.369031979101958	5.5108803883598805	5.481363846921641	5.191864712968344	5.27322351189697	3.504902650103669
3.6058978311449867	5.230721969851342	4.725331027617044	4.333644393659835	4.959587527908122	4.98467186557379	5.500529315619032	5.077800336119913	3.9339768464623512	3.560842485526216	5.62746282456166	4.858658186647436	5.141702819001069	4.937972215520384	5.149848503915433	5.630013753918553	3.362462046910872	5.620290854367032	4.814333139347549	5.359419081004656	5.495078150987407	5.494565168410767	5.290823387825168	4.983508425856702	3.416972865058672
3.623262846725967	5.128234361085207	4.717207071863559	4.2740450366046705	5.136343390763202	5.084816330814459	5.362847261630466	5.003048572512367	3.8248026520403084	3.712689424226676	5.682128441549832	4.7988433441879295	5.084478755865877	4.961456849831771	4.992632691557576	5.6156510265354465	3.582573162275106	5.7070861480309745	4.824562413345288	5.4597531668785955	5.350659634522416	5.596314674623719	5.4718975042763285	4.314225872737592	4.151434513738307
4.354269597531106	5.194757096558022	4.73888739796585	4.246158985975813	4.873663973607544	5.246464468710405	5.495042160567223	5.188868321437304	3.924277538270222	3.900974560892281	5.585596658704776	4.799368568681031	4.961350284909821	4.817499334329531	5.023376428746868	5.761856927066796	4.863088574509925	5.693062311304062	4.481650606083734	5.453753072386654	5.50212748409062	5.686888886769598	5.4077489597098145	4.156488071177009	4.594136308161543
4.243770617546153	5.075561316297452	4.759000679086971	4.519009427955402	4.943893665842498	5.384558479809567	5.385089533312852	5.095460064141245	4.045740275873065	1.031757132307504	5.443320233481212	4.749635031617024	4.828945195348335	4.925730051899815	4.863913018626963	5.820070569622895	5.35140868116893	5.733849888380516	4.438203796362463	5.418219480591608	5.534793317130547	5.6133299092302	5.328586244052137	4.208648186960985	3.9397563512487883
4.510345556543564	5.174653951351508	4.734901732989939	4.759500317345992	4.5941256230136736	5.18855168501061	5.4026938505737245	4.97603197320156	3.948686846266307	1.1166974379103223	5.401000171216302	4.854278306591588	4.954026090644744	4.816638555067405	4.712102795606007	5.754804974954768	5.226932483890128	5.7319257124264915	4.882890019119113	5.58641497793769	5.667970077326005	5.596669008882052	5.375193810816354	4.427628828427242	3.542120719643302
4.264918202688382	5.418742963757911	4.750604145040901	4.72398344081237	4.856274103429313	5.160399898377549	5.341114494464669	5.057969520288892	4.018950752472837	1.3897184664796158	5.379110230610139	4.867060211345327	5.063199889237702	4.721350694387628	5.039600348011993	5.813772107129501	5.211451602062032	5.680872877827631	5.022172579341604	5.5608616439999405	5.688496814030501	5.538631696999139	5.272546941976512	4.894269637765526	3.0987576416110847
4.083512358977672	5.47580416258852	4.729774470132486	4.907908764434837	4.905631917007123	4.968646043508529	5.191725993667621	5.090798028039782	3.9283242396327926	1.4491559642421665	5.431351508130039	4.90039738350953	4.947253940069817	4.791264618805819	5.022763476506749	5.761397254747548	5.083309380303106	5.699861211944342	4.698728989143262	5.370156945667844	5.569079888860145	5.575541063911671	5.251236976524401	5.475043507555579	3.504593712213459
4.102147938403562	5.441579427111671	4.649811729242893	4.7752273321807595	4.852338960712429	4.993967468478397	5.130957677191198	5.149660402432013	3.9376426924038173	1.4248119335865792	5.541553303986339	4.889900069245363	4.906229769196497	4.756822818874303	5.0604835300931255	5.739483214616326	5.076396059672556	5.717030131368894	4.937115171148107	5.403274031751309	5.584576206910939	5.55524462367222	5.3108338375445525	5.585100648220692	4.619233057141966
4.212655278307908	5.545312014513969	4.599123019111587	4.84162307979986	5.168061061589274	5.2071221638057565	5.270240517388827	5.256613199569853	3.846330688340278	1.3813285556341284	5.617659960149781	4.863282068488924	4.9989953285251065	4.94190374445433	5.123961776004767	5.761531091200619	5.070800493024514	5.736774766257042	4.927291849451374	5.543932940541852	5.706557028654395	5.538775865704173	5.2847911003976575	5.229736047720393	3.895062735406841
4.616591999775423	5.441754867640839	4.6266317743743794	4.94914499023822	5.134607278626017	5.090897260451569	5.387830277248055	5.160309931304093	3.786822525130419	2.0046522330862664	5.634728936318676	4.937627890303134	5.049598682108772	5.118531300247546	5.080866972255685	5.757794978138552	5.0139500107837165	5.700306969504539	4.9149208024932225	5.547133803808622	5.617521828582029	5.563714166321313	5.222509458300461	4.913582642483335	4.406247802146624
4.487293067357157	5.375924494542783	4.699487358986752	5.120656922725392	5.038015605273151	5.099165498782004	5.273205380722347	5.185687615568706	3.7734871880943963	3.1937987845669946	5.6236400007080665	4.930017239378433	5.144011554694759	5.212360792119203	5.043030778308694	5.617593772734566	4.961686489377583	5.624243775333956	5.10248833311198	5.655302788167762	5.612009866866058	5.565885852094901	5.349275492912445	4.9903540262916195	4.347468584807889
4.159385213677193	5.161192581407159	4.556572293578899	5.23084029278329	4.891331436775999	5.0947555336971675	5.282270488956849	5.032395518909895	3.8008942918972695	2.4740172153774225	5.631858233501195	5.075305904148887	5.081590255966798	5.011927223720959	5.066924362540524	5.420175168883953	4.9833332563944275	5.616896154935798	5.313153766945988	5.533081913841611	5.660238210782263	5.615745775498615	5.355789167005883	4.998814653083198	3.7573848970535
4.0974614776157265	4.8979235438357245	4.3985636445642395	5.1861497165387584	4.663915153474313	5.095836502838699	5.267944976846453	5.059461596094882	3.8614466871982756	2.6092517636562267	5.571623880904525	5.054447302591289	5.115848488123469	4.927555415769607	4.993960936065392	5.381502944306732	5.002417521980351	5.580308593238367	5.444837371761522	5.5715824481136265	5.602976505596698	5.589009993575644	5.462136408793255	4.987156866280486	4.209885001786616
3.809325604047159	4.847921533316824	4.4214500539368515	4.92448567827205	4.692309896079532	5.344197529408646	5.194389109780267	5.187320355000725	3.7851499088166953	1.1697375097654295	5.297862730117907	5.040560641436668	5.1133816906388185	4.890528703735758	5.01865080500887	5.571697402725082	4.97699779325966	5.5768139711479945	5.511616554856013	5.701020964446056	5.630538517243552	5.560996899849168	5.560740766400936	5.154995376034256	4.2042690964645
3.965962808484543	5.228746804044405	4.362985515677692	4.726465169835506	4.793529273454174	5.220296961251149	5.138759683997629	5.208004065457801	3.626866783912928	1.2552750996838167	5.183746558815084	4.980713917239541	5.0610160020058155	5.015090479994681	5.060259444516015	5.607389566064433	5.027199844207747	5.550931680591636	4.503427518889351	5.625887134500001	5.708824328769566	5.479675024727288	5.4500436703394595	5.125850889323111	4.67326687038987
4.082925880305447	5.262421478729241	4.086564286609751	4.6670751597072115	4.727724472387369	5.169456071070716	4.975457818286339	5.2598611412828955	3.549670190101819	1.2108912068991482	5.155795643644123	4.460096361320265	5.361467916582237	5.050337098773842	5.10006605200449	5.110166746506757	5.201640271500879	5.571811863177706	4.449872972507709	5.519972449777231	5.677447260080632	5.5399651796400615	5.440751548476058	5.175922437897631	4.768523149219134
4.3821770168198775	5.3777275111949825	4.1074064482549435	4.51046319639153	4.748749747296914	5.1551393508806065	5.003773010447975	5.41645967945188	3.4546414208540104	1.1839853927730528	5.296878593996342	4.67143679891882	5.416609473645755	5.151397612845089	5.081180638779093	5.095648212407776	5.161825393290597	5.63297384600523	4.53214662480556	5.493236868793032	5.741243122050163	5.555348495137183	5.46654725508007	5.246827633100716	4.892649774113126
4.756135580078661	5.434979912438282	4.100352340390474	4.860346125765976	4.813779542304322	5.109631590772352	4.824928519162483	5.251895903836567	3.3580265338566884	1.2510166269625351	5.379502926126858	4.797575023547778	5.505680145451278	4.9662646738728675	5.111897612378974	5.375959774685471	5.253236139925167	5.716430893565181	4.432342740656515	5.421480104073599	5.6585659446951855	5.523464580574637	5.51546779646202	5.426506387266368	4.247109356975372
4.17632234237643	5.453134133452495	4.233737323993118	4.924747765512658	4.969311187032313	4.777980903977858	4.855764583819884	5.183700653285818	3.3137351613118518	1.4048990166394753	5.516170907835739	4.821878930522186	5.493450464463591	5.120539971809908	5.047236571901808	5.772366206671803	5.258015866748399	5.624061281550834	4.736550236599178	5.391515796700411	5.674962398268916	5.488324283646669	5.435063354633453	4.745824588502447	4.100338691549497
4.136704803374957	5.4445633266072715	4.412391624608523	4.8333932978649266	5.053870180244349	4.545597440772356	4.948045752759758	5.228246190882743	3.51154444510477	1.40726712156037	5.327594240105859	4.914213427385781	5.398804480568777	5.010231669547655	4.947677266829968	5.815267383186855	5.279264436089058	5.539466501172797	5.040355716858059	5.345016984477307	5.645988022530913	5.462119387309601	5.395484103596813	3.8566581783444875	3.8541867059652755
3.937946712048981	5.2773619573881385	4.838786340940085	4.8532478055174035	5.070037587688558	4.549294969060424	4.994470979841236	5.189466751063636	3.5381175770413886	1.5159693916684556	5.119396192460275	4.853229399494517	5.450557817912505	4.950330009977999	5.238963935655875	5.7566281463510585	5.242714080251388	5.474623543631083	5.113103217697602	5.375029534145565	5.604038160014503	5.403731387691818	5.461089580678524	4.082969823356004	4.180219708693269
3.684544532866915	5.156924995586837	4.855268383082152	4.791590069749607	5.005924543462556	4.553439002004949	5.095086934211472	5.2476041472046475	3.6418796125103974	2.081510040304903	5.070339630043024	4.80663650080781	5.369348069687428	4.963035686136417	5.291231693783781	5.588640505464723	5.179978838074297	5.476251852433301	5.1665570315919735	5.36591115139712	5.557913911070584	5.4394101013171365	5.453319459506029	4.552313968930877	4.059535575803184
4.259824240482796	5.130594624229234	4.800445776762273	4.719480032187928	5.0002601314620625	5.205731885258934	5.050120321533213	5.169151528662073	3.6075088598608964	2.107124811236371	4.908520323892021	4.777172837695971	5.319566398999089	4.878821570055436	5.19517360064441	5.587096516691419	5.171411150697867	5.638276669255967	4.483664455335586	5.317840376843346	5.450014566024035	5.4977897748492275	5.536005673576844	4.305478815272992	3.8667855346897175
4.096890494784138	5.172863620393865	4.823294879236787	4.89768819628616	5.2014157433949375	5.150537599407921	5.151375791121601	5.176281690357441	3.462283232905065	1.8367849314620972	5.038723639901568	4.931070459086231	5.273389892561123	5.075525381080143	5.146516219956511	5.563076290901015	4.993367388906991	5.685630835406181	3.7584822990930955	5.156890957719414	5.58548021746364	5.337259455954871	5.633723393933885	4.814829269621015	3.718211218973136
3.910747584861052	5.094332544916452	4.371300669979056	4.839522419269089	5.214226749480396	5.0863837035511645	5.207070399902112	5.266168723718164	3.4304585817717963	2.186275416599724	5.527469738854621	4.883373511052583	5.162308419902445	5.154941662392282	5.153301622185006	5.490195598715202	5.014405939210364	5.699310416263221	3.35340496837726	5.335401095902227	5.530989436557932	5.436890822785272	5.323697976809718	4.581607969050446	3.732324336930686
3.824511052588474	5.205677554229517	4.278223070498643	4.8195115793923975	5.167507181274384	4.758229810261065	5.239994956491406	5.079513386186155	3.3628678557325267	2.2743181171252664	5.5004876238044655	4.796442394015289	5.071334065645314	5.186565457595202	4.895227587861472	5.459147554903468	5.052490390753665	5.645431976430805	3.3133266972713895	5.306375428800263	5.474059528850553	5.455237385242898	5.25408124597792	4.518662469643255	4.255642525530947
3.554672982870637	5.260619764287032	4.350956189763031	4.825714151975266	5.150419093735611	4.829329306089393	5.340804059755003	5.0892135124077855	3.421593309884218	2.6325197909220064	5.453730720080616	4.859318332240522	5.219320346324719	5.026365406249891	4.746926279434821	5.622597666558576	5.1667585098481865	5.625293581633962	4.164039658644314	5.398389635261523	5.476587449515481	5.407710821608805	5.243639659307189	5.006527781033071	3.568896275669716
3.6761305418053354	5.340643495503454	4.4801828095637255	4.910729256164645	5.001995940136522	4.907935308312094	5.292644120070031	5.1273123946176264	3.4213779844156518	3.2835336376770026	5.4815851970500304	4.855316649254984	5.205165340725414	5.025658736394866	4.942469055091949	5.382272161952598	4.895898558984355	5.6755889896839635	4.303192400608474	5.5948417462386795	5.429909372983839	5.49317342138659	5.331568502557475	5.483323968901183	3.7412778049149007
