4.960335603397371	5.3379101760003556	4.767069493835055	5.30474567968758	4.030116015805214	3.9023479247401136	5.205735231566998	5.0355792087021225	5.115589933849016	2.7250626530391675	5.59475480973241	4.296196947275079	4.17023648527279	4.11169728963517	5.134178464802423	5.258535280906545	4.477335854741872	5.19704197986634	4.756374452980313	4.9102903008363015	3.6846586622567257	5.349224594124478	2.8716153908878685	4.093452372515407	4.01596418129335
5.05879708482741	5.167331687213462	4.649827912100789	5.3019353219164955	4.142642583272813	3.7856485909286675	5.097433710405407	5.1428464651577315	5.268088355416116	2.3411213621317337	5.585642171933809	4.348844539638761	4.196719814671858	4.219026119155855	5.143806406108256	5.094484384812262	4.56173364890976	4.901196962769342	4.469374326241994	5.1901788409097085	3.8346239474492068	5.001486133502341	3.4865322320121392	4.215444706564662	5.19343342547052
4.915584268092594	4.426051288511828	4.806449881237179	5.229222243367431	3.8911358344405644	3.8585231495474193	5.242859958070585	5.160702765588234	5.413758493541305	2.1693257163872537	5.5207353855169226	4.210454817396196	3.8149672851004266	4.278782291215856	4.9467768771745995	4.943218002371634	4.444456156943117	4.9076258976510045	3.357881123026371	5.369418794071318	4.498396204019956	4.98486919871103	3.3338165478585204	4.359066657283966	5.153654613950003
4.891851720753146	3.4971673517880473	4.620828234859659	5.056107765346095	3.916519143944612	4.49465386800783	5.290583808789222	5.219289825380723	5.164516092587136	1.7855145785758149	5.5173130038521725	4.5729801282713165	3.6535285515803673	4.1583517412842905	4.919623045375155	4.731137120913163	4.330021697797669	4.831743708095587	3.3779492324654323	5.162439095612205	4.421657434394077	4.819767479992305	3.923557898074906	4.432880191672066	5.169312144020505
5.0196475564156335	3.5295891922746323	4.662794302747468	5.000230180064097	3.8390797495316202	4.794430728488048	5.327730923534501	5.315294596807196	5.088270380457383	1.6092706539666144	5.5017496841236095	4.7004831158008376	3.481456350291477	4.475977082978198	4.006052956733791	4.8005867230587445	4.767319152262305	4.858697281009498	3.1619975165696212	5.245321889479027	4.259900440443987	5.096353930934303	4.112892121215644	4.396992975710591	4.636169642528174
4.803509713507919	3.9289585246437886	4.370921293351404	4.711550692308382	3.854848624952668	4.978471456946565	5.280716327119721	5.160760773784063	4.821818605089968	1.5485699879073183	5.2271850545923595	4.671359302099381	3.7126458338905204	4.833479433662192	3.9342696870024114	5.171278204611759	4.684019553853727	5.03462226134692	3.4319153869201897	5.0849423384880446	4.178301766069824	5.319673991349035	4.463803579532391	4.496368589243401	4.248937955742232
4.958433698628565	4.093821533673138	4.090945072734002	4.507022306245465	3.8614495889812295	4.9675224110152705	4.885528657731119	5.18202948054409	4.431878667907211	2.0031080850794134	4.83194728723638	5.054858148228052	4.38286388251853	4.808372412591807	3.797188461284016	4.398601771287379	4.218960145012526	5.098518224369323	4.176684685287288	5.147247153097477	4.217829979231872	5.326628904303266	3.8315013936293547	4.309728232990349	4.138331100354384
4.90327308050084	4.787192486157466	4.094241689164317	4.170938358318023	4.0177955451416345	4.617959229495245	4.682740600132769	4.831574158385818	4.399212454170673	1.8279932956810958	4.84313171960665	5.0340810683613535	4.616105895874215	5.023466467784491	3.657543748216934	4.0849256582242095	4.588550575348784	5.137751807929166	3.93191604158403	4.4644459512246195	4.465408789751234	5.345854326528723	3.613092381721724	4.064850441048406	4.195158497211258
4.732236680010442	5.128608793785718	4.092212571002544	4.033801044466665	3.6582439173089454	4.651823779831094	4.764686345572901	4.737070676118828	4.469027469475444	1.8369937217652568	4.751888971107105	4.949630465588176	5.243584031465013	5.018429562746322	4.338219529823765	4.225459697989865	4.595176747840782	5.184809152559591	3.1309018377031634	4.3664016657428695	4.447064101651613	5.174376919338738	3.311732300524089	4.264260181365046	3.8408359082079606
4.690240113203087	5.27540507719706	4.226343049217177	3.9162330797537885	3.420112891793849	5.03055393495564	4.686829938875254	4.798551375181105	4.1342018315494515	2.435019503237846	4.772436772014012	5.130635212085623	5.220405168746175	5.127608995525535	4.615206341146355	3.944914393546611	4.558289770436572	5.023220392407506	3.044555911824535	4.379397179525259	4.7206042406330635	5.303040442242439	3.333046250331283	4.48458072548792	3.6149076365439843
4.669815977208319	5.601729686486035	4.542635040299829	4.185114197959058	3.3419650817316597	5.263789668060962	5.016187915245492	5.04616317830121	4.6487739218010296	3.1345901872340187	5.38555421892933	5.121726868358759	5.21724308746726	5.156913295454721	5.033872091181899	4.251999496911328	4.802200161820184	4.6910623058711325	3.4433217012516866	4.365109708079959	4.012604834655154	5.420558582704901	3.4661047326592214	4.265212693681364	3.179664436804283
4.782694987929456	5.609805662514393	4.353508223018864	4.029897545634821	3.2041175213243616	5.208600074755024	4.924445091076855	5.053633395804382	4.134244019244321	3.643710714895052	5.389712373299454	4.962209661115145	4.676512031815423	5.0350661797592124	5.024666375818445	4.232461120176318	4.510991171054609	4.389813842962452	3.346928288694474	4.955628783704849	4.4869748181471785	5.449105006023836	3.5898638982066378	4.177601817836244	3.3539149307778633
4.891711307892234	5.536580954996952	4.236034383251196	4.115250968452283	3.2702206949254258	5.176760838587883	4.4682426431785744	5.1720418394722865	4.2477335497550035	3.851845697792685	5.4930122479124135	5.220590209697396	4.583147444434154	4.893151787684617	4.237227600653785	4.177849299455637	4.727416076347132	4.447703672325099	3.238721231308949	4.923489277452971	4.352961781021889	5.512274317585023	3.9972054308012703	4.046492573564127	3.5755508955449815
5.206416581551434	5.477981068234349	4.177443004243732	4.167658639393946	3.5400331716072473	5.068296592817431	4.292753842363017	5.289757861375466	4.849377135229804	4.336400365491431	5.588872874079804	5.180131840161321	4.2503836936055865	4.7696937888991044	3.9886384193149134	5.123907213980189	5.058733663518766	4.613523383860505	3.0841769290589998	4.907128432050226	4.4001664305105255	5.531237463632635	3.8854853264333014	4.18471535622684	3.0829379401431094
5.14258817967598	5.626680184662365	4.371363619740583	4.303193548575142	3.8148511442634816	4.887523231172999	4.314703564314928	5.248457648942609	4.6115858154986915	4.0385489294727455	5.552473718252823	5.064330251846956	3.9312032923369182	4.577175255324536	3.9752538152188905	4.677734065913447	4.943567791497819	4.993089803233823	2.7549723069112355	4.84931345021789	5.24874878589443	5.538999664223035	3.5830571040133226	4.049973606708232	3.7124838709054417
5.00911236633588	5.579850060761885	4.425669589559096	4.667088061055667	3.703715489928259	4.698905283403858	4.73041548261545	5.257425864678159	4.9807994074603865	3.8852237860381886	5.463933200081121	5.124293624157278	4.060455963914824	4.502169122198321	3.84485329985799	4.5893699409270905	3.8069670694765088	5.222445359850502	2.99785876181463	4.945727270569212	4.821575096269103	5.5126533017336525	3.7545167116628675	3.973856265975098	3.453481774322515
4.93306326504892	5.545882529656566	4.431600673837346	5.084831487195013	3.7052610466027858	4.43061604480991	5.076148873150795	5.361663504618669	5.2178101445436305	3.6757355889857557	5.600242843979667	4.930531988610462	3.3707554606092813	4.374601689189141	4.609520307495676	5.038064878821842	4.037116111821576	4.945887802653156	2.9251946063996286	5.143907092403777	4.886841804495493	5.525333158044557	3.2076622809806117	3.9801767059223123	3.3984327498988463
4.901141340260815	5.659023214083041	4.552765724172673	5.147495887867678	3.939794625193058	4.475405439551545	5.149059161123818	5.337041429332078	5.241762505672323	3.6508329893194587	5.694621940701584	5.060931602066552	3.276505476514852	4.126657078151756	4.60078859694151	4.332508157380377	4.468145838966708	5.1225196925020615	2.866844565508528	5.08513763906634	4.722728711840487	5.5574363705076975	2.962185215950947	4.110109223958432	3.4565438670102298
4.943846469641778	5.692507781173838	4.305477917553556	5.045775283073554	3.878245546499371	4.183712814429318	5.259800519278647	5.296734520918367	4.2579145012381865	3.9907125906399763	5.563637130785995	5.154328868229226	3.3168860052509586	3.9630696046967344	4.803672943467174	4.4687720696321955	4.834156623024325	4.97753076496339	3.091351669430744	5.007815347031731	4.2161985923349015	5.558964584918769	2.752081462804026	4.109988412948904	3.6240583866066305
5.183375010543802	5.604522929288559	4.461783016645074	4.985799987764842	3.950477762144733	4.215821984951797	5.184216991388856	5.193063818494489	3.7412040975480507	4.220907362225398	5.670464919340036	4.988688053983339	3.472746509912775	3.8081710872417758	4.922021801445507	4.532433077545101	5.369107781944111	4.941026105342337	3.4674598246984267	5.0684598521970265	4.6855976732204825	5.178270652019763	2.5868689534628433	3.95542585753322	3.2831790107349095
5.403228040984463	5.5049180361692205	4.43873708950042	5.145155602532248	4.085483305146213	4.541532623871647	5.400892470920545	5.346676670206888	3.714145219916832	4.545659117897233	5.627164164795728	5.2037364089954945	3.6306990571265247	4.087192106148121	4.813569107186962	4.11182532197556	5.225897413459448	5.279098874792146	3.2834458533373763	5.093445609161369	4.9470911598304035	4.700617442746921	2.679602223176106	4.350993310829816	3.2258583328027046
5.3486661916873794	5.375085709137927	4.528198042017	4.774241401768943	3.941792867890687	4.315538924934595	5.364274234841922	5.440372603476322	3.679896106417396	4.985116604604236	5.499961924225723	5.174630916874986	3.8183243466597085	4.6364013697862525	4.360393623457717	5.011623444152619	5.229830658652058	5.2545320574837655	4.19262207109955	4.941810934179252	4.9242407167135935	4.622576408184929	2.9404743350984606	4.170664195781157	3.180349233912952
5.3713979106495495	5.435728947732999	4.7964967007202155	4.800761100534323	3.4843857014093977	4.724758957318526	5.387765194228295	5.312392503369972	4.100944006693152	4.5696879500182925	5.491494198083894	4.968325470388798	3.3889603714807786	5.096501500484257	3.653749199699943	4.947628971078885	4.9950147480299085	5.314969557507931	4.1842741071329845	5.0495864900476555	5.47489548061515	4.631079004295215	3.202642234589333	4.18619954743808	3.1979126897087813
5.27784744041024	5.352815231806758	4.840527373931493	4.658077295418886	3.5479992459429486	5.001040646927342	5.307035270959493	5.275685665518635	4.829020383711251	4.35007357597295	5.0453828754479835	4.785487101996586	3.5240348206355017	4.938741385523887	3.3420712391452105	5.101211902143168	4.749357705936533	5.175947047604244	3.9222894882546555	5.1480298656050865	5.178938406887722	5.151722549162494	3.536359421498257	4.402379192529619	2.805615763501247
5.018238661554115	5.4428272547544925	4.960196736083156	4.533862259847902	3.4434772574028107	5.102300753505945	5.399292435730409	5.294975723198471	4.832694552740735	4.068913571291932	4.9134261458721635	4.790974452391343	3.4682952286141195	4.8114807307416765	3.5311960422215125	5.337279701026618	4.997970991880071	5.144092445428937	3.392832413858685	5.115245854015816	4.950682642488768	5.473975905961334	3.609503679588499	4.125342309385856	2.8764212371670093
4.836081708000867	5.389862867410401	4.900014778434846	4.949725933843014	3.3425837569369565	5.1650037167551845	5.178961627299894	5.168493058506209	4.962801998110594	4.063297540583817	4.821543385210567	4.849280345615187	3.4445417555855777	4.846726089101807	3.5754877232382754	5.568128023185081	5.135651324373235	4.802360544776786	3.148924887799318	5.036733968381785	4.743203986809384	5.494157988249402	4.002893319057302	4.325906268684646	2.8101149709889617
4.911632893905327	5.222001692672938	4.749082296996181	4.8935257585378835	3.3161612533427336	5.097101551003244	5.2491007924119675	5.26981739549056	5.455951852713156	3.9973208023916476	4.660349017810434	5.07410236603065	3.503996653706088	4.9386693747837125	3.6246229730588766	5.565346807238303	4.87936906799497	4.671067266683537	2.9869286981751086	4.8915650800976636	4.555374147254342	5.421293692651946	3.6475568914512744	4.3146305834898975	2.884043996811873
5.015108888977244	5.259979504089256	4.647682354284706	4.9243996179691845	3.1865242937049487	5.338913453484703	5.076503905735578	5.278887763042988	5.389810480931238	3.938598361765255	5.087564263275005	5.20356238115768	3.568397861117289	5.02753024118418	3.3050855849666094	5.50286353320231	4.510142887159925	4.777801500520025	3.0402958917108083	4.7647881763924085	3.854104026098094	5.312818890494947	3.7305714987677754	4.190272612921352	2.9426626025589666
4.935653331352321	5.359458543497885	4.449359669946727	4.913333697791543	2.95419570627043	5.35256474709176	5.10554868630655	5.088892927603881	5.021802673048383	3.9626428383787857	4.035873865634066	5.162166563975897	3.429749048441353	5.250147169754865	3.038080683518865	5.188906346132777	4.396263681332477	4.974221576532406	3.244281315242019	5.015141056182034	3.661672759345678	5.213619014994469	3.2616312081942205	4.103979780740945	2.7934812268283062
5.133544312891186	5.5808368752552955	4.0434157634894055	5.120865784141666	3.072183820489311	5.148238207777009	5.090365978236824	5.010714854068758	5.064699953953824	3.8477938112804653	3.769879600110154	5.143185576484451	3.459101746246392	5.18859023122304	3.1198683756075245	5.092734811237791	3.9822133929456696	5.342678629919076	3.579226016788324	5.189190003844079	3.7004570280091924	5.366566935061122	2.8998640582238693	4.221508222410251	2.872105413402836
5.245282814718476	5.620546478467063	3.5738755951134453	5.104463201691707	3.0533895490402347	5.294189539051567	5.0187665157747565	5.003640451224375	5.018464647668383	3.848788164056015	3.4865699024391876	5.084773238240817	3.4322298215695572	5.106878250213253	3.517490342275961	5.011857600916824	3.857464180743671	5.214449867990031	3.6616686117230697	4.8585621626814355	3.916339839139697	5.668413952310908	2.7958654709652713	4.380292167684646	2.8618752859726917
5.160855342366817	5.638687891322806	3.620800364549314	5.320144690184444	3.0075819380039466	5.34154093931807	5.01386399330545	5.047460723179459	5.1117918347862785	3.9146233974642355	3.0861856497029456	4.798874121970789	3.2410983359326373	4.977707976633573	4.115728192499908	4.767270757643765	4.270283180907515	5.1251686092441755	4.157878539598915	4.865943699422262	4.496095638844662	5.495731077441464	2.7867429307383063	4.301838757063002	2.936541783415682
4.946588655695335	5.602245336193978	3.883064125387584	5.1368531241882724	3.110837620930361	5.259542568344111	5.049644545979172	4.9461503637696715	5.020850834398577	3.990294175246654	3.112600933163612	4.800274743504231	3.2515827470407004	5.065982914694972	4.183423069957022	5.234524370585637	4.9202132086687165	5.073203104687769	3.866178814061903	4.6480662311691665	5.353979682973999	5.454128164817452	2.629261282125245	4.643000818526577	3.014203358033432
4.82134282200916	5.535330705291931	4.018439860512532	5.128140825160002	3.29824527456912	5.427408260438437	5.139591134824187	5.201021422645095	4.922722468613161	3.6991774755031472	3.0332233983748766	4.60991167498897	3.3182365033520322	5.123909342692444	4.873419900157098	5.091838864505571	4.939976410818306	5.077563331245896	4.1082814054364025	4.374571253812738	5.36775991257814	5.347535009562758	2.756756302973246	4.1089168723352545	2.78511520152371
4.624244999282043	5.516235215684139	4.343220456708258	4.805190371454539	3.4858076956472415	5.653614534529129	5.072569085469642	5.228811661784377	5.00007643738171	3.5285929721090326	3.579222701151064	4.562268402626505	3.8280155933142086	5.18015291363003	4.7448019275014355	5.020277162695725	5.063054563067347	5.142879656278352	4.11929296693671	4.617086370285808	5.243944223915724	4.900865876811016	2.5847974063784176	3.674903293455076	2.8257517326949473
4.620222986503482	5.426704983958389	4.865736698016114	3.8900711837713184	3.6916399697902045	5.561844507466034	5.044989839424161	5.236668901927141	4.828230844398622	3.6861481231517477	3.8729182772579884	4.691880094562189	4.519433781717707	5.366049065404613	4.718232759563358	4.865950225954319	5.195304107164262	5.218809741724814	4.043506462267199	4.901839508058108	5.344148427832463	4.9957009693696985	2.7651400118721075	3.486955752455296	2.7785447658081317
4.605852555712344	5.2863249050167775	4.870772679891475	3.754952057780996	3.6302306601864376	5.448236455022418	5.11117993601182	5.307386043097032	4.977338198703882	3.525228147321886	3.8537793332445993	4.708974839129458	4.719750117160515	5.323334949575834	5.175972104658867	4.948210002850029	5.191339495937642	5.256858169818592	4.384912666481241	5.045100678734982	4.831921284616121	5.013416147549341	3.069000153229523	3.1254004195871974	3.0030003726375494
4.552722711306016	5.281716208960777	4.781475438967156	3.295512848864331	3.637521735654191	5.500753579642607	4.995721839374295	5.37778697367231	4.737183291510057	3.8447658060093794	4.416151688583067	5.013033116897784	4.552858263619667	5.392649381785571	5.1426889932634765	4.9875596745605755	5.156204671715019	5.284093493068582	4.335898332415746	5.251098198610454	4.628653448726024	5.048952685614686	3.120375672758045	3.1708166272623965	2.9315379829676984
4.5110264069367725	5.370003942466725	4.843595226606099	3.2927969274582765	3.4747957224138535	5.072659815750814	4.937470950210997	5.3785529107682315	4.426231336541475	3.918542307357454	4.735585397931471	5.172815312911435	4.1695928626713155	5.301910866703644	4.673012366188797	5.010015686310556	5.143741408219051	5.255763305073993	4.604077591432906	5.235187526275652	3.761791373987803	5.44935640005284	3.121200728901146	3.100970695447715	2.931087069750749
4.565520175805788	5.0866741825005874	4.6638342935791535	3.260171983486756	3.276268444961917	4.666997820756256	4.818850371626021	5.320962132200349	3.932768562717882	3.8416624473093965	5.11092614862091	5.247926558428375	3.9082381744889854	5.186341608019162	4.899705814158197	4.894516220420263	5.0859872824489045	5.258309506265042	4.552544225692916	5.123697832889038	3.6987512171728083	5.421011925744101	3.0699564585970363	3.119185777502757	3.0818364364554016
4.466727955346768	5.094540056538325	4.577136396171261	3.078330102831515	3.2116974114186614	4.745935447199501	4.53421833662729	5.395451006082846	3.952295354999315	3.8913425550203455	4.829471629380617	4.981163373865677	3.6736502080127833	5.239813768656977	4.79392480119257	4.900642670602308	5.159382179694565	4.986439242705179	4.6272839129491246	5.011463789972245	3.6623943662831464	5.481266126956933	3.1785186690658103	3.361455777700978	2.8303839297343663
4.941308598092654	4.099110152813386	4.376294695321461	3.231861262273038	3.010114266734107	5.0798318599829315	4.6527227583304445	5.404865107684659	3.374550187581277	3.8881586114128917	4.838251482782251	4.690735815134469	3.833135225323602	5.040643727957208	4.933809367317934	4.557686783396316	5.157123660316932	4.868866125034867	4.282105753964883	4.713554408595637	3.7873463751314222	5.480277534978365	3.102938758602387	3.336737669486507	3.037714891864471
5.016071585410077	3.59098372054179	4.232047147134598	3.4783176903486708	2.9188611185688664	5.218425725149281	5.026666300963132	5.267113283088732	3.774458321120784	3.9936104227767384	4.995693216560989	4.668188994298591	3.9241171217052115	4.891465850069826	5.0717716241351996	4.406515083419474	5.116585272330749	4.929677665648832	4.307481300401517	4.562301796475683	3.9332089006035167	5.383716273422225	3.061731693070356	3.4633296506065934	3.0365204130568877
5.0817688047446286	3.1014248367496964	4.2124226330465016	3.618498555598781	2.954924591778849	5.021396608075669	4.985561848499595	5.298179629337194	4.040450025018989	4.31248749898399	4.945030602576947	4.557275450513842	4.209704215012507	4.470587788260282	4.926512174434364	4.362187985780718	4.9314316245930465	4.985942940566312	3.394279055423654	4.718937323375913	4.197389680865959	5.44859683987362	3.0637913091360964	3.250373841135836	2.9859437764467884
5.074585009378148	3.231307066394255	4.262160895188678	4.320531940374318	3.1025492721312484	4.582609385890722	5.041755039470387	5.235688650898258	3.821841036059134	4.250883341640873	5.241760044396115	4.855312135283255	4.421321284683418	3.9907043782985254	4.768145054244968	4.299716028446128	4.425369133358641	4.970752907498115	3.203226869124729	4.585090675849887	4.1661088809347	5.425058520684538	2.922033453259322	2.9292631051583595	3.013054412711767
5.053081540741977	3.5599594939206147	4.409820269249314	4.111992009872466	3.1225278801093483	4.423785011842956	4.675701729743833	5.075423659794279	4.518692147290368	4.578231242411123	4.914621793583109	4.956157792199004	4.9283761159827195	4.041093980326352	4.144964020754176	4.493840955763581	4.645279302835528	5.061304588351956	3.8485694796512626	4.815748692352364	3.9018502879797023	5.552605202749418	2.9133105915745254	3.0546057956070767	2.987200010747954
5.056685925527559	4.0846888527348755	4.813039534956186	3.9698599001473807	3.2735339357771847	4.4468616664909995	4.71287971884286	5.150000989510792	4.9142569120239115	4.494316301643172	4.322381535053299	4.64549268275332	4.229781574354354	4.141941530902687	4.023866054709192	4.620579632024303	4.749256772301238	4.648188679856643	3.8321818283745364	4.969843805968543	3.953465644486646	5.4467530764678065	2.9269804652814506	3.2600031651832895	3.2142095665616943
5.0825864619826495	4.78270455559881	4.726677242775145	3.8053216808165167	3.385839165409532	4.295258434963205	4.809772267957312	5.445848348943699	4.972140140768456	4.476878936291528	3.8726002485421382	4.620763429652834	3.8356630653611763	4.469055369939016	3.68616090024551	4.954388757954252	4.860615165093826	4.796970366627639	4.853521816751667	5.050427319066835	3.788320516960588	5.536081120401897	3.040061188817602	3.912259827657502	3.1617015583383616
5.25056823469939	4.6826075087065595	4.833549850613901	3.8282708644935672	3.266807430791026	4.98776722720775	4.928174665037638	5.531998593461959	5.375571920570254	4.515264827441633	3.66612312159363	4.444426071929857	3.959320532430417	5.078346738349675	3.6066144774676205	5.265010849378771	4.606156089946425	5.145738474785817	5.162841905058892	4.781599277535921	3.928807291838942	5.510699535694468	3.122645664771701	4.100061107539172	3.7822706032556326
4.9607898143235465	4.822052296803757	4.6926806706312005	3.9351185344138515	3.03204547940553	5.311203219012485	5.029089717030446	5.485300359789768	4.401442685848389	4.72576578426302	3.921795546596093	4.453861345421214	3.863063044498439	5.131403779071756	4.031135105165843	5.520394827047853	4.597475284894849	5.020706844145748	5.165368522029911	4.678719384172599	3.448037707207482	5.494027398784022	2.7706222245366883	4.574276891857086	3.9645587522262793
4.813265237617631	4.899019738413798	4.74922951417033	4.517424050334228	3.0179857888254626	5.360862956228021	5.066410675491452	5.377354005871823	3.939961151763762	4.6822853005241205	4.560523668282649	4.433203501893598	3.867475943763916	5.207354571274124	4.103335185611811	5.323348686366237	4.708422454032544	5.183209029817418	3.790660941264795	4.6783232286719905	3.617023548569598	5.535860596441427	2.482857718647183	4.327935816189149	3.415288183643784
4.642443494735619	5.28296192832046	4.22299307069102	5.124353375681068	3.1465809652792163	5.457982880962272	5.02499007526435	5.330188003877001	3.7817537643704244	4.814654089395819	4.994594173454572	4.3841330021751395	4.321052227520398	4.949145945726389	3.411116479237251	5.525902033867533	4.852472149377003	5.252643600595486	3.119513476844327	4.576727913122674	3.734384628051069	5.421591242121092	2.5385186466216125	4.3778973898686395	3.3320216092743027
4.648878330649478	5.063230400525684	4.119203915739088	5.307040564814179	3.1023658646053547	5.447846968625536	4.886478003635299	5.2894536154170515	3.499096984255398	4.701066570922032	5.295952449913254	4.431841256223046	4.446202807100469	4.889587760205612	3.595931679760069	5.486479627739446	4.896093930344623	5.019010751507167	3.207534412714121	4.343203926540557	3.679355175711477	5.325630216080767	2.765194866222803	4.1547883297432175	3.601390350734633
4.633117875785182	4.94591868808334	4.294823964297025	5.363255016384778	3.307171550604513	5.310291406618892	4.9969038111044055	5.364035483086682	3.896723773507702	4.384239844017333	5.022732720284892	4.541624740788351	4.593701227999663	4.7879657977869785	3.5507644056805985	5.430504670076137	4.95486435304042	4.855397459804483	3.066629005885203	4.407617545392343	4.148830526171684	5.423605679354867	3.2541829226214127	4.005553083987758	3.2666825609389467
4.716590230945085	4.452065373612989	4.115167775139335	5.296409606702587	3.4179891746305695	5.23000799125221	4.87253191497015	5.249414840623465	4.4969196444720305	4.291816153346776	4.950837697799287	4.832249737868699	4.868675400736288	4.047842098408858	3.9717438732118877	5.491629641220167	4.859787308963315	4.882013973294506	3.7971028743809905	4.373789962409518	3.349039157586376	5.510777184533499	4.019266272592407	3.7586457900858052	2.9479005042906885
4.728120504687535	4.408640567353359	4.367255561755119	5.362889827976403	3.6119845241824162	5.038352086024023	4.891699903636074	5.171719227314536	4.605832629347844	4.117077662182034	4.8753417692390295	4.727209303096005	4.693424275972563	4.023954920334455	4.903670994232233	5.43744247564116	4.596222581383813	4.79683024056211	3.1719051814284667	4.570720270570737	3.6655637575980977	5.489464565278002	3.8303312984714513	3.4660668849696696	3.533352628395561
4.537782161298026	4.555045903508333	4.3800670812786135	5.320336168362403	3.38524656606033	5.024487333287591	4.795051424365434	5.11272753204078	5.221446072577783	4.188160148707987	4.795770736163688	4.8119350423836815	3.97709194584713	4.12973537481935	4.896052506593345	5.270479331535336	4.710293277291372	4.800211579864536	3.393842430716858	5.012546149255072	3.8069736967106733	5.367553319747227	3.418721679423164	3.29481917654315	3.8036322423043973
4.321741701012173	5.023883157983438	4.462885164760268	5.29541597609226	3.2639572482553634	4.850177947989871	5.03497201285813	4.803090436877458	5.058225809663373	4.036511748893849	4.546285318097973	4.979738203650122	3.6925651504433206	4.42873909261863	5.02765205957045	5.213383721968913	4.857448917086651	4.77829932208972	3.667978379808474	5.126903357711013	4.1641670268164965	5.262300070162977	2.873458596737457	3.3019697724713417	3.802558020384292
4.226078216823055	5.533119010154223	4.386502779900519	5.248986537419931	3.1363932267540937	4.513129031133982	5.068849437093049	4.649376482978402	4.540336363167939	3.709737359344208	4.15710816343232	4.906134652512617	3.342190746223234	4.824904393206722	5.106718300862465	5.031064775926901	4.455386290262915	4.85502072261793	3.844108961265702	5.179692994102741	4.8349038630347385	5.144580061128702	2.7242818702395537	3.393639707137737	3.4102145829998904
4.410586981964406	5.612891978753747	4.373903792565137	5.215600809067592	3.101420580516122	4.18692435215726	4.922857405812328	4.50844358000203	4.661375178484443	3.790491311065967	3.6244281852071416	4.970713170644185	3.3272834250776007	5.018904652910846	5.163697762631445	5.110375330849519	4.590285820712786	4.871821665942556	4.005454523641052	4.976742775735173	4.9348338703749155	5.217058313261654	2.5023109232027556	3.3789802995513423	3.299475225459944
4.381536398326672	5.60305616089641	4.344252847383313	5.376357219318349	3.1487803842090756	4.400497664619204	4.718606815950665	4.3391576628427995	4.260574814052029	3.7086878807270796	3.078731772774903	5.038629142480912	3.7484312097026633	5.048647089623635	5.038584839867999	5.461234470325476	4.582105939931808	4.866353096457905	3.690537842618861	5.003622899913208	4.764204576098515	5.23610249038558	2.5017809441496888	3.2859285205650473	3.5778136302557866
4.993162594549341	5.669320768090871	4.050138893741157	5.313130153868352	3.1004128780066695	4.574445862572806	4.756474908345426	4.493402584798169	4.4664405228892505	3.3813184446406783	3.012191268217821	4.996409300839895	4.0656473541102525	5.264786274501965	5.115665964156695	5.516134560467056	4.793177353974075	4.839730437809733	3.6676094318637342	4.964110197436773	4.43329165703067	5.470840151755599	2.529703742603048	3.06036071058173	2.832168438533274
5.12484084341411	5.443203270626003	4.131993346003496	5.443663491204129	3.220904864936394	4.862086599221602	4.694447548961567	4.579935139108758	4.586927645176971	3.311772308188397	2.9625830041420023	5.136041077788046	4.614765118403165	5.310741223970786	4.774631557664964	5.479779889239661	5.161370646814047	4.721219655022848	3.453225370145793	5.095987427073998	4.337575853288208	5.591487581890269	2.4915962276219767	3.0811910497700525	3.700713249805495
4.794081228970743	5.322995815480087	4.1938807693299225	5.422292905535364	3.3023625038142153	5.019800749096463	4.887079672162181	4.748848107877578	4.702744116951327	3.7514289368992038	3.407430568099094	5.247001515459196	4.917017260494589	5.407272796178975	4.594262897693433	5.539625413914527	4.586692845199521	4.8604377476782865	3.5523521335500803	5.133079415175767	4.239225482149956	5.482572169563694	2.548182117028064	3.1523893730859256	3.9479595925166144
4.6112342763261465	5.142853595771757	4.1075213458307065	5.36531950210827	3.4124141457420185	5.096180705607639	4.891461270036644	5.057954542986726	5.132096246992434	3.5554266665458707	3.056624652364594	4.989425910658797	4.367592145425401	5.3220879958249006	3.9153636270024297	5.607188829797281	4.073232381723514	4.880466405894056	3.48966148574899	5.258676986307971	3.956053682226474	5.515398453043459	2.6779697305554797	3.4506894046977563	3.586356789863786
4.563488442925638	5.06949065312594	4.355492656227476	5.465962125112258	3.869556267146842	5.177602585639974	4.967250284472466	5.330742683237152	5.482517798264842	3.657053736874415	2.992825689722606	4.786201405990628	3.8068965811042155	5.286627776006277	4.169087479004313	5.494344344830678	4.3822129446119735	4.905246365724297	3.559089105478153	5.3386955917659344	3.798091019968364	5.346390502665757	2.821173243779177	3.904663270416447	4.191664355896455
4.423714833378146	4.688002555406931	4.452902123757952	5.470969523837532	4.150709813458944	5.291970375457845	4.988297856712807	5.294128686106249	5.369043262927643	3.8181208041068464	2.7351700780416435	4.960644089206549	3.278994885640582	5.187455174918072	4.030595995784078	5.610746878119169	4.081101799213529	5.201374207557308	3.8117933572349294	5.096994917601271	3.733845407904922	5.349970795356312	2.602764576810582	4.0531308701294	3.80900043195847
4.343613079783446	4.434632865170356	4.417827923639251	5.450679558588343	4.430110365857026	5.436266500912294	5.024694786850776	5.072709883787932	5.66142761814509	3.6726056681712644	2.9285519005319722	4.74293002799388	3.2568254569733934	5.069320299407668	4.14713493348994	5.367987717693219	3.9455396219037038	5.12488831933787	3.797992438598364	5.25027709055825	3.6494678121318036	5.137441854334257	2.4489748950801458	4.002700960555897	3.265742083283956
4.737120051938675	4.241801937837966	4.5119494490317535	5.382762292777789	4.409478203572235	5.363971466267901	5.01689186707761	5.002213967674054	5.623122883979159	3.73533740482678	3.990868557742226	4.970586201673162	3.8201286268038204	4.984857545272853	4.848716309151386	5.139357744666046	4.583108518468586	5.175213236974922	3.739579826002534	5.093462279266214	3.759728735136087	4.970971291856337	2.39767075690594	4.080848269057917	3.5049607431941125
4.3932041964870825	3.7812181880695435	4.526242605675786	5.417799583589431	4.407738726792475	5.3919132414491235	5.100026113865145	5.037590783888358	5.601251822511662	3.7759800245614725	3.744687428021692	4.913676115060034	4.060655461937051	5.218398412321405	4.867705762781768	5.22055858485764	5.211252079900341	5.093523673104522	3.1802246796093128	5.068550324986047	3.947442019430156	5.337032014493105	2.3442106311643753	3.49645134823084	3.6281205677490047
3.9784359188993763	3.6256324753290814	4.322262625456916	5.365872307589971	4.273744357582813	5.30823253757864	4.829273570230662	4.996643034114589	5.516741211562497	4.042487664071317	3.329811488148441	4.744028746281124	3.939426724343299	4.977598891008111	5.160455270474079	4.834740093679264	5.014848471630809	5.143406423449289	3.035588675500307	5.257506775009549	4.036334992123293	5.313105211920417	2.681238276245905	3.296720081111056	3.567125249411499
4.327359827115542	4.085147450445732	4.530991780142854	5.37220552134845	4.093321858706213	5.3641637565936575	4.60639166805426	5.096047002290231	4.814005046662355	4.32434963195351	2.911767392187764	4.74853047230045	4.657048003016914	5.106103740819457	5.172725007391775	4.687842927009206	4.267891916652237	5.207138006853444	3.2185395102628624	5.451713616844628	4.2106905317828005	5.182590762983762	2.7271938227776524	3.3223037572367335	3.621880399178996
3.8644215492678615	4.325221658916593	4.566557803295924	5.403895491194239	4.03430438585574	4.892417213819374	4.847895448385943	5.184853360811659	3.7916773941693855	4.302484154452177	2.6425782340528055	4.756031910832334	4.034106359422993	5.047259299340471	4.850385476876363	4.848453365636008	4.193548081372773	5.066986789770724	2.960464953937243	5.58633550605517	4.686310601955792	5.278803268800806	2.588575787146223	3.1359504975199406	3.684590322301448
3.5923451495080427	4.876686801082095	4.571086002268297	5.3099392951215485	3.885514361361943	4.546097204198888	5.008165935385683	4.880017104300272	3.651550017444293	3.713777012264065	2.711960721071033	4.912339114278265	4.043218993975528	5.023068844648256	4.981371620012831	4.870875622033144	4.377242948997245	5.051885587161178	2.8830116075043697	5.580442880884317	4.343858189008465	5.330802813931931	2.565111075777704	3.1525236377378745	3.555349139167864
3.6457831597403754	5.1878723258018695	4.853711487901878	5.253703324437463	3.616079260412244	4.482846350243275	5.085208307812909	4.698344156830054	3.6166355745127183	3.401171926983361	3.3548990015359736	4.833383834683872	3.946747998128073	4.910848894964624	4.745812698747903	4.939570174202895	4.52446764975386	5.061867672502805	2.4208176578502236	5.460049272107731	4.142109924903581	5.087990755008979	2.50456051670643	3.1907647512761117	3.5379622089611757
4.490460225707594	4.628653501098482	4.726283152941232	5.401131595076556	3.5573708391368206	4.4220330843478415	5.201282559030951	4.748399437927376	3.8504811666473473	3.2043468548321674	3.667852527509711	4.810228378254732	3.840117450141497	4.695621551272647	4.617854078271195	5.226001244224014	4.735835914552768	5.149854589676345	3.029411345865256	5.054843972258258	4.299793544258402	5.068785901461998	2.4837380541848315	3.2637895223598896	3.480503528075195
4.768302718389345	4.754510924347592	4.409061521443233	5.434346506008936	3.4577872895001285	4.984813338048701	5.030257247179689	4.660037533636787	4.5843194169947825	3.1860984781288124	3.1563192190031004	4.663510727968304	3.5787337251431612	4.378562652475901	4.712570897121294	5.227319690039647	4.9202556057978	5.176750247407496	3.2242359148170063	5.058238280057825	4.270174242192276	5.219406787148826	2.8228953147746862	3.1080521884751575	3.229514323495784
4.350229994156461	4.792299304119289	4.472732847941716	5.424121196997478	3.6124960837272844	4.836483894662883	4.83203253359313	4.615479967674109	5.168798794694288	3.310428598301873	2.835824792823088	4.552205573080311	3.849484558602238	4.369962344890559	4.836412986788756	5.168240290116674	4.883689110733242	5.128679651094835	3.5344630710960083	4.8841387025303415	4.583495234468764	5.131533761650633	3.1467774101120094	3.287058669899463	3.175035960260015
4.271640773271755	4.817647319858081	4.3418618432152964	5.4379038099614005	3.7952442475632204	4.578796152067781	4.979351817724379	4.770128824737939	5.261169903945485	3.2995528933925997	3.5576321651116847	4.344422745184968	3.9260313363042516	4.81453837833311	4.851444032049988	4.893781321409117	4.702223250863774	5.25613886175172	3.9108014061250937	5.012643377112626	4.738879530456351	5.2365624588572945	2.9690581632736226	3.502228653139003	3.7604077280840293
4.24269833063865	5.024745302398514	4.403475058161603	5.464602937268467	3.9187997005846653	4.721043593656452	5.033453175518085	4.787694605245488	5.320772554824734	3.346576351879423	3.9770410152937035	4.3733828804548445	3.774054734244651	5.03757234233684	4.791295486882597	5.0637235515674135	4.775400152820999	5.275583807079656	3.7914897503284233	5.0416874952249415	4.790903022090239	5.42700765633405	3.5888870267871242	3.6949546835261766	4.831914342369037
4.673364750195083	5.573492767145361	4.457137175633192	5.487929834512682	3.8920108690634945	5.00283151939932	5.028876423304547	4.3925354871565165	5.195380874567346	3.737770108271763	3.7708390492422876	4.5111636268495445	4.171168114640922	4.468015738271226	4.865828092393154	5.073081117883531	4.759737969916862	5.345019355571767	3.8426993569165906	5.023912395984511	5.330981836154074	5.372604734413863	3.7701351642015104	4.16625281490771	4.732199022486684
4.727251798336922	5.606794149768273	4.273221352926205	5.46557417681127	3.817370515565666	4.8688168339532085	4.970085590910001	4.377318154742725	5.1736450207196105	3.5894268283328836	3.829165940759113	4.524798793487361	3.242251741951624	4.0058410904136785	4.763847965419312	4.62338798682185	4.239755522365294	5.445779966729506	3.420647800682096	4.92270019351676	5.38834883871698	5.463918572909709	3.512283437094905	4.162164963132355	3.4279704256882844
4.820019509099928	5.620465051908033	4.398069933178452	5.327477808644322	3.892986418643546	5.158211144111405	4.917282931202405	4.273518789675876	5.124996439573107	3.3102311209782753	4.025559580137493	4.79223616563339	2.614062777903115	3.5209099023267902	4.783763730724526	4.902307894065234	3.743098074225657	5.273190454967819	4.117467301985703	4.792800383027761	5.263120512637461	5.31955561233263	3.6559521676974183	3.8720170552775786	3.019777431019977
4.868638714395144	5.483474221980809	4.190797037385889	5.32507484087857	3.6446426218764594	4.949838346846433	5.046001315457514	4.11733321042159	5.220868081394632	3.0931328852777997	3.7467766230786106	4.865915843825212	2.467308029870556	3.564470178688667	4.780754975392517	4.975458678625008	3.646490846190098	5.2924013337068345	4.427500066210097	4.749421439879853	4.554772900258442	5.413900424261373	3.2398381816234743	3.627248895685718	3.1661206990284274
4.854586407293003	5.488073600038202	4.01009166645349	5.280857460573529	3.5641019028545142	4.812565136117639	4.906154715404425	4.306928368683685	4.541231131517758	3.033647172137646	3.4398198562485107	4.683698740448201	2.7938339276434596	3.6282586607760123	4.82574991169522	4.864422931666756	3.7286788075833863	5.374929420181105	4.904078585792723	4.829144170518638	4.405744820249946	5.3002966600619335	3.3534003904837695	3.4156254583405348	2.49953422144756
4.828167803370582	5.361000315189015	4.058020063424589	5.3405873460550675	3.4621413690088767	4.56368017876694	4.884794147160209	4.366222108978166	4.367440928111214	3.288926109691475	3.6965677351942534	4.524994961565011	3.6783499834135576	3.621911109427895	4.90642879238462	5.1032450945549	3.977295821120627	5.395780890422735	4.993924638498536	4.917959664343607	4.27719096358018	5.382401457863508	3.4147922374192907	3.176196170718843	2.5733791924259846
4.177428731855472	5.42517766284778	3.909055933970954	5.414762854225344	3.4212116239590658	4.979970185267149	4.9401634121235105	4.400529927138118	4.54460076638155	3.7530991093027986	3.707866417423517	4.387910038691844	3.02468936418587	3.700455010293065	5.034662055285934	5.264325428653616	4.809672735550689	5.273265274523679	4.881459774564651	4.949873758446407	4.573409381330582	5.527636497212947	3.375146811600081	3.424269215291166	2.9045103244152104
3.9143418832571637	5.495167691839444	4.110321170714874	5.325531290509873	3.5750905770524346	4.910235987610117	5.003062412453578	4.67641942667264	4.656499372929985	3.9503368303326725	3.754745601190147	4.556601645672978	2.63367021327274	3.751509913320936	4.739281964952123	5.223197219737847	4.7725739174719095	5.266799116169001	4.739475468356873	5.111097367082407	5.256048422621608	5.451027591140395	3.466799328558899	3.4968518712214487	2.795665153825993
3.47647343655348	5.441758484777686	4.109901051030892	5.39702822898149	3.373406481644862	4.783326935114878	4.934966729377886	4.851428524515456	5.25719874433271	3.713304295003311	4.537527432757646	4.616301157429139	2.9407016307168687	3.9954321787641645	4.896881479872211	5.298905870112208	4.832350610495206	5.416584987507982	4.123018390022915	5.305319355976997	5.032859401030243	5.5328013188496605	3.01037702466041	3.8003510203718696	3.077941973272073
3.216316386489273	5.5127794758657105	4.07613505657586	5.248135890787159	3.398563591684362	4.797812060016082	4.7223213612884525	4.860152476329205	4.878001061001596	3.3080934304262426	4.313732883138125	4.818547182250177	4.015413760800531	3.9961093526568696	4.70975151025478	5.4766678714863115	4.951634956908368	5.442479836391131	4.127652844108649	5.239742014662944	5.022814927789759	5.6169571822787265	2.5716680288389653	4.243474324515965	3.456632331872224
3.319538621414472	5.41054824050087	4.2968790942706985	5.192190705309213	3.755671679192228	4.73220556155114	4.818820386088758	4.831743108002503	4.3927262651499275	3.400577098603419	3.8407260459553254	4.998068396525921	4.064012405443982	4.340492514464188	4.737418600707723	5.585861231203497	4.5308209488076185	5.383628681464395	3.9735897424218205	5.4871642388427295	5.0927800896983895	5.481424004587829	2.573730713462369	4.320020914124678	3.176839050401928
3.4301271455862214	5.3428049951347685	4.445823818350909	4.942257096742686	3.7680712210489338	4.727406633591458	5.080131415130127	4.859394754162001	4.481970644438978	3.672402469998775	3.8625590625304556	4.907430288597066	4.37632039174506	5.145935852996498	4.869483952600598	5.2065428041245205	4.476292723684161	4.8622911001205145	4.173910515063458	5.582295309269314	4.791025550497083	5.425434861556541	2.6573853369681317	3.924375931326025	2.835402469140484
3.6610813374550384	5.352323278159903	4.483764322583454	4.744026716335205	4.0696430283841165	4.798106098499331	4.943609587904324	5.067461665330729	4.496494775168284	3.4619574628814176	3.652188094548892	5.032606367282226	4.448674794878516	5.367339791061851	4.602772933526592	5.087237914028415	4.373719780749126	4.600699565052501	3.8177368949383537	5.550627235079318	4.694291668289348	5.497244144467991	2.7624153308686656	3.960995364158661	2.9517522606553466
3.812029540095118	5.4150388255954445	4.3042945631925456	4.806199376571308	4.644246261355957	4.890488913311723	4.803661845633794	4.890222491600539	5.183204941748284	3.8842198035604842	3.6586173714240706	5.050204502263564	3.8605356889971647	5.353555776792017	4.45709596638543	5.2661400749977645	4.456016739231251	4.404127102233393	3.5467480065085346	5.4577604250854765	4.915652767180749	5.424615553018814	2.9123202834637065	3.943586644098928	2.4996214595727877
4.2080486148620695	5.574664496370793	4.318342459715104	5.215823425101284	4.590728754599378	4.8170713588643155	4.869016926769603	4.876397426871389	5.672217225886629	3.848415791435521	4.080689859536637	4.80758454802495	3.6200185127466398	5.319058562889097	4.541268434346729	5.183548735556149	4.831375732544329	4.552311053331216	3.5376699018141933	5.120220754460959	4.890789424301982	5.044997968574435	3.1913531937928443	4.1509683758261415	2.5408182616822335
4.291593201291145	5.536145429257752	4.305601093612658	5.264825657075313	4.544083300546732	5.038214780024546	4.866073908360601	4.708512751314425	5.667801382901156	3.1634751594972252	3.9142988772737173	4.929066688073337	3.5454411966444876	5.242814603687156	4.764919245093266	5.582711251401701	4.713489855293457	4.551759890277445	3.6336110666150567	4.8145938613186665	4.192643311636332	4.976618845357108	3.315518315516558	4.633925891977922	2.864650563141449
4.381564322877779	5.427249210107384	4.161084041947736	4.701047186663831	4.297229625314587	5.239784352351838	4.977804784694897	4.6205969554819895	5.649635001772561	2.935805875586944	4.336258466470446	4.6201975584001325	3.581442894046501	5.222486680640554	4.9495707276756296	5.6510371378157185	4.635690490991743	4.7456817124933925	4.07899279096554	4.8639102433507615	3.671706779000651	4.979036210452982	2.85389611983956	4.7374525709716115	2.5958024779537863
4.481314294323275	5.4154931392737575	4.144086148618691	4.75741605136304	4.074877415495302	5.388915466839248	4.71896640581884	4.72663687989733	5.527403273144046	2.992329489431673	4.35941351419338	4.212949650219632	3.6676378616556855	5.116871707443839	5.059068744464487	5.676492901253884	4.862109834707993	5.170658336531003	3.841970136525924	4.827493960586226	3.72229077742007	4.961897487823636	3.1445876564781727	4.951685288228843	2.826772863204562
4.890901193449176	5.362294028932439	3.7587826996938483	4.782867748211754	4.034307339451955	5.436852270815893	4.96861437148265	4.718202553210484	5.384944509796173	3.1531902275409314	3.995525164549277	4.094358883075534	3.6347077124423235	5.072095947411912	5.00058274782397	5.596545181751339	4.804966285995687	5.233038294472986	3.030694888328399	4.882807534239122	3.8447103125370257	5.339028031486471	2.788860118457085	4.820950351400128	3.2966791218866134
4.838575048019523	5.363729765864634	3.6542346008934588	4.235398471440571	4.036357817742649	5.299866188913854	4.764830912732715	4.990092310848889	4.591853946336266	3.4754671036417064	3.8215614697426163	4.087612611093729	3.4529939041794386	5.096824695991518	4.771984442944338	5.544141483969767	4.5998723126408825	5.282241547815207	2.948622921584157	4.815111275900225	4.205062727077305	5.678167425346954	2.5578114162008903	4.7265381954607815	3.423180951526011
