5.3837452567775275	4.461540033352681	4.8460027716029055	4.827385306538209	5.183173134095834	4.80318837820012	5.6621120697563345	4.111448941474931	5.348494124667825	3.657894713665541	3.3624104486390154	5.296082748635856	4.185966266237768	4.694991428605901	4.9582893072405865	5.386309902287182	5.358954866154731	5.786600977294359	3.446627705647853	5.024572574344116	5.5957523448683455	5.0160220324227875	5.556684193219137	4.692775631885301	4.821792338814875
5.318546155118805	4.467397071941561	5.019429512123209	4.471538071447392	5.387366566436885	4.946388823738304	5.5424878305367	4.266990522172177	5.06094959641709	3.299795980457747	3.4431246178751493	5.5087644544478245	4.553915047072889	4.155047384556446	5.008684273504885	5.341209245594988	5.384328196510366	5.762798297051212	3.3689637971813533	4.925254861574107	5.664992821472562	4.945044138834961	5.5122134529567965	4.232959293421955	5.027182846989251
5.453794366012443	4.52072534274565	4.981975713859627	4.3944134318177035	5.335703832488478	4.895720365349363	5.653017749063739	4.521147825758318	4.963333843920203	3.629587874041174	3.58136996553275	5.227528680266743	4.728112946064668	4.379899887621091	5.111064708377533	5.470926195165184	5.42668942900314	5.842764574887796	3.0154695455214577	4.916439245044094	5.654301109494644	4.763508974871527	5.585222118861302	4.115888312971373	4.436239118465811
5.4948898848791625	4.7899189877215465	4.825498325004388	4.574510958172765	5.367372697332145	5.065193008458289	5.6202279394079895	4.589475749110048	4.853403242036876	3.8688916337377584	3.240769239725934	5.244116730810399	4.952992020444383	4.606950404476192	5.286345307587771	5.496353111957643	5.267035433893496	5.809934719900458	3.605848708615829	4.9365317427716775	5.708759565549432	4.886385355520049	5.344946632686075	4.384201195716942	4.197965536651274
5.560538216819537	4.252760065580243	4.841552661919507	4.503356470915538	5.451186307866941	5.176927378578714	5.6704884467269645	4.819928909433469	4.748705107149205	3.7823533650934187	3.746430129425247	5.027471103982529	5.165638202706825	4.320819476067939	5.37906234204092	5.574171209178573	5.35094185182689	5.872307610253668	3.8086606135458845	4.953622200457136	5.569597489268317	4.879784982479437	5.520931674639975	4.857655921430602	3.513474780321862
5.545145301696882	4.299604094323076	4.760936460374287	4.435665239639186	5.536260768731051	5.218687789408647	5.669816365282939	5.152010489938554	5.112226566970369	4.623292937883218	4.357592923104691	4.951127020475687	4.99844596672811	4.244781467810372	5.3018560375486885	5.498604456703446	4.829114298952873	5.75733423295359	4.176990796011967	4.837751455211754	5.58192016560425	4.937324349182606	5.497076173737214	4.880277600742693	3.626252199997183
5.569377280265085	4.2322724495567305	4.609753232654823	4.770441601179915	5.548990387715127	5.194289048987062	5.617013927610592	4.913044076172051	5.3516592828249605	4.477073228494702	4.198077159884916	5.055847683087409	4.916245154626887	4.4347652449813415	5.12538478693361	5.439860614321875	4.851243022852733	5.820807852983361	4.927930212439238	4.961638446912107	5.484181933509867	4.926157756166044	5.485568097805393	4.92250013610375	4.013468407938661
5.533373547564978	4.223282326674	4.638504438260225	4.756613167195354	5.577737859444445	5.202507802780679	5.67430237268988	4.90289601051034	5.363713335156584	4.148559407208057	4.470218211756433	4.983799962133366	4.799813907335649	4.22254892104898	4.932190334653366	5.483722388844703	4.721274403690375	5.753671265823257	4.890830251863251	4.950516634260338	5.5762178713750385	4.652022306088257	5.4730884682525	5.257897044278601	4.21933173904489
5.51022307027237	4.5766871005149765	4.538666078871919	4.787387422733872	5.586125489932582	5.104456619841096	5.612605906478763	4.982699591594459	5.292163187780518	4.0029564263072	4.456372077198932	4.993341951479554	4.652619250604397	4.982241740650111	5.008755714322793	5.572788453340354	4.538769023805772	5.802404742208567	4.887270654791687	4.903288297946969	5.4933868178800225	4.956892050344562	5.177593085118453	5.314103366516399	4.271374235201245
5.290841252159311	4.703348534249596	4.442797322713618	4.916010454930474	5.618792499303362	5.206772831317017	5.625100803485774	4.969331025603565	5.113213248133863	4.378771190365003	4.514342062800116	5.031809757090583	4.108801777205032	4.63628956439349	5.043298045315591	5.557477240934687	4.747190305473369	5.808421255180496	4.675540532884556	4.777860782788074	4.997537417853878	4.977435204013804	5.195118923067373	5.052457857666433	3.0227706490299657
5.299747658495303	4.970563212395114	4.615693721865803	4.88755532909235	5.512458287707574	5.135238285868719	5.634981362737061	4.973565635508039	5.101299818179944	5.007790836638931	4.623753265378389	5.024856392467743	3.81626516983998	4.948480104145977	5.203208814830343	5.4820339158431795	4.943505071235251	5.702034537162456	4.525533389834193	4.635953121632966	4.981243211818377	4.99090691047498	5.167524262750646	4.803848658589731	2.9545153384950327
5.333362473252668	5.368729655352494	4.639352686827972	4.921154989151681	5.3371366429401785	5.324935742140817	5.469398651884093	5.090993597745321	4.7933322770939215	4.815086540969467	4.821175880264844	5.265817696372824	3.571653434870907	4.7133853917729835	5.214815264880656	5.451958942995419	5.020516987122313	5.707097472400881	5.089913370830674	4.791211800948947	5.131961431686843	5.196076946063416	5.06404094269949	4.808192628086898	3.2329169127353286
5.352061417991445	4.939137729253262	4.728076245556136	4.699876884025073	5.344576574788032	5.317280439540168	5.4818680481830455	4.852343314824945	4.434487374115069	5.1824995984835045	4.380488573307777	5.219724295775993	3.2163916648003443	4.286161281472102	5.127191338571658	5.351420818848452	5.100236242642419	5.598521841895852	5.097652777873076	5.029801056283101	5.151814292095677	4.662118496144115	5.070942578509751	4.862057136572452	4.231672049954833
5.501965082540214	4.830401270802768	4.8267716878956595	4.659723289427932	5.356522063125546	5.057346980497729	5.5745397356482576	4.7856608286507	4.572545811490832	5.183912251166677	4.6368587037787545	5.387715964962474	3.724951306738191	4.187911685482741	5.080853421442682	5.409429929846089	5.389878168782525	5.629191798922794	5.187991011353239	4.817094539930577	5.416247156435552	4.6384638055014555	5.042437217739344	4.879039079033695	4.5765642658614345
5.480120753153451	4.667334642678717	4.727147792458436	4.943311427267685	5.384083541363297	4.963840231849144	5.5816456347631345	4.790644746175967	4.636365781655793	5.0988814339105675	4.718078431749374	5.368127704377294	4.590697786145334	4.25636744170925	5.072706258481268	5.346650460704685	5.169635525108849	5.572096286784291	5.200934048750629	4.776032727944298	5.363142780279318	4.67247210772779	5.31675727310112	4.897499911978094	4.746236451643834
5.560453187289422	4.341311552918431	4.614318870103778	5.090900139400318	5.518905396261236	4.9005253898092125	5.56504592751976	4.627868936143093	5.108641241597898	4.965772750948973	4.94781925623128	5.451608458379133	4.832609121197735	4.339425722123971	5.12210301446987	5.26205284588516	5.077897880968663	5.598502793648195	4.510405429425677	5.010397847497227	5.492114797734557	4.593612778127347	5.218608080488397	4.960858302191422	5.204694212792308
5.458942734808448	4.860590662290272	4.789743404089969	5.24568717387598	5.594048414695271	4.585393639213819	5.604057147984791	4.7376111914385834	5.442160208151133	5.046331576426925	4.912747056404348	5.482627058695753	4.896815201841581	4.624593136787686	5.089909235872753	5.387523079861002	5.094539049932002	5.652062669234125	3.823588977632409	4.467180015940893	5.362913817058286	4.869890109484399	5.251405426133512	4.91773049588205	5.243370773466552
5.559716608498635	4.566818829865956	4.79796086805004	5.085637458358216	5.5602260814088345	4.940457181266916	5.57360684817715	4.715227007422364	5.374152144470475	5.038661228035909	4.9614772212484874	5.330089411850291	4.939419786538302	4.853338614535636	5.116263070578172	5.403883229360646	5.078880960581888	5.632283881522815	3.6426869684189263	4.195786947397912	5.308665318024537	5.106818454524558	5.275857502835825	5.312084861231358	4.59740883121301
5.590068070378359	4.2675645118557775	4.759777771532585	4.923156457318947	5.475737101836687	5.120434526795107	5.57882028045089	4.650888643603849	5.362045364989837	5.104368035556442	4.807342826729804	5.360545053010872	4.791097150695083	4.690265987853445	5.1237314892888275	5.448287368263757	5.296456063182302	5.693828807910119	3.4578978053405547	4.219421871596876	5.31361496879081	5.199846985333947	5.087934642220399	5.123447968396832	4.843625688122797
5.52229524754312	3.9916897866785916	4.751906695296032	4.729885772163159	5.376278684546677	5.220910765900523	5.599522005838521	4.758832459891834	5.290623975477706	5.1860929671032485	4.097073086918931	5.375145258539879	4.865165138392917	4.5407852946799805	5.129756603035476	5.640675320786013	5.092371319252284	5.602574451195167	4.016860231005291	3.915891200611923	5.283893752278846	5.109383448618859	4.972958827734093	5.175219301564619	4.885194339470437
5.698819315943564	3.9046860874506226	4.589645715305902	4.557692756216773	5.279286099175128	5.12175209746243	5.571989397440684	4.617357298982809	5.334430489291382	5.2602490213451505	3.4318794193119477	5.262968060138915	4.909373663515336	4.761248333562399	4.980628322155725	5.6049699122947585	5.028106967342377	5.53310928360048	3.697178215429666	4.040609990457108	5.23868643071233	4.924749581406321	5.047715076056498	5.07597355309283	4.705888051109336
5.65787407872409	4.185629665830942	4.455831548110908	4.701157508513431	5.160353010055737	4.923618217034506	5.608788447994788	4.530379774854515	5.252970144893954	5.30771903873602	2.8372221308027674	5.485968822205938	4.854651607252889	4.631031618455067	4.8349553057999906	5.7163093380727314	5.110347927678829	5.579797193343703	3.530296557229174	4.809338413805755	5.146981919440694	4.962199395890912	5.410867008210867	5.008212955961247	4.55355117054666
5.10016939309122	4.226384859144742	4.263656070714187	4.703757418256497	5.162675075048025	4.972107459111076	5.559297804343961	4.482275581318419	5.4407130303993725	5.083126012591856	3.502612240052069	5.481229506522139	4.878409990967966	4.81460129689252	4.9452066410202065	5.721152856067405	5.181635057721904	5.570086249547527	4.029159719770117	4.885338423580354	5.048461839238668	4.743571907658588	5.479549080186794	5.157552300379735	3.5818601548121007
5.163143441377841	4.528099005936693	4.405777193621679	4.627932283632039	5.207919661685911	4.715190244092308	5.546587998937801	4.503195277613377	5.421520375631748	5.079332220624082	4.356960831138771	5.462425238701465	4.69171466664954	4.718856841530827	5.128918793253334	5.603591441797576	5.368430559339137	5.541336932640683	4.590288794981809	4.282421106621363	5.073360107828422	4.79825371022237	5.535116643540315	5.312004916070935	3.0293914607659027
5.162812924672878	4.85844289545342	4.596760076739958	4.634192007782327	5.2087078311779305	4.784154452286267	5.494682668218035	4.585576195763719	5.407909860042244	5.044665116210181	4.030219789002439	5.4580382523604225	4.52549380930112	4.3496081696201365	5.270769273514436	5.414107500239256	5.2349027839988125	5.697299004721416	4.981559141947342	4.417977884886876	5.154979841246475	5.021991296550537	5.329179345183073	5.037790476718232	2.9510086843329675
5.210204014874656	5.000185996566935	4.580810263468513	4.791520413426961	5.334548564854892	4.993016278305867	5.510593939132463	4.658813944032647	5.416667622046635	4.987509501482746	4.733024575305501	5.466735069239602	4.577046351059418	4.468766555079259	5.260078379403502	5.63761956243015	4.88522184747	5.6648412276458915	5.3025066814039805	4.356640028227355	4.856872248682921	4.961007727308532	5.325475336432702	4.938489017595638	3.34189210253917
5.435632191824681	4.986415947928632	4.5197049066179655	4.70169307236748	5.507433305704479	4.899568175223987	5.581835113484827	4.902140113299556	5.395147895327393	5.218712764381783	4.786033624490513	5.377817924547754	4.635102919944582	5.244980120395542	4.975620387151128	5.457511487770526	4.530966253293103	5.630527411623241	5.2344123670549765	3.723191276369553	4.814738489852381	5.068613496059509	5.2078470214923165	5.130679744948564	3.336351342761031
5.519650400360727	4.803092294060876	4.251947629473606	4.53956887746881	5.660328206425766	5.0329269957609855	5.609184952921	4.376602974772449	5.292138145654243	5.155136457848358	4.944444640684651	5.357196951183879	4.6381024073158565	5.011301645545394	4.753663999711985	4.949147063961504	4.594749078375556	5.709621650606582	5.124423884050994	4.1056370445941255	5.052487728628089	5.059140381232664	5.3412547539333275	5.171325160682658	4.057098756002063
5.485832461286956	4.571201528264394	4.158270740863308	4.56681287674915	5.580898419683578	4.955074486217686	5.586208550360722	4.6556009888218615	5.045945440423767	5.189302391612415	4.726585810545243	5.106186964721817	4.720268459170145	5.081363022976059	4.7955398704750545	5.218680722091737	4.401597102830538	5.735210536908105	5.051422448391287	4.197774897265247	5.05717076957433	5.033229770766615	5.159603272507371	4.9312099812912	3.698625693603882
5.5923919454199655	4.064487787049646	4.1774078791270375	4.527752105334645	5.563902226413503	5.01069337634247	5.569475273201522	4.52982434971748	5.019777729920754	5.149644477953977	4.764224315159444	4.99369505685598	4.734726989587131	5.1077415229032255	4.922594841275381	5.632531282881795	4.372475400856313	5.7422305016653565	5.008377139566952	4.045992426208587	5.307890431299854	4.791345570342608	5.334448697356358	4.866851774624641	3.190299245381583
5.448937210727255	3.972828544826225	4.044965793418633	4.542788771785695	5.487717994694472	4.8344697813593385	5.473974620211684	4.299535370019216	5.000744332045104	5.090111778492703	4.353811561249669	4.968235778641068	4.854203674884396	5.256167424482146	4.489554881208148	5.641948326522564	4.28755750396498	5.748215844604139	5.163838300151552	4.537995508485527	5.327158813770462	4.807236185476143	5.140233999158051	5.19633282509446	2.725649065396587
5.2721709188650285	3.9411985307477657	4.315760404369051	4.556306844430873	5.472312340449306	4.749190980304629	5.422478515577483	4.184051205980994	5.008714719293995	5.182137835976112	4.215320272604132	4.943145479191435	4.768575765950413	5.275911173698325	4.607498825908629	5.663424657602658	4.472638291091116	5.82947670594314	5.183727296088864	4.661257525487119	5.199228959579457	4.981745850924317	5.289671062059193	5.345712111701136	2.7092490676741203
5.372203807500873	4.190439901226317	4.592885251131792	4.614421859917641	5.453793398488779	4.66957301592991	5.379864552250051	4.28403504835424	4.834049259682645	5.234671972636071	4.052473668558765	5.092351038363019	4.802867137660743	5.146586004874383	4.822821100014297	5.553264451830017	4.793718642508198	5.6381551330711375	5.187115454239839	3.946274471443236	5.126480448225537	4.863715530046492	5.33494163974748	5.381379613286878	3.1896662118137633
5.271353640396624	4.472218224191974	4.566348367149619	4.427266114149436	5.545868254570793	4.655534925051478	5.585317019363321	4.246707102426927	4.836002018287748	5.138224924092776	4.012431060973139	5.185503721542182	4.927387020900005	5.172194005986082	4.865070095287874	5.47573958970687	5.159645353045761	5.7952812350892176	5.045917183667829	4.032362235154469	5.038046583767944	4.81011847930466	5.443120522177722	5.328175059676632	3.3168643396459148
5.335141836209735	4.869965192839377	4.762348412957457	4.732615991714866	5.505418274838912	4.682023572627447	5.444642048818783	4.608194928676385	4.894194877729931	5.003045414241702	5.256312294794814	5.23271505225368	4.717538042515324	5.1763004113871665	4.866814854756722	5.458432787460615	5.399856584950154	5.722559767968232	5.04445064103753	3.9710985465553845	5.016988544064605	4.868874454640052	5.405909277028683	5.06506049664282	3.038439051070164
5.3015495669226285	4.719639089881102	4.728919714297048	4.774438808475573	5.218406915753388	4.942473355369778	5.359937029027664	4.820095872111022	4.8021488978223665	4.923304442848511	5.444589286362951	5.281365357253521	4.810409363270231	5.007787798088223	4.860540688718836	5.5663682653413105	5.269738536153322	5.79365355404303	5.0244372663925	4.127413409060001	5.2467844801561165	5.0068570332450495	5.354473544808541	4.965719429474371	3.3688372117708356
5.390138960110136	4.710371386943002	4.81810756342225	4.655130339672821	5.484783001246167	5.17126889561611	5.355317744183908	4.805829969653295	5.197686958012726	4.4263317392137855	5.384912881012202	5.479419202644709	4.747972827492494	4.9196610352282235	4.844148999383759	5.519209743918093	5.220897073471026	5.819751496136635	4.06776076270104	4.474014556957194	5.291689528563102	5.051979961489004	5.485254818549807	4.803374006085148	3.409895408453521
5.4888028174199	4.576346371170748	4.642889109543544	4.356200623959266	5.5760251920666	5.177695176943995	5.5125107303827185	4.917988591379206	5.383253656510948	3.94502184051862	5.39144563961964	5.351404883395478	4.504603013903031	3.899855489177687	4.908284582957294	5.472089948323805	5.252670548548466	5.833359483652008	4.081862303189321	4.778858041292972	5.364237493747127	5.056338416545577	5.486866827929841	4.800497671485843	3.5432176384005034
5.569271137411652	4.455944752415346	4.763671306437135	4.391730851399705	5.6748645270395865	5.253928973688098	5.631095072488187	4.796423625856639	5.425965528712752	3.546088390122848	5.288891916733524	5.421307682207138	4.27578104845531	3.608969949531919	4.883092080301905	5.49300064343649	5.224908911681495	5.747050261852064	3.6780879084189726	4.317122035557326	5.3811509941625335	5.102662022755095	5.392616169614509	5.15675737079758	4.80608750978441
5.555446588180784	4.056857451095137	4.640742093278954	4.38934276465839	5.583454514472532	5.229045155572643	5.627255026428352	4.6656596530759415	5.486922429349665	3.5063632230360673	5.054718727290289	5.337963085160461	4.194539643268366	3.6864617380530897	5.003897417515307	5.365061332739747	5.152734577956402	5.702995366759293	3.6474741907827015	4.150836753008331	5.227505687058018	4.995961514392782	5.34257757779216	5.042213943285798	4.782692450646584
5.642569950283616	3.686662592975372	4.745118532497368	4.293155850662008	5.707930317166789	4.744567730486302	5.554053459338563	4.764875650509601	5.526386654963486	3.7457137872926074	5.156233614298448	5.25760472716858	4.345120443169328	4.39851655285474	4.983152633291732	5.556182503185994	5.166674744847755	5.65942816768185	4.734075958723614	4.116270935922229	5.205670166397097	4.99141137989836	5.3233146536212965	4.996144012745759	4.211936743231203
5.5793901439383955	3.5000191518157546	4.823747062775717	4.743740171686455	5.659061316070243	4.698989062090173	5.389494372576342	4.697058167863683	5.450646735629584	3.949200030351008	3.853487252524353	5.314767439443488	4.3322726695301474	4.840820655774753	4.910795173526713	5.6926867180502265	5.239059376767227	5.667969350778067	5.0998268241218865	4.36009973107787	5.348270245797258	4.974655296121705	5.234222089535401	4.953150643178945	3.6663097083192744
5.689206619046344	3.5907839934214074	4.612322981981372	4.730957802593282	5.516304815429432	4.848323085300796	5.32209234826332	4.782154077122914	5.425467057591294	4.192254128365539	3.6824434732325937	5.42394779433986	4.44761707741237	4.59376958795637	5.062724822882801	5.720886779322534	5.145727539569811	5.639218332180872	5.1895525714332855	4.786946174594839	5.298219150758093	5.124158606566066	5.231412617685638	5.094116437016159	3.0104821111118247
5.672865032850688	3.877832570993402	4.491828794071908	4.902300364442249	5.541150289359449	5.013288793525524	5.3817843478335705	4.78561000539667	5.413435127605213	4.679445468492352	3.429856406604547	5.622851700393012	4.52678923457423	4.656862683601493	4.9142812764809145	5.748548461800348	5.087856450052184	5.656759253431598	5.051900056146381	4.631839192875888	5.335520304937106	5.0430312484822615	5.354240912412336	5.18703881764348	2.6976996297115794
5.597961451300929	3.9702467634625553	4.3502128659661565	5.106652030463143	5.593846935519427	5.032282283157258	5.356775248103736	4.808578395510653	5.412292076039477	4.646797868813555	3.430889834362715	5.741094967417715	4.45362762760178	4.2745225032538405	4.920365328590493	5.710537660527042	4.898715169954326	5.658202631941166	4.988051480263617	4.378528913443063	5.305279046417344	5.055770415554376	5.378741954219392	5.370977026356742	2.670371149879107
5.683343779063662	3.65243791148165	4.503432819276198	5.107800211057212	5.59417176393548	5.331501202776331	5.533360731117873	4.77817023116931	5.461205368782933	4.252675872876004	3.429772856328507	5.71207423130807	4.622010240981631	4.403608740766407	5.074949644855069	5.685047288809543	4.738735323492609	5.715367101223768	4.855500455647139	4.3087439845546305	5.227503454483295	5.025647877059491	5.342223312625917	5.227892556773982	2.578628622620311
5.5858150269978735	3.7212219308093144	4.623866950885246	5.0697697949526965	5.554242242485707	5.428482423647804	5.425150854070491	4.7458502608142625	5.506473071005613	4.650358184457329	3.506707818141732	5.767519524934904	4.726571300140481	4.386353101525623	4.974899239467999	5.373569405887664	5.0304635544169445	5.709677029100799	4.731442860759967	4.320812630273579	5.274730930179313	5.003784974563741	5.313014437445683	5.26954955285715	2.9537245670435017
5.616547312937673	3.7863691187915074	4.449840926269684	5.182915190699627	5.584335484971841	5.29694433365927	5.310305922759921	4.714029224340361	5.46439274974137	4.151935788865783	4.919483269471224	5.77716909396008	4.720224680501966	4.664196457824166	5.159168873839825	5.468451493551515	5.181056861233605	5.700695766278724	4.731522576615049	4.123836672172108	5.3572144600592955	5.014132242603569	5.352993310718408	4.925362828578949	2.9075030220943443
5.635658082393934	4.07647855387185	4.334381535616878	5.014940760074313	5.639240307953017	4.862553726074947	5.361029326151304	4.652401502594978	5.4241369853834795	4.245956372877138	5.1711552249330035	5.736443481486019	4.624643704407938	4.5699949546152	5.287854551235237	5.6948989192293	5.2289062585207775	5.723536068874394	4.769388465940753	4.648071182878436	5.35058650430805	5.061817966187407	5.471956086860093	4.929747972201477	3.117159436512826
5.560122601578358	4.916528171142363	4.596393838299972	4.922761345708576	5.512122056423075	4.566123370426937	5.35621342915044	4.512792564395663	5.4319786531249985	4.238886480396672	5.083271584224881	5.760926124670283	4.5104008472654575	4.673309227523199	5.147563872226517	5.664759624792139	5.371304719487894	5.6773412680672335	4.6233953112211115	4.572662495798591	5.259071446726993	5.1489091180701	5.420799748509833	4.869456531360703	3.8320819314177283
5.585651021485538	4.911726904572458	4.451432145482896	4.964082273824198	5.457918772717011	4.64252890357339	5.392870102156163	4.623340653202033	5.534713496780168	5.014138581693772	5.1630796356524	5.749624885520934	4.608198175054982	4.620265746119692	5.100311283010513	5.640139153592433	5.398907686209737	5.725587276677377	4.746845598068982	4.604826426825013	5.180622452482999	5.1798941649498405	5.368700850671892	4.776178723274579	4.175128071254601
5.514896992154783	4.933886837473709	4.658695549951259	4.927694468227302	5.394150244855102	4.929944805067885	5.344435470639037	4.800763900666611	5.448874492080493	5.079500184869729	3.9788760912230368	5.798470890170454	4.664880766184744	4.68151056737673	5.083839257742313	5.6869497264012905	5.4295166667473005	5.778449632583808	4.746369582052951	4.849483778763384	5.292259420915431	5.068225098306678	4.923993684441724	4.722767315608662	4.247219113919144
5.645271767397335	4.2688851444587534	4.561322876044251	4.866555913690507	5.397789040101046	5.148710379853205	5.120672877836566	4.876255796760831	5.443258413903703	5.085144665302691	3.82606794638509	5.755790816401427	4.693882959773286	4.551760273561665	5.003757877146805	5.5837561443957116	5.408075215725772	5.666064043049877	4.810289106249827	4.538472261047991	5.163906085622797	4.9217463120351415	4.942203123690358	4.691569749929108	3.8167186142161555
5.530591977844343	4.057799437949987	4.617671852504345	4.735152789529823	5.471740465112747	5.042483206365398	5.065117714620825	4.854313807668265	5.481733600360118	5.142301892289384	3.7707831301124544	5.65966144413988	4.861771780468097	4.403868288031402	4.978498935465658	5.6515113057859105	5.409348192979511	5.68827960237469	4.743534675301548	4.132986881059779	4.901174983558253	4.7150077420221885	5.048350766471586	4.522263455604884	3.6957735465317736
5.488363430307245	4.263833167998382	4.762855278163557	4.616890561110368	5.504961183759002	5.226969580934977	4.981930957014776	4.830736406676839	5.396623696705192	4.900928500135327	3.584616593347527	5.629370723096712	4.958991309645744	4.617073512993986	5.056991161633285	5.646553761402441	5.349077045307308	5.658177422714717	4.833111917494323	3.780109346615442	4.894103933462403	4.147493184561538	5.079741299309555	4.622735251028984	3.556018502946814
5.652912110933508	4.415078412355757	4.865070020517708	4.700693174224911	5.610135162938449	5.256921235184714	5.052058273405821	5.0775207469519845	5.544730594554838	4.949782061574256	3.40618644979609	5.629966525431891	4.975184698856717	4.303992332430855	4.9802695284575895	5.618276229960128	5.21025899257839	5.610554324168429	5.101637787621572	3.586112803048661	4.833804899335889	4.004382961964846	4.959306914264008	5.024665641322176	3.7414050062384785
5.521031969736306	5.05037644425807	4.787147443908424	4.716559137998279	5.590280152749398	5.148669482316842	5.346714182751996	4.925412381876497	5.405353422612251	5.049203796533362	3.4248855602667634	5.565465503498298	4.8241894399088245	4.7470792496663865	5.018506386840325	5.686767434680876	5.362431828284476	5.701805823453009	4.958056455727604	3.8305610960486014	4.736603190337852	4.053644430025215	5.00726211848661	5.137252632808292	4.212205647600607
5.580134992836175	5.268952128620429	4.696446421958933	4.71765895662317	5.558280404380049	5.250854055564724	5.512294238009294	4.974114465682635	5.395519488077639	5.045836112405977	3.8860007357017046	5.569145417873247	4.230193015295046	5.020454219280282	5.223877592272412	5.659011196921447	5.436909802001949	5.722389190061751	4.291159936009804	4.227989827431382	4.890991832003538	4.2594348386226555	4.9825379718026594	5.233431217193694	4.776901128807116
5.572029775946982	4.649165303224351	4.616050539203362	4.7264874469478	5.657147880130676	5.212586129336645	5.52400371676374	4.791067870164484	5.457541400953651	5.292751014379863	4.531120578620439	5.37890760652355	3.401554181052094	4.970499043154846	5.239501444425432	5.5308362889021625	5.499262902036976	5.656296549884367	4.3239369850642815	4.282020666873222	4.726660697985842	4.5474077865236175	4.326506899676083	5.20505983421973	4.459038765716662
5.569616923433569	4.3450202605668675	4.631573263461512	4.693205981562041	5.6674650801740425	5.127271493726343	5.591863926314713	4.702210449394331	5.520397592785355	5.153378624137754	4.741566669077549	5.345158011091964	3.559193044932685	4.880931215330402	5.330988472592929	5.605360055736043	5.540768979522456	5.693673530227183	4.033120090660519	4.552027041989345	4.652170464442718	4.826794305437281	4.665890857442106	4.941986228649121	4.538308128857592
5.558623576918046	3.9387923549309782	4.7698620367763604	4.684315215927555	5.525287873154153	5.052324670614755	5.673450998589603	4.547731302426104	5.413470480376314	4.467323250281003	4.348443553934384	5.453897465191676	3.754209619945844	5.020808965314619	5.364676183254696	5.503204475233166	5.535385964979367	5.808093935406348	4.103161318677917	4.718217879743898	4.682923637288626	5.021742004819065	4.660870457466651	4.736664807728136	4.716904203643899
5.611306757093888	3.4451365754347827	4.7379123629835584	4.639518887563437	5.589646652542241	5.118165809293426	5.63773253825739	4.665360948891462	5.319139993817559	3.9006092257665586	4.344638306194026	5.331537460514177	3.7401656291908316	4.806044571455896	5.321745002796694	5.638339109124067	5.548259464616382	5.818478369217515	4.437109008768589	4.790390983877116	4.680130025973918	5.044125267997652	4.636696428843726	4.7230659283412475	4.94642126429958
5.582488793599968	3.690562124047022	4.821760638091153	4.732726250885052	5.643973870507766	5.124157897156911	5.572762691970531	4.7813154259407415	5.347505642421615	3.768696757190009	4.3705777904970615	5.547663628143418	3.904065335790202	4.830024165139608	5.102548642198429	5.281053529242196	5.408608772217315	5.793409001986345	4.8256992812278225	4.713748324989725	4.8492392037806775	5.153250674086099	4.965730281334123	4.704595028288712	4.080611189679279
5.591198242837751	3.498463680890225	4.530216187527793	4.829222486246611	5.62744089577961	5.132099093158489	5.591647323189905	5.070220312804297	5.20657594923559	3.489127992938191	4.489343667202422	5.3791461676066	4.073291499302866	4.881274278839108	5.218413517642886	5.119219754503219	5.1455225469871815	5.843842024474799	4.77193310916062	4.605121534473822	4.774578961080357	5.048158136840262	5.2678342042099855	4.916437469540209	3.2336664952089027
5.572843264727451	3.7645396123580404	4.480729258746645	4.8424132651538	5.556858526432369	5.1002080494846345	5.566757871301205	5.17691552074575	5.216140342361442	3.889676293658963	4.961380955356446	5.223715356211006	4.203673586890451	5.062936758064136	5.206837919793765	5.015126849673584	5.342211180017314	5.711718657236963	4.841778590666604	4.517110440419599	4.897549492787645	4.968691619807262	5.339569295685984	5.0891347439440855	3.063165374940097
5.555835556737862	4.172992432286073	4.5500438714342515	4.84190965443829	5.699304384973061	5.041417255091145	5.59257491840962	5.201866066603876	5.217271848530969	4.331292828634711	4.74199448020244	5.3094018767781614	4.764198929816694	5.108875072765803	5.175619815872163	5.20999821419787	5.400882082724843	5.81379805392706	4.959089232408411	4.6714147152864625	4.886688824303943	4.849089917258462	5.344784445581024	5.082778644737629	3.124436270667248
5.629654473350458	4.041404118244754	4.400887595901423	4.845622899906822	5.552075970621421	5.01798061780939	5.659582408713179	5.127047799199342	5.264314862667173	4.436638268576803	4.97217443580915	5.31948748064273	4.741803384400323	4.8437697282968735	5.304762734273961	5.6238907972751475	5.345303992451176	5.850857685248962	5.03034787261172	4.6447493054237325	4.729972951382579	5.043596721350925	5.348230592456048	5.117903526824849	4.228244315302996
5.584767413044121	4.262175169143997	4.407461691821972	4.763435093435178	5.522798343349658	4.956634017836742	5.659817205963538	4.943718152188419	5.274741751056111	4.193918489306407	5.063544910126053	5.362046471632076	4.518599187805984	4.6757585047874395	5.259563817683976	5.721282865993424	5.342352538048522	5.70304718998038	5.051100379607006	4.943364207523886	4.868279938529072	4.953212810892699	5.034473628485233	5.03393093381597	4.3218508772458435
5.575270061365209	4.206151352663701	4.494354427223491	4.788738438387421	5.641210766206661	4.939487820640634	5.623141210214353	4.546184932460884	5.345797286775065	4.455378624730942	5.129361139888108	5.589406179920911	4.371434384043884	4.318814470611546	5.167071168602033	5.7120202519778065	5.191341571982156	5.6834275434794215	4.682644351641286	4.654556291642504	4.85718657672694	5.044063788062004	4.6993214398859005	4.9791911376133955	4.627005184134791
5.612900145927538	4.7289715443703875	4.4757132371638635	4.980103567999084	5.631277576196872	5.053264885695552	5.588164481452771	4.518208710064046	5.484943214307946	4.090846068390503	5.213897166267525	5.7709183554876695	4.3074749965475485	4.140822181913026	5.143381101231811	5.579489567174123	5.290972496777483	5.663342520703623	4.703333369178322	4.239036672950683	4.831870946497537	5.209757076709631	4.850224573314474	4.952264193284667	4.366294456770844
5.533242174635386	4.8489815745362295	4.605320553995009	4.906200057080588	5.689844043437555	4.9856272107883415	5.616121971644327	4.62541794162852	5.454601239666349	3.9424376091439868	4.838043840754483	5.6720065052283735	4.70942097613176	4.085848811969819	5.218781501419792	5.6004188826347825	5.034621598346509	5.70931331964917	4.767679734467416	4.175898813919214	5.118694335946034	5.144264709951815	4.5157516527824875	4.920982957310962	3.6731844882103775
5.483378369139712	4.9161120898455195	4.7160373753782014	4.96155652181202	5.646565758477039	5.00579813292076	5.611971297339951	4.251691529507633	5.423107067105021	4.142038510436726	4.7248045784934884	5.711979501635205	4.834408473056432	3.9780292592195203	5.201236043312547	5.364925703107383	4.8784419876017076	5.771328821313216	4.659612695277342	4.231347851311584	5.29355112666632	5.0139040198938565	4.979487050038581	4.770251360219299	3.059871931592515
5.542582310373649	4.477741152541287	4.750169608329495	4.989723514575686	5.750853336690554	5.14326687403492	5.617342950341996	4.303547791554826	5.418309119596186	4.499003987326679	4.520209156485072	5.728416331545131	4.749958806737874	4.1205195767252265	5.128031362445459	5.309355027376364	4.9890434776005685	5.820705416450801	4.475756294831346	3.6588547983155255	5.138713743761169	5.124875591645323	4.973607743376963	4.494708956207946	2.6336317572169956
5.621575869332374	4.607633947928102	4.719457506930434	4.885655052896973	5.704372672559756	5.045743998159947	5.637989098938626	4.386250360983497	5.158543019355391	5.007554749391372	3.6747380217565633	5.575330067677035	4.356367802226799	4.1489072444269794	4.9188449111167865	5.482495568440839	4.763737182303933	5.837821479527178	4.523565650437648	4.171248937515194	5.207651325588626	5.104721831862611	4.925427796395259	4.426296546980338	3.041785719115986
5.64281046833517	4.804362546527993	4.574293766591989	4.859585392079162	5.7140975147477135	4.955054541195278	5.650832700015504	4.579750220828756	5.254668907989294	4.899540775847973	3.99615450691042	5.676662303204128	4.074583778932614	4.182358961904566	4.961571227610002	5.503241509731738	5.240323537081662	5.829299796681695	4.687339064155641	4.1885967619190945	4.969785855431206	5.055539468007133	5.032899742036169	4.402736834919566	3.4803788892487266
5.685742815268278	4.964536646685118	4.5206359039750925	4.696010332346092	5.690292379990165	4.914870218603173	5.721710095951184	5.0246980724823045	5.22811418635419	4.966927291865273	3.7993674413357583	5.561232434634825	3.865096468749293	4.203113512527913	5.003233822284759	5.496511785642671	4.812908527453601	5.805162650543459	4.593933466330147	4.396982265097411	4.994074785851462	5.099570896913741	5.097942296319549	4.945131518242606	3.073395029242498
5.71257070899142	5.577198818472988	4.537675201279718	4.608657134216043	5.494889126890758	4.817531728058149	5.659388408871674	4.923677817463821	5.04297894704732	4.800536925490296	3.798566708013752	5.463563720140341	3.891097052777984	4.579015440219488	5.03194061085509	5.4246606156468165	4.757616964604721	5.754378776818399	4.6515889671350825	4.881262660367299	5.086913609331161	4.986626342454256	4.958355506805857	4.95002977858414	3.413426691896759
5.659854133215829	5.543430606931299	4.586408588254554	4.611320400705613	5.560243631719957	4.864655325836599	5.595686635574377	4.81864887922471	5.136974202583226	4.522230651182489	4.7253049766091415	5.444124955183058	3.9763822604914347	4.861852403546228	5.159651312035003	5.23309039611397	4.584616642408246	5.64814169726054	4.637398579571439	4.9496956964285035	5.068507096281813	5.123203908134145	5.101418761602303	5.156296799381236	2.9919469063840936
5.655351982563411	5.4939186923994745	4.47897652436628	4.775108993200827	5.55140932236561	4.954840872996408	5.573375089190691	4.781260454045732	5.080671898862255	4.214155639883243	4.481673656890798	5.422065237559098	3.819811310508295	4.761407680910085	5.0790966805194655	5.259662517024014	4.405405652459939	5.646999358956415	4.634157964856813	5.067866293515832	5.08682854029326	4.796264934829334	5.241363128858247	5.148665976709942	3.187294378083731
5.567619756394438	5.237390462072941	4.266719004227362	4.834096708155514	5.56756021291744	4.917335931988083	5.499310394818183	4.771348265652655	5.226408106220612	3.93223249212106	4.773848384059313	5.398407888507621	4.169305717666175	4.687646234862657	5.126731557425607	5.392551739227319	4.981781865088899	5.591720755904675	4.714272282475722	5.078935480383692	5.085067793254702	4.372116441910744	5.425289925449926	5.150519482045803	4.187809305668561
5.556435073575236	5.1926076690707195	4.48294696531709	4.883306821405186	5.570435460007478	4.826560648122539	5.441050442639088	4.804180421096849	5.3048558351441955	3.923102113057013	4.79901830488339	5.5982749744244895	4.402688320324414	4.7374551563229845	5.1294956875205155	5.370694177434554	4.869784774580784	5.626675016409627	5.169226948622888	5.038818503584574	4.96102736246748	4.20243618785261	5.369896110917207	5.01855775760167	4.308880890560805
5.554906876518673	5.338007835443488	4.4304174135796295	4.806241790529538	5.5900477603623555	4.929201785311663	5.410368786604296	5.060433939489579	5.572197549559868	4.1216818942847535	4.679306365897363	5.580988099257853	4.820106708765297	4.76299731606963	5.017453074622687	5.349351456181417	4.595204673271803	5.572137115197211	5.118367941510132	4.844777511242162	4.590008374997892	4.296013400634649	5.406567028886769	5.058932030986436	4.540711524757538
5.732270783591676	5.323662567736108	4.3787858122397	4.696677355334146	5.524888099003903	5.00802071888706	5.376847030069398	4.950018928501977	5.613925571725024	4.193293050402219	4.772557272116075	5.672270922325853	4.930337638026311	4.967940791696603	5.10287110620345	5.453369475663547	4.853576755951268	5.711648554922824	5.12016353526289	4.730792111864816	4.347158382076017	4.461020979409906	5.493117584909138	4.952556231436094	5.002290021323253
5.588563488654314	5.549766641485499	4.599458625293952	4.7109629035250284	5.567081902743174	4.896244303102772	5.289764554999504	4.7750164754142315	5.5812181469720095	4.168673497250337	4.71310053947743	5.676227602202263	4.867871970958118	4.9013890418195505	5.082665476717912	5.605712883485592	4.457865332793936	5.679782645452835	5.251046084658275	4.455921623896592	4.702997203939758	5.226560618335899	5.448003743680774	4.62060845458148	4.66860933678938
5.634329620193403	5.533371620179911	4.481923947321551	4.865320623107125	5.430543821246158	5.086296552037806	5.212084679649635	4.741131630515368	5.465603202891542	4.401066901359245	4.782583236195296	5.607607839614126	4.944113890354948	4.745289450530848	5.192573321743369	5.576332315784309	4.31428384898965	5.59935782018368	5.15966980126642	4.578334343929847	5.053576986174628	5.281861796739625	4.933558277747916	4.691932742296771	4.740940519693585
5.719148671912024	5.456666796071661	4.560409756774662	4.918565434929685	5.499421670956396	4.883742353606366	5.3000943895823145	4.757611954914825	5.208465450377525	4.603671477686286	5.196173732400328	5.396275134150514	5.028531841786609	4.748241105900664	5.334854620239423	5.635775571459444	4.736118719547783	5.584415395817791	5.23481579881752	4.719910943807772	5.0716082877699025	5.464454783826281	4.905630929453432	4.647427878685471	4.973637264075884
5.738866319261933	5.430866116945675	4.609228732924879	4.97600675522921	5.490827935686133	4.4998853110863255	5.219585506789799	4.718741712105841	5.282769250591827	4.680577912977662	5.244789421628239	5.083273488312856	4.895173356871469	4.866602241714092	5.278330116744766	5.598214516051772	4.299814211739261	5.6272048845579095	5.153631033314102	4.792734125671711	5.105461697932886	5.325883160151343	4.816005122017963	4.874639651769571	4.9617806168567915
5.784092981855724	5.428082659662645	4.722278952381248	4.833326154776045	5.434108930008083	4.5822716899836955	5.315422136640944	4.8343049034017955	5.290799349236373	4.988060378417785	5.037831447415088	4.884094004063398	4.815641093329206	4.766567395207596	5.135367715828685	5.4870888112012475	4.493085248584409	5.684835862021507	5.085755310723922	5.024402955512861	5.052558160804445	5.156517419881108	4.887652031780496	5.130137229703903	3.772650075160461
5.780605397536891	5.506966144308842	4.7582601415796315	4.828122796730671	5.4955867531488725	4.593938875790845	5.2943216979628405	4.8230505533213295	5.393774675335993	5.100715591376362	4.988713858390376	4.480932191542272	4.584104689536705	4.613251035294654	4.9640089731215955	5.542794473465462	4.790825564051334	5.725250252279225	5.105419510414903	4.549653077111575	5.0810203492681145	4.95038544178427	5.224911068733139	4.995094974511455	3.224826598750008
5.5252875698441795	5.44937826814073	4.783927742003622	4.7543422511757925	5.43158452162277	4.856512653888204	5.547826118729309	4.8415992260110565	5.4900042076141515	5.032106411170903	4.734393877158006	4.2544880064545	4.307732753203694	4.531953542836771	4.890772528109082	5.384858781458041	5.007603178768608	5.634170782741853	5.049862479092312	4.113322396246899	5.099835279772022	4.473726079501708	4.974067221385866	4.8420252137497695	2.7518903869158446
5.573773782574506	5.24758386893001	4.57089233592305	4.641668477834163	5.601871971432911	4.905913828459889	5.496857996651472	4.937247333998666	5.597969756273854	4.695834673377376	4.816053862848043	4.196832180471612	3.9552200170981204	4.562292949127784	5.002994665737107	4.983428035338098	4.586742928988005	5.587778377016837	4.874799366467737	4.1033542135567185	5.193059614310042	4.561935805406221	5.10201903256229	4.780765320563121	2.8915262605985332
5.358431411841865	5.313074675986405	4.45841494359159	4.713665550905968	5.413038094700312	5.005244704603534	5.381517304303924	5.016835127104684	5.434137123546965	4.789484956864641	4.96491714705532	4.556830921264789	3.9550343850973286	4.6491254994772095	5.194921558908234	5.187389362396229	4.583113877213964	5.659708502839686	4.807533585234616	4.3423707643924745	5.0858473091691065	4.707311129347694	4.947332807390898	4.7660531174042875	3.9813177281990355
5.398056083969565	5.344209205826967	4.5573484758008895	4.835116467662358	5.424622904153095	4.929961595150707	5.497646320028931	5.064279848785417	5.44047850863072	4.4726958708639275	4.933256061212347	4.905318549456739	4.313543092547036	4.779119812533332	5.301499741829531	4.980469055865474	4.7300854506470715	5.589400272505946	4.798330580617817	4.688909419252016	5.235616724552902	4.752236579004479	4.871701701957743	4.976854322033041	4.002945682138375
5.505144461456841	4.959699101987875	4.541705240199109	4.923878824132625	5.3693523868710535	4.819657685911196	5.426176172337269	5.071864541124285	5.517168232545889	4.53444563525768	5.065965128268282	5.285509631170798	4.554631318476201	4.729638410357551	5.31379128327875	4.969000429971607	4.822414791583812	5.746875910869864	4.630810775591076	5.388492616729667	5.287076552775507	5.125431558321232	5.298746508724716	4.928005052268312	4.94037469742048
5.597376847627052	4.330969346836599	4.684707146868844	4.928425413062852	5.226240394959351	4.968225612743196	5.513685122512007	4.899870103163569	5.41918006706975	4.90875437608802	4.092435358751715	5.346945848080778	4.6280672526833815	4.738653605390724	5.422614525942107	5.388793343138085	4.974567589565711	5.743885980105001	4.608977836887245	5.393562723922492	5.176740577024635	5.416922053586504	5.381152461306823	5.031505762701333	5.171797764452978
5.641571910103714	4.179831495707646	4.630463772414618	5.0148562614090295	5.260960751962586	4.966139642671983	5.446446420387619	4.880409081366287	5.523436914948152	4.937327001196742	3.683618127468385	5.461280201516277	4.842284860228096	4.627737800167987	5.271637769104297	5.487413657220301	5.268548141802931	5.726710818196496	4.566089113640395	5.415453882351386	5.048629463693133	5.362492395047677	5.397280309949333	4.853280548441088	4.494005106304574
5.7222494448408865	4.124420872030571	4.54749252610821	4.961808958720496	5.4473127851362495	5.11085794053301	5.465191001362587	5.040499167281358	5.600445142306074	5.178918365248143	3.6669001153236778	5.512939474047632	4.92726535236698	4.529819292450897	5.256594345629449	5.566467271569428	5.296521223020524	5.8406849272526635	4.695318036154194	5.475600381731819	4.82296892598609	5.3984621464833795	5.480904118898792	4.854040725633533	4.4222323615104715
5.734175333670615	4.275845698432631	4.357313735577516	5.016316282878365	5.4593787228747	5.153103045419467	5.3752755282094835	5.046144200486667	5.625267928120146	5.30858306886083	3.64879431829086	5.544249675653349	4.874025603738654	4.713079498885148	5.211324975859309	5.644177043396481	5.190932581736153	5.780589621182462	4.692858799827207	5.372982298681627	4.608211547601579	5.255992064392877	5.502359042232727	4.7830059223637145	4.256358449831984
5.587579959786219	4.790395144560807	4.343295188260661	4.889964005061524	5.397970064502793	5.108275866784026	5.465440080251216	5.178672551220179	5.572580464977813	5.36141038955762	4.174375262522218	5.475180765566323	4.868150329779553	4.515160041237535	5.06062433226873	5.630179449655477	5.248685024322386	5.809559717496389	4.932181713293976	5.343546588117308	4.762777928178209	5.16888013311844	5.175119932795896	4.586712207686921	3.718496387231786
5.628768671130222	5.220902500981957	4.307292867268896	4.917598834967202	5.225682093566934	5.0533440458362815	5.562738879207096	5.101200538975218	5.487782912882352	5.270714611310619	4.258712376661806	5.313857931044183	4.821061678430738	4.441631954236369	5.246560450037489	5.582156035015421	5.1937282297614455	5.708628533263742	4.795590243079969	5.254469990576985	4.817336708660955	5.142741888862424	5.026305305219582	4.722551810721065	4.514871328106039
