5.550868093323592	4.516096023748805	4.833159151701888	4.918164144773108	5.507951785410353	4.908276373321641	5.462423421314682	4.976022354221234	5.439607868221778	1.184184438695587	5.52300580155921	5.090737812685372	4.986147147249342	4.738449137846735	4.918157635862295	5.532631892595083	4.864964627934296	5.681032571484868	5.456149338547282	5.244820953407576	5.567457530377877	5.311772627811433	5.493790960389866	5.641899987067959	5.31286809363261
5.492792810220623	4.967798441294358	4.79457076542739	5.12773114061074	5.564563681511542	5.210279555210497	5.495895823880938	5.133652079956141	5.461576073272074	1.3145811457067256	5.568192480324919	5.072635629975578	5.000196982980364	4.675801966040458	4.862519410201847	5.436057849970151	4.80161193758628	5.721161600332059	5.464483975620891	5.271411362814272	5.57668850429288	5.394296743683222	5.623185320313645	5.4313367879647245	5.288886453757912
5.4835300408211305	5.0596290272448945	4.731238327038866	5.040295771752018	5.638783610705822	5.254524227508061	5.524245608473695	5.3031680488264366	5.571447168679553	1.4557142840071926	5.465477078092682	4.946549168418467	4.99800994616162	4.628574081794425	4.824678725353183	5.54307085816882	4.81238584790915	5.692251459081859	5.5271695516948265	5.259590570436224	5.565536300427818	5.425588356158147	5.6083624341934435	5.411681679216332	5.280902525229649
5.422462273203221	4.970772174011014	4.731215892168207	5.100980922383135	5.560684011022762	5.209244936413673	5.52088128309156	5.211053319943605	5.525910288162025	1.5662641882185102	5.47498574995497	4.8837493192981505	5.0242433206676465	4.504857952563516	5.1253147249952145	5.630648580368369	4.809696464448932	5.672600635721006	5.516930619158776	5.034096887939609	5.663787438282791	5.483449171558996	5.6680942574455315	5.522011569366548	5.343961453341484
5.409992395881148	5.1309688927524	4.83613406342963	5.0587872685361885	5.547738910826102	4.791540824832047	5.532183136080815	5.217564253746343	5.515201414559049	1.8419438993920558	5.645062079043823	4.991787881005969	5.110494612600979	4.693963995967448	4.987467194155678	5.5718974809364425	4.547349512904779	5.6935156734284575	5.436167145864293	5.012359214962857	5.610239572059424	5.401693183797935	5.5908843081095405	5.477386083972027	5.469542560206262
5.375815948613105	5.146974477135537	4.8531016663737585	5.171789528567454	5.578336398716191	4.934549092312203	5.459413557501438	5.276053409742683	4.94031056066172	2.0059284664990336	5.514566636329731	5.07627535616418	5.118990034134058	4.757070860978775	5.103524105119743	5.52353017928801	4.563232212122767	5.687975528340791	5.38173019265066	5.019185000865325	5.566551734511812	5.354307772123524	5.414154091086767	5.472605471982409	5.468547103586482
5.401052594150942	5.076162585171075	4.8086118359947045	5.064578894034928	5.515536302909261	5.053547096087245	5.490793272629535	5.271723022459411	4.937178189107847	2.801823166459644	5.585154772622122	5.058079019812359	5.176626905641141	4.797130356994999	5.154010110359459	5.2004296922692435	4.693680363491807	5.645603572968188	5.344499205920745	5.155304100638004	5.618792315863339	5.5000164226578665	5.443641172578054	5.540987457987057	5.576707772764772
5.081176874908454	5.204943196087179	4.689591702401996	5.065847575037169	5.371891373344217	4.956475985870374	5.567739809941109	5.281740910736177	4.919951186503009	3.2295428213238693	5.579736669377548	5.14793301842926	5.317555846973003	4.777911795181205	5.007127556899478	5.176971594734293	4.648142178741975	5.620304915959212	5.506251585242378	5.468943600198496	5.653583530289185	5.414513877690462	5.397918943631303	5.286797134249463	5.66425180451551
5.2305269422779075	5.0429922202205555	4.720028697470402	5.123920544088168	5.428508752930165	4.940251854663401	5.443471635827594	5.202664288802014	5.155531638674346	2.8210905442385914	5.538836601597512	5.079217139325384	5.304417490946888	4.654015581517483	5.037758350898098	5.108709627055946	4.93663115149952	5.512067444430462	5.452454630079523	5.37899432923258	5.4616731477193605	5.371989593184853	5.367545100380767	5.354255881086114	5.50903917378635
5.1593743957789995	4.97995757481316	4.7736389162706505	4.8705690800635235	5.550449970742829	4.839072970828596	5.466018931072654	5.251474156903473	5.4222224609447345	2.8852176592937675	5.607013632096179	5.149141231341999	5.303511258515601	4.590340903863666	4.86952329208459	5.245858882324428	4.942854184578579	5.361913037465955	5.461103371081387	5.289911712220413	5.465841503104301	5.550483355123397	5.4647289240886145	5.4881711734059575	5.294316861182635
5.1095670994600635	4.997638439832016	4.794910868765932	4.7972526160461095	5.411670954512373	4.771018680734803	5.554996269663104	5.258062858980022	5.46185155787834	2.7997552107865538	5.578137549238663	5.217052497472978	5.068825858974743	4.641663462011884	4.825614140305084	5.533512394436014	4.860317565402377	5.514809394646658	5.358977309794714	5.114519860852022	5.436420205163244	5.5704073027545515	5.4606932142839995	5.446220567559643	4.917705010688514
5.457571514984316	4.91414060008444	4.87389189834997	4.885774832970423	5.491434906841895	4.818600999719667	5.601859959602157	5.127752422583467	5.468173389464936	2.8528063329110815	5.596322302553088	5.186461677877437	5.12777264603701	4.592493162158099	4.410153692858875	5.592234448415895	5.055427977454041	5.458194702714127	5.383355433368715	5.158021046922087	5.578111411892659	5.452975846067302	5.509502956789102	5.445047396319351	5.0013709853498485
5.440221943534635	5.017571332591337	4.858874696717925	4.867833579806098	5.465422951201447	4.874777463712727	5.3413727302829095	5.261010009747611	5.4059027187491075	2.3488580546633457	5.496519822290023	5.149145745761426	5.04963507745684	4.731776557479834	4.621510922326561	5.573542744621278	4.7126324059864215	5.390861863596406	5.138642109994618	5.20617692391132	5.56506317947387	5.4965702892940245	5.517826917511675	5.408490631176054	5.023351399916322
5.386131470724698	5.023124149858829	4.9440610307233825	4.951367807584379	5.478105949737481	5.07430678275116	5.358981484513258	5.358236479658266	5.448200804713812	2.499547101133073	5.293407641153457	5.09637702285269	5.104204755104226	4.907133616505391	4.555572794479049	5.592553630428598	4.7918141843509785	5.440336957418667	4.863824049792812	5.189490468263771	5.531488131636235	5.277924076181506	5.6167247068409845	5.393659926097536	4.975864669486045
5.379919084434776	5.01591375241851	5.0257744552334005	5.1049368870628316	5.427518900416779	5.0016586528135685	5.224808210971652	5.148978437858978	5.523248917601744	3.081491921487905	5.415921477955577	4.984518248507827	5.240434192556354	4.858099600348364	4.646528705553081	5.283957734755058	4.80845639485915	5.433187642630913	4.917065189854782	5.167276475952427	5.610782755603096	5.40007175921187	5.6865933286989785	5.397098754544104	5.369536535846621
4.998074675589679	5.1129955790021695	4.863337858565523	5.077931116601215	5.422092846526183	5.12304279468043	5.242259112161305	5.086471766580429	5.516851852116698	4.58315240544645	5.477596914918494	4.986625233386926	5.239473217717622	4.764680409856789	4.94019501188645	4.984402225467931	4.5449835737750055	5.5276233303074624	5.179237511948278	5.087782536323829	5.6495547060920615	5.484131675863736	5.626894214776949	5.213912312168845	5.217694004135631
4.710552640217845	5.145730821262278	4.77067405740206	4.859427547798154	5.449799090974973	5.231617842538841	5.094321147851518	4.981847130102634	5.340460107652171	4.39820940723487	5.246451383939765	5.062237423096878	5.306648905114821	4.551694199626043	5.061038289317134	4.923686475331337	4.554172084931055	5.596537629293961	5.191388785047836	4.989968169527934	5.6326316081912	5.517429571358597	5.542066455870458	5.137855205246374	5.210234019774018
4.742095212270525	5.238170579656249	4.702746967649052	4.893280392040725	5.572287811723511	5.212752176571917	5.248890677609585	5.001841302727536	5.35108877100232	3.9769554230169986	5.452578892423125	5.065490842270975	5.268550643178919	4.12971526225157	5.042267779507725	5.304597621693949	4.503037064839931	5.519096527884135	5.479236234256146	5.083010573099247	5.649301432152046	5.626617890025244	5.593349460269235	5.490727433919343	5.395031024404221
4.887033651705643	5.239197397889697	4.71900608382005	5.005639135308814	5.508655630222046	5.168846410906719	5.080435273045807	5.07730270390817	5.244314441888464	4.706254973004807	5.504029627873534	5.056177402379965	5.248746355912897	4.174264393629986	5.152841882837082	5.531846474692128	4.5932712524787584	5.478831435279616	5.3629240228491915	5.187237035372016	5.569839922655931	5.469806965359786	5.5559424892194125	5.310057466447393	5.581552497859753
5.303361149048928	5.175059124243243	4.736777282656524	5.039804279489866	5.534256590382156	5.07815443056861	5.227644039545603	5.281383909608105	5.180436397173136	5.099235716014929	5.575925539781748	5.087580600381244	5.028097323142658	4.241142428623737	5.303520126641952	5.517955777144695	4.813481324691931	5.512046151699522	5.35761929099349	5.252404240798598	5.5013847070674124	5.4345577751987495	5.565727245693202	5.449095631788337	5.463447002638273
5.548701921424121	5.0449315784047455	4.776984510721874	5.111197992723215	5.530896671310232	4.982745769446425	5.2268929926179934	5.401972373912962	5.445767825364352	5.241635316551542	5.67136328317008	5.115749238565028	4.895129264632724	4.448872946763592	5.315599629240972	5.454784126978912	4.983902475958688	5.486521801816851	5.242009922561865	5.194734399793117	5.46296131403295	5.466748028119898	5.597949587551419	5.578692284073229	5.482744942131618
5.5587180041152084	5.167824210524889	4.805548160030282	5.236913540685705	5.4392176991165435	5.13980699373146	5.182228583214933	5.254009855980293	5.411647950174567	5.040404318702621	5.387336171215705	5.101711950694707	4.654037147714375	5.003735958157531	5.267742354446064	5.213462574024317	5.061412639490963	5.56522465394717	5.213807835347662	5.061989248080656	5.587506344002882	5.36672824809512	5.532285717924726	5.472451223272771	5.584857066570322
5.288521825654816	5.312401238517875	4.811487592767027	5.09967527551845	5.387496578007287	5.229837484541061	5.176163360296414	5.292632301724401	5.363633796387325	5.049547264984995	5.515442016114128	5.046218767156075	4.554326971761522	4.998799608020964	5.397317753825949	5.179098581123953	4.830400709068771	5.514850171558586	5.117961860323627	4.986784270749429	5.495119805148856	5.149264744617293	5.563177785769059	5.147142243800808	5.5815099620759145
5.29836384493145	5.197260918279605	4.750143320275822	5.009205127971054	5.298131556223384	5.088751647186486	5.26889472449409	5.2830589190462796	5.425117845771068	4.613314451044093	5.534403330179425	5.107349066071089	4.931805560244104	4.927280762958776	5.224845483061106	5.213504429295342	4.822733576758645	5.588124367616513	5.203307217653965	4.945113914532229	5.651466637001713	5.243516121178356	5.677190888963346	4.573584295988665	5.494790956420454
5.2659836696317015	5.285863099976502	4.828981039405146	5.098308487286152	5.362485309276302	5.121648584438636	5.271248205746372	5.345198789446439	5.423373488560889	4.513690334698703	5.301551732282987	5.043117283616128	4.8388524657208345	4.8960729905157505	5.205550375335987	5.596588809988516	4.920008877725223	5.558517503186657	5.322622181294769	5.028358719204135	5.658386651978034	5.380847539949909	5.6304512210209685	4.727029968432311	5.532674377529566
5.357030959559043	5.257781863878259	4.779183350822947	5.114673510476012	5.374543864567532	5.014667710144904	5.279002678200859	5.247345497548957	5.448669223403598	4.4715359716904475	5.452614816176196	5.083063813086077	4.857794001592344	4.9267480919239635	5.0782994954284195	5.591464806980779	5.093229833392865	5.500863999782388	5.302420091725619	5.121537457220104	5.57740108240832	5.469019428272208	5.4841866405540864	4.5958812358074494	5.409375301451829
5.380145789323472	5.183698911718289	4.631827497288684	5.138064505499117	5.028315660015134	5.138248775010728	5.25613068869976	5.128551668992228	5.598055552826321	4.451811809867745	5.429754800243392	5.131719159201718	5.184705691324625	4.928255575470207	4.926154942728888	5.629828994590695	4.714268392216371	5.545585715330997	5.158349371610822	5.210805449648839	5.583478542179551	5.534419456649597	5.482022171372389	4.096440189529662	5.383394175623176
5.3664506348107786	5.237429884062506	4.575347366422179	5.130514555120529	5.225981667353651	5.213883854161211	5.42944670564335	5.029069363641055	5.529844340699274	4.3587258322617535	5.536871920959217	5.018404316287466	5.196190180862209	4.896391919933527	5.0719120755761145	5.6606775817049035	4.723885447473697	5.578295565480873	5.143192162990223	5.241199608141633	5.690605442616741	5.484301619068731	5.431215626277194	4.791104454832238	5.49215989169985
5.005649799832256	5.348129896189867	4.4470563807511905	5.125716297595337	5.188171448270073	5.233643033351837	5.4331469225462214	5.011777112345394	5.45090621918707	4.517125071776481	5.585197239797308	4.891683908800429	5.171253725009851	4.951813691216747	5.140966115802572	5.763552041859443	4.840609284330715	5.565409027268034	5.134998245660367	5.161977772261238	5.664440568816608	5.396586094455831	5.522632056556437	5.3406930040248115	5.521507481422499
5.010962782387068	5.149437326403609	4.450133403629881	5.099416455801867	5.1149466845757185	5.16906183850588	5.566508214433512	5.003456768169269	5.433037365890684	4.584073651824102	5.535355079604436	4.911212443790038	5.22733077324739	4.875018229556579	5.193217709879106	5.654190489364192	4.762807276383359	5.529383672485331	5.125042400926989	5.135756182757781	5.704068005943412	5.3894682154966596	5.671746998980847	5.1325980888658895	5.364959710688705
4.857211532653244	5.147010077266409	4.480931355629337	5.134986829384277	5.160409868419387	5.08099280963177	5.565723317157413	5.051989701850512	5.425984090181002	4.642146512272186	5.51697104914429	4.837301447266801	5.238299320317107	4.857944750849046	5.2008087458428065	5.637952864683529	5.162101768391951	5.526654417017086	5.102290211814962	5.153440406504637	5.671035396770954	5.490741932874624	5.62055126327229	5.206208921463609	5.06003136912524
4.784732363347837	4.926310745049774	4.553841911717622	5.175729549877227	5.258353733188361	5.160021673582768	5.548607055733353	5.228012367885032	5.528895455303546	4.83121534326489	5.503521050562836	4.903544592415413	5.162489221922099	4.718982499642536	5.2485340256679205	5.638729034012134	5.069690068782208	5.508193283868505	5.111226980313991	5.016023840621335	5.641522957624696	5.4504193425581136	5.5664593180053235	5.2610598908980855	4.97285577113131
5.073149659544177	4.729020053574548	4.57001267029824	5.242713801315182	5.3999320076848285	5.217764840780016	5.5055090104288755	5.177687466891661	5.511291161629784	4.722874930117467	5.461358651187241	4.579972854397311	5.2160814789175705	4.801586995079665	5.031067236168031	5.6272476092008805	4.525349729125099	5.529722882970093	5.079213237591123	4.979545129692181	5.632886303956338	5.583863753375143	5.606550767555289	5.212893209684847	5.1104053016692275
5.20531441345663	4.687033255994971	4.54408349542168	5.224611631097952	5.464387006495523	5.310491275025286	5.368165586907293	5.222286485508825	5.5081274261645135	4.702452509428883	5.5319414571266154	4.660552279462017	5.1924439296387845	4.690277564593557	4.911564404954928	5.605858886191016	3.9802658785048655	5.3600431460403	5.131697611740189	4.939915230076138	5.570789740483687	5.579067343525577	5.669840214330405	5.273212645290904	5.475597255794822
5.277437458772377	4.862649645235003	4.653846556442926	5.2532677134482855	5.585234633470371	5.456823453781267	5.029609988279468	5.204829849208702	5.488221432370738	4.95407105302778	5.478411632046273	4.841043547493426	5.158376727615327	4.828336789515044	4.997430525996624	5.66203976545409	3.935059630692879	5.337740165737887	5.287881901826292	4.933664206803046	5.506388920771765	5.5950574446583	5.663528568896589	5.205918736475098	5.627464808699522
5.379789598409447	5.038260248092461	4.63303072566574	5.098906951926382	5.634284995295575	5.357901101762526	4.818876871727012	5.149541288799012	5.449437488131507	4.9127186762495585	5.494589155162115	5.047770718489286	5.235888936383042	4.88435673237464	4.964632668930296	5.755251603127943	3.9682784954050545	5.471334229023315	5.247941160620686	4.958216910995769	5.487329668524883	5.539310049776204	5.612682241479761	5.253009084283465	5.577416067184687
5.462539359121666	5.127964704260237	4.560512844763069	5.12748032597911	5.655642124544056	5.181074644388375	4.807582798489203	5.065147220321456	5.366785846611811	4.911329230995643	5.259405077760301	5.239948053322547	5.292925199035544	4.68275512144817	5.201509866658463	5.681615808741581	4.400923325447966	5.590153522841758	5.307260276933862	5.022875933315328	5.379249844454961	5.470585529636509	5.653997329852206	5.332393436162192	5.658856355871666
5.426840455772793	4.989842534046223	4.521700489643743	5.221964856630487	5.681300666842486	5.170239858145617	4.80050360139058	5.068226258121563	5.351668194588912	4.773153648662946	5.104818143031075	5.160041511203691	5.220679482352629	4.8368928242946705	5.205715940869386	5.616661746970308	3.9309926199249476	5.699421420790361	5.187136917023266	4.97671146964992	5.377926211244844	5.327499776431055	5.615562107750303	5.264990876485345	5.735195588426245
5.396422505075422	5.155309663870176	4.512828270872835	5.194808705930828	5.5884266429183365	5.066127874081119	4.98597360889276	4.959033023425021	5.426773331111253	4.852456216844802	5.413652059606424	5.1195221383840135	5.114786158770366	4.759794501910608	5.1976282846980935	5.495937681512969	3.5846890603703114	5.748912170695922	5.237266622106395	4.9257489524112525	5.505773513699055	5.314419615842859	5.74813197761358	5.341773620791787	5.722487118809357
5.192289673828278	5.089211263743252	4.475122006767496	5.1507501367074875	5.597147637802212	5.146461095230844	5.380978477624929	4.9165455370040645	5.5231413828346305	4.120813455486273	5.4815609880398455	5.0638313738531675	5.073648878697242	4.860935966529548	5.262191469956231	5.583441056762076	3.5474098152752567	5.676364635804316	5.2156808441149085	4.936583694584858	5.527327718107683	5.437676131459001	5.607044653450343	5.461553682790812	5.6550523028550606
5.29421831066164	4.899787827721464	4.5009183185172015	5.261089814146721	5.553440514837392	5.197688356323581	5.398755846553615	5.000001770456141	5.554527823412365	4.324808221586815	5.454648982821467	5.079802158964796	5.026099156455565	4.2743816070983724	5.265097492106761	5.54275460022088	3.6927904289852425	5.651530550462411	5.109416680095254	4.97522077860031	5.618281182952839	5.331243528189644	5.676667847825638	5.400199073214145	5.61605193596555
5.447203653832854	4.863934595618104	4.734992979946447	5.233200601202592	5.398626119411586	5.095543234503377	5.10287164062901	5.075108736001295	5.49308239345398	3.9772493617959372	5.515854460950438	5.100579558978672	4.895272317047274	4.05732663369205	5.125527299939235	5.411546284321934	4.502990668807756	5.533874661345093	5.216880256401113	5.042295842338713	5.648591847690008	5.373028251940195	5.649177409385706	5.375493963602835	5.627350866018751
5.470806055166751	4.918669969120135	4.7662429466732075	5.116110763083848	5.373486730310711	4.908148350718424	4.773868001449444	5.069486988850131	5.485298316180026	3.3224441403184177	5.499774214999525	5.026168541423605	4.985709969348346	4.183123746464221	5.138895693674806	5.086932541387497	4.780516089971909	5.545146701932985	5.091396507161974	4.943547047135402	5.6102051718013115	5.59760876531103	5.579386016143056	5.29462881780343	5.494095341693514
5.512430752513377	4.867157867916801	4.746902813310065	5.1957474157637815	5.455885442242536	4.847139578732411	4.912960935541544	5.006385952830883	5.58604687264269	3.6482797921095775	5.260955702877724	4.978661358161943	5.082633341192313	4.311161531097815	4.967769587399274	5.358554682996904	4.947042060942011	5.494158962958214	4.903818750028487	4.947160977946421	5.600910692594226	5.4057470308525986	5.683716484039046	5.44059454350405	5.413486557770971
5.541852632853249	4.95875011022365	4.7782428485902075	5.274286393589223	5.43808596454977	4.843749750039164	4.978350116853729	5.055074434433618	5.529977248708671	3.264356145204407	5.4084044580296515	5.009215740990049	5.220773145527712	4.6787512216961	5.030545081280784	5.267031942627378	4.875504303794214	5.514012405151544	4.666879610795447	4.884251273310528	5.5858533114443345	5.387835711600775	5.673485274275422	5.328730452381397	5.405908502363659
5.436012532596634	4.957881553040963	4.790883841018073	5.245127171917429	5.338104928278692	5.028914648633653	5.131011474007759	4.986341920309825	5.547119952288637	3.196839944860083	5.48674982107623	5.091574477696126	5.32332739560055	5.076433825656688	4.917048963481704	5.299274506618776	4.886138500487687	5.4563930627323955	4.727819761971755	4.935211614938921	5.53708296399075	5.459104325279585	5.665753957963248	5.322489078204644	5.38912202366168
5.525185141427387	5.0532513609746825	4.7216555898342945	5.256666162608479	5.316098733481995	5.210425290181603	5.285655957618347	4.825560067637434	5.6069186360775145	3.5303895867205193	5.473350670680033	5.202596215127608	5.378514368665176	5.132201706725467	4.641489914477609	5.4534518318648475	4.983748838143327	5.433699910392841	4.93611284959804	4.940457110821444	5.610562373237066	5.31253055615209	5.647142283412634	5.439408882050428	5.384028745549509
5.484207870552111	4.933001577702858	4.610789642430467	5.290076918744141	5.256859873546119	5.180709035170712	5.300574138720812	4.842016015460001	5.604983483034482	3.2594078356037426	5.582029485531301	5.363338762825508	5.341588822631636	5.176871200317712	4.401321839206039	5.511442280749574	4.978916063789242	5.522226601625656	5.118339142355552	4.995731503715202	5.436639474012362	5.47253607858958	5.677831333881925	5.407021786383499	5.509518214982052
4.921953109087895	4.900301629427274	4.713879404626512	5.047941524038733	5.264092654366484	5.09577766781516	5.214533646073621	4.783976004755922	5.561801045334055	3.772372807306251	5.63403182903008	5.2613151418863024	5.352127468911887	5.028860009829344	4.8680652149301	5.5785211703145094	4.494233086052275	5.560378471877375	5.486047495259043	5.109322617341519	5.499342598135273	5.500904784834369	5.54840628200153	5.371670002663659	5.5710724809031715
4.642448244254671	4.9003680503518545	4.687175142252254	4.938303652679056	5.268535272640207	4.452895100581928	5.083386620095099	4.628561698753269	5.53999947637822	3.7168289825212644	5.576477590818507	5.2596229029781325	5.364945858424798	4.890898889082601	4.769292937443496	5.606336096304058	4.2173877944160765	5.493067931013907	5.564691277259898	5.065682097609898	5.498431236980345	5.451626411196779	5.449242944270856	5.40067875912603	5.583232732330207
4.620379563697061	4.84184074904221	4.5848261798138035	5.14166620206785	5.460781523249751	4.311773671915891	5.036508507064724	4.615688452517149	5.487912653110039	3.400709680866993	5.2998433296445855	5.2575655190004165	5.314367911470689	4.924817704125587	4.90320928529432	5.66104056437509	4.153710355441063	5.550265827097575	5.355064613862027	5.0771586596517855	5.354746352239324	5.522749343246331	5.386242950855032	5.2997389117588884	5.306734040454492
4.400784482113386	4.863185994893977	4.596680065392261	5.008521961639334	5.7150236364327105	4.362284991236236	5.046718645133749	4.83033961129109	5.580748923373221	3.689667717507668	5.490682646288661	5.269427476767536	5.158807770614762	5.103408828755746	5.072218465394795	5.652850506393244	4.039374883873597	5.551296291172187	5.4508982718860475	5.202162665131998	5.392201231595472	5.604128117183372	5.493889411933387	5.411090838125556	5.131951955792055
4.637700037363387	5.057259371745214	4.454138567911819	5.144671690217179	5.69644208851078	4.1551362823020614	4.990465044127637	4.838481430252641	5.557274508437584	3.4959345406563265	5.544622607782168	5.28458061100148	5.054769430083775	5.123079010034993	4.9942226197051705	5.647618086994469	4.641453504172765	5.537603687626121	5.30986100422607	5.211125913457603	5.39268578018061	5.591896551714042	5.48364132369599	5.299223035643517	5.106836030546016
4.751245912002991	4.861297805188692	4.697043815447856	5.219238999306537	5.697075298371014	4.867164906369352	5.148971706866644	4.704590774777165	5.595731086987448	3.5311326667536327	5.476344012734706	5.168436397377402	5.187897704813224	5.069776957460111	5.05032558179565	5.663623340808341	4.920073502200025	5.579974646005093	5.259892221559082	5.309088275349566	5.5382430107596745	5.448637768356208	5.524805867411207	5.565914548768437	4.945673828148643
4.618215985586799	4.810865153701578	4.710858803354064	5.143614371063457	5.663379717759228	4.9883633245796615	5.442033242304553	4.793428067042331	5.624375024952866	3.5595347474737076	5.464933064361154	5.16360507343477	5.34178960977499	4.971304758301382	4.928827457822885	5.684343185778999	5.105038179122586	5.628332560959882	5.404365484139488	5.2826236902626205	5.643965959498098	5.41581925904498	5.675498098341814	5.387678808530802	5.107727533905594
4.327994270572974	4.855935736174239	4.668178594401061	5.172985004865435	5.618646963828403	5.04414468489412	5.5030835164808405	4.99662285432113	5.53729338478227	3.4666575024417012	5.406431203010879	5.203930170376937	5.32962698518873	4.9913482375112235	5.150934733913681	5.640837307621658	5.247970576918437	5.54629875200723	5.420261468233065	5.387431785092321	5.612318213195581	5.41283726987824	5.611696883665273	5.2577186102905955	5.1367280258723085
4.40427782169299	4.956017284166345	4.645127170304118	5.21432889081288	5.615313502806455	5.124225483572638	5.386478250834539	4.929184857570843	5.569341405602144	3.690376221551279	5.438638278501481	5.262731141427422	5.372981181001531	4.944974675628665	5.197301072313501	5.630298451355774	5.239721489391406	5.540515659295015	5.333654132356869	5.231371006193321	5.6865112564988065	5.431801780907294	5.520525394269909	5.163577063861544	5.2800455512882625
4.380236473895989	4.922591389559703	4.6047912839459055	5.177072145366153	5.497782655325703	5.161237363668557	5.32961013830985	4.847462132998379	5.5671841489471845	3.582406519787553	5.5731874328797035	5.1360195827954644	5.257359681121247	5.013574219561364	5.157133864125767	5.567633783072392	5.162405583102227	5.518774363743948	5.421060670067788	5.27526995316737	5.629021230212462	5.5615749950321565	5.364758355774001	5.212603205974894	5.1481169371566065
4.926678854368079	4.934800219142259	4.4261755633729996	5.150924604252238	5.5863502017169395	5.168098490810491	5.440178690282059	4.736924478495219	5.496414905261514	3.7912330259460463	5.610193901001938	5.1705102916847965	5.3315572571259455	5.106217842448352	5.125390489811847	5.739629839966143	5.145736801587523	5.464987809563015	5.1782249571288395	5.375870690319564	5.650065034069142	5.476169683249686	5.498480529001592	5.179431024510363	5.392168173157239
5.357531651097304	5.002481745286418	4.435120712079576	5.0617987547492636	5.540644204167583	5.0000576119573	5.406159972444219	4.952270242372701	5.539154336241551	4.123178173999655	5.66810955095555	5.147520051709252	5.382952524524037	5.187954620110035	4.992946190115284	5.69969226645622	5.053375354268879	5.534355073542259	5.282092681785228	5.365036117720069	5.580218514510196	5.440926204491337	5.53254894901528	5.2381141183752105	5.401417249845906
5.624843754480369	4.9484509868674165	4.783226148482324	5.16419146651057	5.544938727426449	4.997440962390762	5.365455132913302	5.062414910526082	5.502823355782727	3.6256357753800605	5.609234006355052	5.126853857427103	5.321288143627881	5.1546032436918905	5.037684152613119	5.657514017734966	5.014339461661398	5.58833698832215	5.21812343953229	5.366822385301618	5.561971607144588	5.466789433610161	5.472235380999917	5.402169995562035	5.267623845627459
5.533984451251517	4.989029405795949	4.743367276151262	5.237281096294396	5.6483662285944485	5.00621948695129	5.307022704679196	4.980982837265229	5.577347683284888	4.09520052070388	5.551378686627387	5.282577696539879	5.297825280895255	5.043961811021278	5.1228858389065035	5.317908895392296	4.439479822362818	5.556170541231944	5.090092016926178	5.19415928340248	5.572800122281399	5.510083438678545	5.56000926611258	5.3715492935639215	5.512174427459807
5.428026617261319	5.18293991813213	4.825627307725404	5.139464451021117	5.554804136172777	5.270168400215175	5.296460410685412	4.873546828382855	5.479383841396896	3.2902105037908904	5.500714330255782	5.278403992959127	5.256368849023355	5.0076252283254705	5.197528119462264	5.058344820094389	3.64939671307738	5.613732307026644	5.151214872354825	5.115693539377623	5.601977288925434	5.242413826369765	5.577164290406806	5.346046976802824	5.523297335143973
5.563934147354268	5.158098433899293	4.809272014372588	5.163326329183349	5.5926275516262915	5.2213884528981085	5.538588639810608	4.944059008809504	5.431940732984865	3.347590406699543	5.470821756264224	5.250523429825006	5.230779558539983	4.951270982656099	5.288838224415712	5.0479908996163125	3.5670616881191126	5.623153616684103	5.082138228990204	5.117351920230847	5.614181787114335	5.234676733506749	5.502758153994132	5.234908914801368	5.533189602720765
5.438494394388821	5.165937926388341	4.720469607698504	5.275722232140315	5.560874478204915	5.25725920421088	5.640492397020286	4.975668230276823	5.468045733240084	3.3340931863905032	5.45501226258604	5.37042210758554	5.218396267667057	4.8795189827740195	5.2742067955585075	5.614584859879603	3.442108540579646	5.562211543600417	5.089837952260182	5.049174673120001	5.55024230804193	5.358839835593432	5.60887380107425	5.2405819584076205	5.478891518118741
5.411299253002114	5.044989518562409	4.743159733631603	5.1964654567773625	5.529492595518899	5.225570723378222	5.550930091407487	5.074314282031744	5.417489010372898	2.8166885892347064	5.462076537842175	5.265441812459769	5.205982482038075	4.853933781393123	5.169659761293315	5.6214139540347965	4.049875213851662	5.597605783983618	5.1676820527699	4.990251375384573	5.603732696334887	5.220180250084489	5.556329175659665	5.339543153350633	5.068239321770795
5.420491881959919	5.114797081756996	4.7168773603403995	5.099675145818627	5.556930321205405	4.936015152093403	5.590027548244168	5.207013370068478	5.349332194309712	3.2065061337648424	5.557923766966201	5.291438529218002	5.250898509688703	4.858643614543653	4.59263543875272	5.6609574319805	4.742693079073661	5.566356034722445	5.2348563343881	5.062213487138862	5.612660328311793	5.387054471262035	5.442506649348895	5.391291299960392	5.1903947951879905
5.372927466820436	4.95462586846628	4.765524856081382	5.284071566212788	5.642711587574895	4.829956481860224	5.653606333867713	5.294980731881678	5.425137370623396	3.3286857581594878	5.505227334322466	5.190748582778455	5.1676866516193805	4.754448175888805	4.483647546407483	5.714416917799941	4.867932262073963	5.529385400190073	5.379358881442884	5.168557332868814	5.535689366064583	5.420887988751491	5.465758893175987	5.4286507483218625	5.282702122982403
5.442710663593015	5.043466739242517	4.71032079208564	5.134848972363701	5.464261262314747	4.777490923485272	5.585232222542196	5.389732267448962	5.468811832502244	3.4108003019035067	5.413102096704098	5.168451009897331	5.130015040119468	4.884090874840492	4.601931244583458	5.715615519060174	4.943680371671195	5.523219795911745	5.269243503223128	5.2478458921550795	5.6412411262181195	5.363344588618562	5.595638818822747	5.433554137514382	5.0281684349103015
5.486917439364691	5.203442269363636	4.648333410974814	5.177539157431385	5.473584803379417	4.944855063056421	5.650578654318059	4.974674664291071	5.395057662627474	3.642476663683401	5.401665832463414	5.156480591259225	5.205365039329741	4.989309375404436	4.822456528215025	5.715503487767903	4.976682583407929	5.484124187379849	5.3639700179221625	5.369330654625034	5.631625796769795	5.272971372873408	5.563417022284903	5.434225601435762	5.166121384523478
5.497532068024024	5.168254026899442	4.645466916390804	5.073354816427382	5.528840442350063	4.96806253054075	5.67776848093027	4.840990434332571	5.385575158289775	3.439732551459586	5.420747237724689	5.000943709309664	5.167219134072802	5.038340659792591	4.826064438019414	5.687707978556736	4.986042983831798	5.508982354647943	5.370876223878741	5.2970780438572875	5.616684793100775	5.3170907125768645	5.360675180882982	5.532538634329374	5.224115314400725
5.518728605905507	5.338792419299692	4.59879599797499	4.990286065110556	5.461082300622552	4.850376561240636	5.592585227303443	4.875255529964695	5.438656753098403	3.630932271505198	5.533949546477307	5.082736620637456	5.28523478579608	5.043381633502967	5.066342120493886	5.716919281538328	5.009999627252636	5.56956326763055	5.390991202635113	5.137975737621955	5.583212728119422	5.415436069214011	5.443481466422384	5.507417782132849	5.357627618086628
5.38364478344092	5.111502092306029	4.602619779235055	4.996817794907226	5.480672074423226	4.850757584989758	5.551960013109349	4.7806625408841725	5.569274356782926	4.125649729606838	5.506206959656198	5.056565427509802	5.243617949148603	4.995538418421574	4.963348746564842	5.702850112671986	4.381443551071473	5.583701063321637	5.441754824418524	5.111574220339254	5.52410633301563	5.409962396186572	5.289889789738385	5.33225655946846	5.469866595987295
5.19312367198057	5.070170734118775	4.676291068559897	4.8737612999896	5.511989794115328	5.058352789320131	5.265729783167351	4.870032628308218	5.499920395341033	4.4201822829145	5.301864895821658	4.970726235345759	5.109192841770891	4.939087205705514	4.767816243021503	5.7048930624130785	4.04409960107795	5.460109649157143	5.424266861407294	5.049623827292278	5.606656903895379	5.470563305177421	5.3369359447715095	5.205766821326461	5.40256654482148
5.253509074518271	5.016765740169288	4.602033783409938	5.060639504057373	5.614045443125185	5.233619793372767	5.3808765651956945	5.038217319813638	5.332003295479925	4.990356205081534	5.139126158222721	4.638019959850825	5.134906319640418	4.891490050207169	4.821067774541536	5.789032096827783	3.8890962111423755	5.450574081970811	5.531304123759829	5.135491991541538	5.606106024848393	5.432700717989825	5.508778602983606	5.202532496824125	5.342601580108236
5.291740196899246	4.919409719935878	4.537749489839318	5.245803200264054	5.56064428304795	5.317753219177321	5.496320912609733	5.018561740393862	5.265359980537879	4.823382106621742	5.226851628780105	4.4827350342756755	5.054413314100006	4.8929308855871145	4.242746382961327	5.705711274627038	3.7535410091556356	5.477301799282095	5.347150251415597	5.131472465819562	5.590679427273177	5.58782865933073	5.520448728224597	5.15512143175209	4.932300809392353
5.342574439733297	4.9744278593873	4.565914228502823	5.00115561893364	5.551211749123167	5.3413899523587505	5.507311395600895	5.057359525739538	5.137036241545646	4.98611525145704	5.322792853068458	4.660267386227967	5.094632199438507	4.945379892740253	4.274299337183207	5.682290780976618	4.548007776343784	5.455550719224901	5.330014271306522	5.149107940532786	5.579391230780352	5.518046307669648	5.659542229742845	5.182838952097058	4.856194562604474
5.610619166178352	5.098689964827943	4.688710534055614	5.007533555276647	5.480179674358179	5.248701231268271	5.581125104719589	5.071337301099727	4.93034710531271	4.955482693183942	5.484844242005954	4.634946381159251	4.997228181498887	4.915290400042037	4.433570876590039	5.602336785550207	4.5641326678560965	5.613656161801678	5.38996016433763	5.140861839836006	5.518642162752892	5.376946209897259	5.5495290647053865	5.165655336311538	4.63537263974879
5.6563885555365925	5.208356610750773	4.7201661319201085	4.932681625382551	5.5836165074453366	5.15557124029598	5.510439498029982	5.187115240062323	5.3705171615592695	4.9677591479769605	5.391342049411408	5.0161001429947385	5.09526646133055	5.122217524754143	4.722892807551202	5.558486436540876	4.811348488582596	5.666393985202816	5.511518904199094	5.015774550528905	5.486655484303668	5.415618285777446	5.527575066255415	5.2879198871768	4.765366715153696
5.5697715396085075	5.265625376086788	4.755213592931244	4.8874096528807955	5.643607987646767	4.882465314720675	5.494097232900456	5.322958430349548	5.498906164119302	5.263144508707819	5.338156713500905	5.238680248711914	5.17742103484319	5.090506903766687	4.821772019504775	5.634325822441056	5.056681579574151	5.679784894524734	5.233565922552858	5.02842817772456	5.5140688542436695	5.481527751967806	5.508625561937837	5.247266701392007	4.999881966641034
5.49224679877663	5.320053368871651	4.613367389723904	5.077623925191698	5.626389028655852	4.878608176261663	5.48493240629081	5.305459773359121	5.578653956192234	5.1201964983549875	5.261404079207704	5.2986064208915	5.268746571068819	5.114236322070275	4.8100601926795195	5.413335188609979	4.84300115969455	5.588574131159105	5.252428277101296	4.989313800711619	5.603420291308838	5.586490960705295	5.5484112943683	5.376894439255536	5.133709517873714
5.547009890721584	5.211733945472955	4.547404513968452	5.275637753126755	5.6232711814114085	4.8332408670018205	5.507710545692435	5.1585927700465675	5.57499774267482	4.531548403997833	5.26218435686484	5.285606912595383	5.211565549962604	5.120002629908615	5.103597674902563	5.426921672571142	4.801027863620656	5.609622427623815	5.350471462784077	5.093524537124758	5.61963305601593	5.665141032372918	5.616551893781893	5.366137462811753	5.038161130919211
5.294220456397723	5.1582674395349235	4.502782642477613	5.430244170803889	5.62105445415764	5.0213827384374845	5.5257412660844665	4.943981092861643	5.454219140638919	4.234556934514739	5.3716178099249134	5.224564017268369	5.056695839833724	5.04173565750891	5.036576092554312	5.587763447321688	4.700714328594791	5.439939256161591	5.352419063815914	5.2164981123094165	5.586726469070137	5.624358707037783	5.613702919191938	5.337634474586102	4.864566989191281
4.959746727146961	5.114328118579902	4.470378621561248	5.403368957640607	5.453866296895066	5.2874034043590905	5.548311103028174	4.971712611927543	5.003949503743316	4.470425697509772	5.408928879553882	5.379552436216926	5.092019567188878	4.880697020401726	5.259081115917011	5.587754717107697	4.715123145193617	5.4620724710415764	5.45210392471075	5.161483728190507	5.559568544120179	5.683390223645625	5.546719473282082	5.299969901119907	5.196372962915962
4.945284331171455	5.179885642758586	4.7660328621342	5.09577680146571	5.439058779935056	5.163560962242143	5.486508074549368	4.964071772288756	4.92513018254354	4.617038340402492	5.512613506102895	5.186838844612344	5.1524610332514555	4.665787105911068	5.129732756067251	5.584048545562171	4.813636007649806	5.497207531355313	5.5089272256361985	5.076785078478254	5.574931108993206	5.51089520055779	5.661558238806503	5.357979249442802	5.241086306315909
4.9158093610081055	5.110817453175152	4.7176516700105715	5.079915064510702	5.275036849692914	5.250163368669081	5.565776091560933	4.835940885748508	4.886484550032041	4.947699035884417	5.4405794042828886	5.175174838921267	5.130448751270263	4.7503705064587844	5.010899065967376	5.625333463088216	5.010739691906442	5.354167156197188	5.551904992318522	5.030948783373343	5.564089458384651	5.344705887850701	5.600521206970765	5.3473930667246545	5.34297597598721
4.954998108205618	5.155493953997417	4.716153966340329	5.0505916190905955	5.143873300483256	5.089328911446366	5.6015626804871985	5.02081124502433	5.225405981180351	5.43420771924658	5.381405287020807	5.1957593110195806	5.172789992225616	4.829194310729559	5.129799519141366	5.525196998550008	5.126888972874194	5.560928133342315	5.315634841358757	5.1907284268802805	5.535197016964771	5.248984106927979	5.444164232729622	5.386236376072	5.462322541990994
4.966476222027945	5.240160408595095	4.823772898602742	5.216636291726748	5.364616444010183	5.010085688558557	5.50922363392307	5.009222275103019	5.402153240243238	5.484429309262517	5.519352269840854	5.256385110490331	5.14987211083208	4.944643279585986	5.105633072525877	5.458155134138362	5.182364816772162	5.712474059332985	5.340933176622457	5.1384944115073985	5.461329730998961	5.296365621928256	5.487406683216255	5.588539228421472	5.438104626498312
4.78238498822517	5.18064507847312	4.754215620497534	5.136652676631544	5.598482347299993	4.992008159279689	5.55563062066283	4.911915521694519	5.442313882366585	5.252081788537054	5.4800449667864655	5.270287454237735	5.237456147368708	5.304138506308966	5.109409560199428	5.549026756027933	4.962601018232617	5.658159815846038	5.194831459538139	5.092452912338744	5.4294585402355775	5.258537531582963	5.5854211729345	5.5958165691873125	5.572981089097171
4.514641169711116	5.3824567302071475	4.771263037272809	5.176654284342264	5.568836318450318	4.874904898496495	5.457633410815312	5.059223302680566	5.5962520828185625	5.111426049625436	5.430655560693033	5.296999047799586	5.351608964409822	5.294462307532899	5.147944630191113	5.754183816388959	5.065409615252167	5.5870926582542	5.1424519931394865	5.04574169168112	5.449072728060324	5.439029901673376	5.6785607987300315	5.589467535057286	5.386368546631255
4.468672858697445	5.390982193920844	4.751387616709533	5.096140516368208	5.488154944312453	4.854868822336091	5.314424720236382	5.134970077267698	5.492449455887097	4.988877422445234	5.349615603400813	5.24332220223191	5.318921132858235	5.234998982801406	5.105393642016139	5.719368972557934	5.094285858900941	5.572886530993739	5.102067149907834	4.905411518296952	5.3996380593707025	5.5087458123813775	5.694778863114057	5.564453468294286	5.284002691100566
4.417578004823828	5.327687505026317	4.82285114294345	5.055312664340286	5.548963526602246	4.892001793892568	5.468166604153447	5.1146978528666995	5.551813562029222	4.456598314821907	5.282525242533621	5.382983977870919	5.420748344559564	5.231300279155395	5.034911414539939	5.716227114173537	4.767855932780728	5.551746831781498	5.008616195857859	4.9525793735123615	5.449651889296992	5.485517547716194	5.789604621311043	5.433325626935969	5.2560743533787155
5.070829701021197	5.119483812713272	4.828040767309127	5.200660249956648	5.402994841355711	4.93192928380643	5.257797349618394	5.057126769652248	5.5378539011653745	4.740129108480403	5.395527826801662	5.318880773998749	5.348508030945269	5.173059053759035	4.925795543384199	5.554493685878251	4.795060022728588	5.5534089993934	5.157147789426054	5.041070620888026	5.540091602951785	5.356532766124136	5.772329260410779	5.261891030598606	5.329473650451206
5.460519205476901	5.1952576781754285	4.705375271633358	5.296275641165015	5.3457136127503455	4.9338163575485785	5.025038459713344	5.017824831944938	5.4279306689620315	4.307732035616902	5.40777484795633	5.29840344757428	5.228916559407945	5.192200571163482	5.028390929539691	5.399789294119831	4.685335761924109	5.562722076925008	5.39153137692986	5.139115603904244	5.521731149570688	5.4950188057503775	5.660393123244195	5.182245951514844	5.508828571458756
5.582257216065122	5.084667237280631	4.735527599499066	5.303899571150787	5.43195302090803	5.12831059829669	5.130961832817906	4.838037715417514	5.421332151362448	3.43111092138878	5.447139635077318	5.250190378804962	5.17520264435631	5.196746269448441	5.184510845041904	5.499113461116475	4.6055863595242075	5.578198790933355	5.331493523033157	5.075493124799561	5.5414568729501905	5.428686951539381	5.69747040548019	5.183418769048319	5.430571371160159
5.514591154738322	4.996089014196598	4.714693090808184	5.367200779670529	5.516894976527065	5.012608901970012	5.107144109173767	4.8345824298264395	5.461551103926041	3.8110906504670305	5.483314137635275	5.220710389653185	5.1754814342815765	5.1416423044698805	5.175183406232659	5.515255543090694	4.912678665955707	5.512499219731573	5.21762047899623	5.161040660921021	5.472854117377952	5.322168004448313	5.622087494121161	5.096559326347977	5.50369925467677
5.60898980091849	5.023703015523336	4.697706853409708	5.37140275889881	5.49818926050927	5.051942083710049	5.19503454599872	4.767537051769861	5.484580285853362	3.5444393853283143	5.465760022532119	5.165267765273621	5.122712360044158	5.035845983841012	5.172524865677652	5.490286581281618	5.018542094404109	5.452050668568811	5.184059721043951	5.042054377348255	5.4450787018435385	5.398325692922792	5.623956194245644	5.1584073321150905	5.605316295601691
5.435565692436374	5.070291768506151	4.8253383358921536	5.431607653007206	5.442100536933143	5.06369337827818	5.46360009373668	4.951563642011944	5.43263297524689	3.9814106463407737	5.513410403065903	5.111753811666272	5.064503997282111	5.006098015427164	4.83181471456501	5.628372778967345	5.127291628165947	5.559161385717928	5.2953487584055114	5.084950152153238	5.464909608500897	5.370819747407586	5.552562102511785	5.348442693897589	5.585073531168886
5.31671774867055	5.043698188418828	4.74193382878331	5.311800119160808	5.3617884047333115	4.98140871767508	5.493853342712	4.865635190205092	5.562288030910181	4.765703316937252	5.3851391569880205	4.987422517523196	5.085075481502608	4.958909983635678	4.753798293927874	5.702951098011192	4.933970049829461	5.600003603260292	5.21559893051394	5.03023054890369	5.5534161561788355	5.30165600588247	5.454966264467458	5.250601290192892	5.592221519978791
4.622274583724872	5.010405161420689	4.704983387656181	5.105851747300896	5.348241429204507	5.057575406721996	5.377308787903495	4.906511477330878	5.594249197658295	4.049176724028145	5.511427911558151	4.919936027204552	5.1132022807818895	4.984318877729509	4.782010216590647	5.596568685276937	4.906991846079534	5.5930885795403364	5.508738635125716	4.97969246442491	5.545652461851906	5.369654456789709	5.4306382364860895	5.208724439812199	5.564910903304292
